       r    i inwind      i01      i02      i03      i04      i05      i06      i07      i08      i09 
2.27e+13    0     -1 0.00e+00 0.00e+00 0.00e+00 0.00e+00 0.00e+00 0.00e+00 0.00e+00 0.00e+00 0.00e+00 
2.39e+13    1      0 1.00e-20 1.00e-20 1.00e-20 7.51e-20 8.09e-13 7.50e-07 1.00e+00 1.00e-20 1.00e-20 
2.52e+13    2      0 1.00e-20 1.00e-20 1.00e-20 5.45e-19 3.76e-12 1.78e-06 1.00e+00 1.00e-20 1.00e-20 
2.66e+13    3      0 1.00e-20 1.00e-20 1.00e-20 2.07e-18 1.03e-11 3.10e-06 1.00e+00 1.00e-20 1.00e-20 
2.81e+13    4      0 1.00e-20 1.00e-20 1.00e-20 6.31e-18 2.36e-11 4.84e-06 1.00e+00 1.00e-20 1.00e-20 
2.96e+13    5      0 1.00e-20 1.00e-20 1.00e-20 1.74e-17 4.97e-11 7.17e-06 1.00e+00 1.00e-20 1.00e-20 
3.13e+13    6      0 1.00e-20 1.00e-20 1.00e-20 4.47e-17 9.95e-11 1.03e-05 1.00e+00 1.00e-20 1.00e-20 
3.30e+13    7      0 1.00e-20 1.00e-20 1.00e-20 1.06e-16 1.86e-10 1.43e-05 1.00e+00 1.00e-20 1.00e-20 
3.48e+13    8      0 1.00e-20 1.00e-20 1.00e-20 2.39e-16 3.33e-10 1.92e-05 1.00e+00 1.00e-20 1.00e-20 
3.67e+13    9      0 1.00e-20 1.00e-20 1.00e-20 5.09e-16 5.70e-10 2.51e-05 1.00e+00 1.00e-20 1.00e-20 
3.87e+13   10      0 1.00e-20 1.00e-20 1.00e-20 1.09e-15 9.84e-10 3.32e-05 1.00e+00 1.00e-20 1.00e-20 
4.09e+13   11      0 1.00e-20 1.00e-20 1.00e-20 2.20e-15 1.62e-09 4.25e-05 1.00e+00 1.00e-20 1.00e-20 
4.31e+13   12      0 1.00e-20 1.00e-20 1.00e-20 4.34e-15 2.61e-09 5.40e-05 1.00e+00 1.00e-20 1.00e-20 
4.55e+13   13      0 1.00e-20 1.00e-20 1.00e-20 9.18e-15 4.54e-09 7.39e-05 1.00e+00 1.00e-20 1.00e-20 
4.80e+13   14      0 1.00e-20 1.00e-20 1.00e-20 1.77e-14 7.25e-09 9.36e-05 1.00e+00 1.00e-20 1.00e-20 
5.07e+13   15      0 1.00e-20 1.00e-20 1.00e-20 3.38e-14 1.16e-08 1.20e-04 1.00e+00 1.00e-20 1.00e-20 
5.34e+13   16      0 1.00e-20 1.00e-20 1.00e-20 6.65e-14 1.89e-08 1.56e-04 1.00e+00 1.00e-20 1.00e-20 
5.64e+13   17      0 1.00e-20 1.00e-20 2.19e-20 1.28e-13 3.07e-08 2.02e-04 1.00e+00 1.00e-20 1.00e-20 
5.95e+13   18      0 1.00e-20 1.00e-20 5.11e-20 2.58e-13 5.16e-08 2.70e-04 1.00e+00 1.00e-20 1.00e-20 
6.28e+13   19      0 1.00e-20 1.00e-20 1.15e-19 5.05e-13 8.52e-08 3.58e-04 1.00e+00 1.00e-20 1.00e-20 
6.62e+13   20      0 1.00e-20 1.00e-20 2.68e-19 1.03e-12 1.47e-07 4.92e-04 1.00e+00 1.00e-20 1.00e-20 
6.99e+13   21      0 1.00e-20 1.00e-20 6.33e-19 2.13e-12 2.59e-07 6.98e-04 9.99e-01 1.00e-20 1.00e-20 
7.37e+13   22      0 1.00e-20 1.00e-20 1.53e-18 4.55e-12 4.74e-07 1.03e-03 9.99e-01 1.00e-20 1.00e-20 
7.78e+13   23      0 1.00e-20 1.00e-20 3.98e-18 1.04e-11 9.36e-07 1.64e-03 9.98e-01 1.00e-20 1.00e-20 
8.20e+13   24      0 1.00e-20 1.00e-20 1.21e-17 2.84e-11 2.18e-06 3.01e-03 9.97e-01 1.00e-20 1.00e-20 
8.66e+13   25      0 1.00e-20 1.00e-20 5.31e-17 1.14e-10 7.71e-06 8.46e-03 9.92e-01 1.00e-20 1.00e-20 
9.13e+13   26      0 1.00e-20 1.00e-20 5.83e-16 1.22e-09 7.43e-05 6.43e-02 9.36e-01 1.00e-20 1.00e-20 
9.63e+13   27      0 1.00e-20 1.00e-20 6.41e-15 1.29e-08 6.89e-04 4.65e-01 5.34e-01 1.00e-20 1.00e-20 
1.02e+14   28      0 1.00e-20 1.00e-20 2.13e-14 3.97e-08 1.83e-03 9.98e-01 4.87e-10 1.00e-20 1.00e-20 
1.07e+14   29      0 1.00e-20 1.00e-20 3.26e-14 5.62e-08 2.25e-03 9.98e-01 1.25e-10 1.00e-20 1.00e-20 
1.13e+14   30      0 1.00e-20 1.00e-20 4.88e-14 7.79e-08 2.71e-03 9.91e-01 6.25e-03 1.00e-20 1.00e-20 
1.19e+14   31      0 1.00e-20 1.00e-20 8.04e-14 1.19e-07 3.58e-03 9.96e-01 9.04e-12 1.00e-20 1.00e-20 
1.26e+14   32      0 1.00e-20 1.10e-20 6.68e-13 9.24e-07 2.41e-02 9.76e-01 1.93e-12 1.00e-20 1.00e-20 
1.33e+14   33      0 1.00e-20 9.21e-20 5.41e-12 6.86e-06 1.51e-01 8.49e-01 3.63e-13 1.00e-20 1.00e-20 
1.40e+14   34      0 1.00e-20 1.58e-19 8.93e-12 1.04e-05 1.94e-01 8.06e-01 8.89e-14 1.00e-20 1.00e-20 
1.48e+14   35      0 1.00e-20 2.13e-20 1.15e-12 1.20e-06 1.85e-02 9.81e-01 2.89e-14 1.00e-20 1.00e-20 
1.56e+14   36      0 1.00e-20 1.79e-18 8.92e-11 8.13e-05 1.00e+00 2.56e-12 1.00e-20 1.00e-20 1.00e-20 
1.65e+14   37      0 1.00e-20 2.72e-18 1.27e-10 1.02e-04 1.00e+00 9.50e-13 1.00e-20 1.00e-20 1.00e-20 
1.74e+14   38      0 1.00e-20 2.04e-18 9.00e-11 6.30e-05 4.87e-01 5.13e-01 4.56e-16 1.00e-20 1.00e-20 
1.83e+14   39      0 1.00e-20 6.86e-18 2.78e-10 1.67e-04 1.00e+00 1.69e-13 1.00e-20 1.00e-20 1.00e-20 
1.93e+14   40      0 1.00e-20 1.06e-17 4.12e-10 2.16e-04 1.00e+00 4.66e-14 1.00e-20 1.00e-20 1.00e-20 
2.04e+14   41      0 1.00e-20 1.54e-17 5.41e-10 2.42e-04 8.93e-01 1.07e-01 4.26e-18 1.00e-20 1.00e-20 
2.15e+14   42      0 1.00e-20 2.72e-17 8.91e-10 3.44e-04 1.00e+00 1.28e-14 1.00e-20 1.00e-20 1.00e-20 
2.27e+14   43      0 1.00e-20 4.44e-17 1.36e-09 4.50e-04 1.00e+00 5.30e-15 1.00e-20 1.00e-20 1.00e-20 
2.40e+14   44      0 1.00e-20 7.49e-17 2.10e-09 5.86e-04 9.99e-01 3.09e-15 1.00e-20 1.00e-20 1.00e-20 
2.53e+14   45      0 1.00e-20 1.27e-16 3.35e-09 7.90e-04 9.99e-01 8.16e-16 1.00e-20 1.00e-20 1.00e-20 
2.67e+14   46      0 1.00e-20 2.25e-16 5.48e-09 1.07e-03 9.99e-01 4.01e-16 1.00e-20 1.00e-20 1.00e-20 
2.81e+14   47      0 1.00e-20 4.39e-16 9.74e-09 1.53e-03 9.98e-01 1.92e-16 1.00e-20 1.00e-20 1.00e-20 
2.97e+14   48      0 1.00e-20 8.20e-16 1.68e-08 2.15e-03 9.98e-01 5.87e-17 1.00e-20 1.00e-20 1.00e-20 
3.13e+14   49      0 1.00e-20 1.48e-15 2.76e-08 2.89e-03 9.97e-01 2.81e-17 1.00e-20 1.00e-20 1.00e-20 
3.30e+14   50      0 1.00e-20 3.24e-15 5.50e-08 4.44e-03 9.96e-01 1.11e-17 1.00e-20 1.00e-20 1.00e-20 
3.49e+14   51      0 1.00e-20 1.06e-14 1.68e-07 9.99e-03 9.90e-01 1.37e-18 1.00e-20 1.00e-20 1.00e-20 
3.68e+14   52      0 1.00e-20 2.92e-14 4.22e-07 1.81e-02 9.82e-01 4.72e-19 1.00e-20 1.00e-20 1.00e-20 
3.88e+14   53      0 1.00e-20 1.11e-13 1.47e-06 3.75e-02 9.63e-01 5.20e-20 1.00e-20 1.00e-20 1.00e-20 
4.09e+14   54      0 1.00e-20 5.83e-13 6.87e-06 8.73e-02 9.13e-01 3.81e-20 1.00e-20 1.00e-20 1.00e-20 
4.32e+14   55      0 1.59e-20 1.90e-11 2.02e-04 1.00e+00 2.13e-13 1.00e-20 1.00e-20 1.00e-20 1.00e-20 
4.56e+14   56      0 3.31e-20 4.28e-11 4.07e-04 1.00e+00 2.06e-14 1.00e-20 1.00e-20 1.00e-20 1.00e-20 
4.81e+14   57      0 5.39e-20 6.40e-11 5.46e-04 9.99e-01 2.47e-14 1.00e-20 1.00e-20 1.00e-20 1.00e-20 
5.07e+14   58      0 9.50e-20 1.08e-10 8.29e-04 9.99e-01 1.39e-14 1.00e-20 1.00e-20 1.00e-20 1.00e-20 
5.35e+14   59      0 1.64e-19 1.95e-10 1.33e-03 9.99e-01 1.58e-15 1.00e-20 1.00e-20 1.00e-20 1.00e-20 
5.65e+14   60      0 2.25e-19 2.43e-10 1.53e-03 9.98e-01 3.20e-15 1.00e-20 1.00e-20 1.00e-20 1.00e-20 
5.96e+14   61      0 4.41e-19 4.80e-10 2.73e-03 9.97e-01 6.52e-16 1.00e-20 1.00e-20 1.00e-20 1.00e-20 
6.28e+14   62      0 7.49e-19 7.88e-10 4.11e-03 9.96e-01 3.35e-16 1.00e-20 1.00e-20 1.00e-20 1.00e-20 
6.63e+14   63      0 1.23e-18 1.21e-09 5.75e-03 9.94e-01 2.22e-16 1.00e-20 1.00e-20 1.00e-20 1.00e-20 
7.00e+14   64      0 2.77e-18 2.52e-09 1.03e-02 9.90e-01 5.61e-17 1.00e-20 1.00e-20 1.00e-20 1.00e-20 
7.38e+14   65     -1 0.00e+00 0.00e+00 0.00e+00 0.00e+00 0.00e+00 0.00e+00 0.00e+00 0.00e+00 0.00e+00 
7.79e+14   66     -1 0.00e+00 0.00e+00 0.00e+00 0.00e+00 0.00e+00 0.00e+00 0.00e+00 0.00e+00 0.00e+00 
