       r    i inwind      i01      i02 
2.27e+13    0     -1 0.00e+00 0.00e+00 
2.39e+13    1      0 9.55e-11 1.00e+00 
2.52e+13    2      0 9.16e-11 1.00e+00 
2.66e+13    3      0 9.78e-11 1.00e+00 
2.81e+13    4      0 9.19e-11 1.00e+00 
2.96e+13    5      0 9.47e-11 1.00e+00 
3.13e+13    6      0 8.98e-11 1.00e+00 
3.30e+13    7      0 8.26e-11 1.00e+00 
3.48e+13    8      0 8.06e-11 1.00e+00 
3.67e+13    9      0 7.68e-11 1.00e+00 
3.87e+13   10      0 7.68e-11 1.00e+00 
4.09e+13   11      0 6.30e-11 1.00e+00 
4.31e+13   12      0 7.45e-11 1.00e+00 
4.55e+13   13      0 6.02e-11 1.00e+00 
4.80e+13   14      0 7.11e-11 1.00e+00 
5.07e+13   15      0 5.81e-11 1.00e+00 
5.34e+13   16      0 7.10e-11 1.00e+00 
5.64e+13   17      0 6.83e-11 1.00e+00 
5.95e+13   18      0 5.41e-11 1.00e+00 
6.28e+13   19      0 6.70e-11 1.00e+00 
6.62e+13   20      0 5.32e-11 1.00e+00 
6.99e+13   21      0 5.29e-11 1.00e+00 
7.37e+13   22      0 5.32e-11 1.00e+00 
7.78e+13   23      0 5.40e-11 1.00e+00 
8.20e+13   24      0 5.55e-11 1.00e+00 
8.66e+13   25      0 5.99e-11 1.00e+00 
9.13e+13   26      0 8.68e-11 1.00e+00 
9.63e+13   27      0 9.46e-11 1.00e+00 
1.02e+14   28      0 1.00e-10 1.00e+00 
1.07e+14   29      0 8.34e-11 1.00e+00 
1.13e+14   30      0 1.12e-10 1.00e+00 
1.19e+14   31      0 1.16e-10 1.00e+00 
1.26e+14   32      0 1.24e-10 1.00e+00 
1.33e+14   33      0 1.31e-10 1.00e+00 
1.40e+14   34      0 1.13e-10 1.00e+00 
1.48e+14   35      0 1.20e-10 1.00e+00 
1.56e+14   36      0 1.59e-10 1.00e+00 
1.65e+14   37      0 1.38e-10 1.00e+00 
1.74e+14   38      0 1.49e-10 1.00e+00 
1.83e+14   39      0 1.94e-10 1.00e+00 
1.93e+14   40      0 2.12e-10 1.00e+00 
2.04e+14   41      0 1.85e-10 1.00e+00 
2.15e+14   42      0 1.97e-10 1.00e+00 
2.27e+14   43      0 2.18e-10 1.00e+00 
2.40e+14   44      0 2.83e-10 1.00e+00 
2.53e+14   45      0 3.00e-10 1.00e+00 
2.67e+14   46      0 3.01e-10 1.00e+00 
2.81e+14   47      0 3.11e-10 1.00e+00 
2.97e+14   48      0 3.42e-10 1.00e+00 
3.13e+14   49      0 4.00e-10 1.00e+00 
3.30e+14   50      0 4.41e-10 1.00e+00 
3.49e+14   51      0 4.93e-10 1.00e+00 
3.68e+14   52      0 5.31e-10 1.00e+00 
3.88e+14   53      0 6.03e-10 1.00e+00 
4.09e+14   54      0 6.64e-10 1.00e+00 
4.32e+14   55      0 7.17e-10 1.00e+00 
4.56e+14   56      0 8.49e-10 1.00e+00 
4.81e+14   57      0 9.00e-10 1.00e+00 
5.07e+14   58      0 9.57e-10 1.00e+00 
5.35e+14   59      0 1.16e-09 1.00e+00 
5.65e+14   60      0 1.15e-09 1.00e+00 
5.96e+14   61      0 1.34e-09 1.00e+00 
6.28e+14   62      0 1.47e-09 1.00e+00 
6.63e+14   63      0 1.58e-09 1.00e+00 
7.00e+14   64      0 1.93e-09 1.00e+00 
7.38e+14   65     -1 0.00e+00 0.00e+00 
7.79e+14   66     -1 0.00e+00 0.00e+00 
