       r    i inwind      i01      i02      i03 
2.27e+13    0     -1 0.00e+00 0.00e+00 0.00e+00 
2.39e+13    1      0 1.00e-20 7.53e+00 2.60e+10 
2.52e+13    2      0 1.00e-20 8.05e+00 2.59e+10 
2.66e+13    3      0 1.00e-20 8.55e+00 2.57e+10 
2.81e+13    4      0 1.00e-20 9.32e+00 2.55e+10 
2.96e+13    5      0 1.00e-20 1.01e+01 2.52e+10 
3.13e+13    6      0 1.00e-20 1.09e+01 2.48e+10 
3.30e+13    7      0 1.00e-20 1.28e+01 2.44e+10 
3.48e+13    8      0 1.00e-20 1.47e+01 2.39e+10 
3.67e+13    9      0 1.00e-20 1.62e+01 2.34e+10 
3.87e+13   10      0 1.00e-20 1.81e+01 2.29e+10 
4.09e+13   11      0 1.00e-20 1.98e+01 2.23e+10 
4.31e+13   12      0 2.24e-10 2.24e+01 2.17e+10 
4.55e+13   13      0 2.90e-10 2.52e+01 2.10e+10 
4.80e+13   14      0 3.80e-10 2.90e+01 2.02e+10 
5.07e+13   15      0 4.94e-10 3.30e+01 1.94e+10 
5.34e+13   16      0 6.60e-10 3.87e+01 1.86e+10 
5.64e+13   17      0 8.38e-10 4.39e+01 1.77e+10 
5.95e+13   18      0 1.06e-09 4.96e+01 1.69e+10 
6.28e+13   19      0 1.18e-09 5.01e+01 1.60e+10 
6.62e+13   20      0 1.57e-09 5.99e+01 1.51e+10 
6.99e+13   21      0 2.04e-09 6.95e+01 1.42e+10 
7.37e+13   22      0 2.99e-09 7.99e+01 1.34e+10 
7.78e+13   23      0 3.28e-09 8.00e+01 1.26e+10 
8.20e+13   24      0 4.47e-09 9.82e+01 1.18e+10 
8.66e+13   25      0 5.74e-09 1.13e+02 1.10e+10 
9.13e+13   26      0 8.05e-09 1.37e+02 1.03e+10 
9.63e+13   27      0 1.13e-08 1.64e+02 9.58e+09 
1.02e+14   28      0 1.45e-08 1.86e+02 8.94e+09 
1.07e+14   29      0 1.77e-08 2.03e+02 8.33e+09 
1.13e+14   30      0 2.32e-08 2.35e+02 7.75e+09 
1.19e+14   31      0 2.96e-08 2.68e+02 7.22e+09 
1.26e+14   32      0 3.87e-08 3.10e+02 6.73e+09 
1.33e+14   33      0 4.91e-08 3.48e+02 6.27e+09 
1.40e+14   34      0 6.38e-08 3.96e+02 5.84e+09 
1.48e+14   35      0 8.18e-08 4.52e+02 5.45e+09 
1.56e+14   36      0 1.11e-07 5.47e+02 5.10e+09 
1.65e+14   37      0 1.45e-07 6.32e+02 4.77e+09 
1.74e+14   38      0 1.80e-07 6.97e+02 4.44e+09 
1.83e+14   39      0 2.44e-07 8.41e+02 4.13e+09 
1.93e+14   40      0 3.26e-07 1.00e+03 3.82e+09 
2.04e+14   41      0 4.01e-07 1.11e+03 3.51e+09 
2.15e+14   42      0 4.85e-07 1.21e+03 3.21e+09 
2.27e+14   43      0 6.22e-07 1.40e+03 2.94e+09 
2.40e+14   44      0 7.86e-07 1.60e+03 2.69e+09 
2.53e+14   45      0 1.07e-06 1.95e+03 2.47e+09 
2.67e+14   46      0 1.35e-06 2.21e+03 2.27e+09 
2.81e+14   47      0 1.79e-06 2.64e+03 2.08e+09 
2.97e+14   48      0 2.42e-06 3.21e+03 1.90e+09 
3.13e+14   49      0 3.16e-06 3.77e+03 1.74e+09 
3.30e+14   50      0 4.49e-06 4.81e+03 1.60e+09 
3.49e+14   51      0 6.98e-06 6.60e+03 1.47e+09 
3.68e+14   52      0 1.01e-05 8.55e+03 1.34e+09 
3.88e+14   53      0 2.05e-05 1.54e+04 1.22e+09 
4.09e+14   54      0 5.32e-05 3.64e+04 1.10e+09 
4.32e+14   55      0 2.12e-04 1.30e+05 9.94e+08 
4.56e+14   56      0 9.02e-04 4.84e+05 8.96e+08 
4.81e+14   57      0 8.09e-04 3.99e+05 7.97e+08 
5.07e+14   58      0 1.14e-03 5.13e+05 7.08e+08 
5.35e+14   59      0 3.38e-03 1.34e+06 6.20e+08 
5.65e+14   60      0 2.18e-03 8.19e+05 5.37e+08 
5.96e+14   61      0 4.22e-03 1.43e+06 4.59e+08 
6.28e+14   62      0 5.84e-03 1.84e+06 3.89e+08 
6.63e+14   63      0 6.68e-03 1.93e+06 3.28e+08 
7.00e+14   64      0 1.49e-02 3.78e+06 2.74e+08 
7.38e+14   65     -1 0.00e+00 0.00e+00 0.00e+00 
7.79e+14   66     -1 0.00e+00 0.00e+00 0.00e+00 
