       r    i inwind      i01      i02      i03      i04      i05      i06      i07      i08      i09 
2.27e+13    0     -1 0.00e+00 0.00e+00 0.00e+00 0.00e+00 0.00e+00 0.00e+00 0.00e+00 0.00e+00 0.00e+00 
2.39e+13    1      0 2.26e-12 2.26e-12 2.26e-12 1.70e-11 1.83e-04 1.70e+02 2.26e+08 2.26e-12 2.26e-12 
2.52e+13    2      0 2.25e-12 2.25e-12 2.25e-12 1.23e-10 8.47e-04 4.02e+02 2.25e+08 2.25e-12 2.25e-12 
2.66e+13    3      0 2.24e-12 2.24e-12 2.24e-12 4.64e-10 2.31e-03 6.95e+02 2.24e+08 2.24e-12 2.24e-12 
2.81e+13    4      0 2.22e-12 2.22e-12 2.22e-12 1.40e-09 5.25e-03 1.07e+03 2.22e+08 2.22e-12 2.22e-12 
2.96e+13    5      0 2.20e-12 2.20e-12 2.20e-12 3.81e-09 1.09e-02 1.57e+03 2.20e+08 2.20e-12 2.20e-12 
3.13e+13    6      0 2.16e-12 2.16e-12 2.16e-12 9.67e-09 2.15e-02 2.23e+03 2.16e+08 2.16e-12 2.16e-12 
3.30e+13    7      0 2.13e-12 2.13e-12 2.13e-12 2.26e-08 3.96e-02 3.03e+03 2.13e+08 2.13e-12 2.13e-12 
3.48e+13    8      0 2.08e-12 2.08e-12 2.08e-12 4.98e-08 6.94e-02 4.00e+03 2.08e+08 2.08e-12 2.08e-12 
3.67e+13    9      0 2.04e-12 2.04e-12 2.04e-12 1.04e-07 1.16e-01 5.12e+03 2.04e+08 2.04e-12 2.04e-12 
3.87e+13   10      0 1.99e-12 1.99e-12 1.99e-12 2.18e-07 1.96e-01 6.62e+03 1.99e+08 1.99e-12 1.99e-12 
4.09e+13   11      0 1.94e-12 1.94e-12 1.94e-12 4.28e-07 3.14e-01 8.26e+03 1.94e+08 1.94e-12 1.94e-12 
4.31e+13   12      0 1.89e-12 1.89e-12 1.89e-12 8.20e-07 4.92e-01 1.02e+04 1.89e+08 1.89e-12 1.89e-12 
4.55e+13   13      0 1.83e-12 1.83e-12 1.83e-12 1.68e-06 8.31e-01 1.35e+04 1.83e+08 1.83e-12 1.83e-12 
4.80e+13   14      0 1.76e-12 1.76e-12 1.76e-12 3.12e-06 1.28e+00 1.65e+04 1.76e+08 1.76e-12 1.76e-12 
5.07e+13   15      0 1.69e-12 1.69e-12 1.69e-12 5.72e-06 1.96e+00 2.03e+04 1.69e+08 1.69e-12 1.69e-12 
5.34e+13   16      0 1.62e-12 1.62e-12 1.62e-12 1.08e-05 3.07e+00 2.52e+04 1.62e+08 1.62e-12 1.62e-12 
5.64e+13   17      0 1.55e-12 1.55e-12 3.39e-12 1.98e-05 4.74e+00 3.12e+04 1.54e+08 1.55e-12 1.55e-12 
5.95e+13   18      0 1.47e-12 1.47e-12 7.50e-12 3.79e-05 7.57e+00 3.96e+04 1.47e+08 1.47e-12 1.47e-12 
6.28e+13   19      0 1.39e-12 1.39e-12 1.60e-11 7.03e-05 1.19e+01 4.99e+04 1.39e+08 1.39e-12 1.39e-12 
6.62e+13   20      0 1.32e-12 1.32e-12 3.52e-11 1.35e-04 1.93e+01 6.48e+04 1.32e+08 1.32e-12 1.32e-12 
6.99e+13   21      0 1.24e-12 1.24e-12 7.85e-11 2.64e-04 3.21e+01 8.65e+04 1.24e+08 1.24e-12 1.24e-12 
7.37e+13   22      0 1.17e-12 1.17e-12 1.79e-10 5.30e-04 5.53e+01 1.20e+05 1.16e+08 1.17e-12 1.17e-12 
7.78e+13   23      0 1.09e-12 1.09e-12 4.36e-10 1.14e-03 1.02e+02 1.79e+05 1.09e+08 1.09e-12 1.09e-12 
8.20e+13   24      0 1.03e-12 1.03e-12 1.24e-09 2.91e-03 2.24e+02 3.09e+05 1.02e+08 1.03e-12 1.03e-12 
8.66e+13   25      0 9.59e-13 9.59e-13 5.09e-09 1.10e-02 7.39e+02 8.11e+05 9.50e+07 9.59e-13 9.59e-13 
9.13e+13   26      0 8.95e-13 8.95e-13 5.22e-08 1.09e-01 6.65e+03 5.75e+06 8.37e+07 8.95e-13 8.95e-13 
9.63e+13   27      0 8.34e-13 8.34e-13 5.35e-07 1.08e+00 5.74e+04 3.88e+07 4.46e+07 8.34e-13 8.34e-13 
1.02e+14   28      0 7.79e-13 7.79e-13 1.66e-06 3.09e+00 1.42e+05 7.77e+07 3.79e-02 7.79e-13 7.79e-13 
1.07e+14   29      0 7.25e-13 7.25e-13 2.36e-06 4.08e+00 1.63e+05 7.24e+07 9.06e-03 7.25e-13 7.25e-13 
1.13e+14   30      0 6.75e-13 6.75e-13 3.29e-06 5.26e+00 1.83e+05 6.69e+07 4.22e+05 6.75e-13 6.75e-13 
1.19e+14   31      0 6.29e-13 6.29e-13 5.05e-06 7.48e+00 2.25e+05 6.26e+07 5.68e-04 6.29e-13 6.29e-13 
1.26e+14   32      0 5.86e-13 6.45e-13 3.91e-05 5.41e+01 1.41e+06 5.72e+07 1.13e-04 5.86e-13 5.86e-13 
1.33e+14   33      0 5.46e-13 5.03e-12 2.95e-04 3.75e+02 8.23e+06 4.63e+07 1.98e-05 5.46e-13 5.46e-13 
1.40e+14   34      0 5.09e-13 8.06e-12 4.54e-04 5.28e+02 9.87e+06 4.10e+07 4.52e-06 5.09e-13 5.09e-13 
1.48e+14   35      0 4.75e-13 1.01e-12 5.44e-05 5.69e+01 8.79e+05 4.66e+07 1.37e-06 4.75e-13 4.75e-13 
1.56e+14   36      0 4.44e-13 7.96e-11 3.96e-03 3.61e+03 4.44e+07 1.14e-04 4.44e-13 4.44e-13 4.44e-13 
1.65e+14   37      0 4.16e-13 1.13e-10 5.29e-03 4.24e+03 4.16e+07 3.95e-05 4.16e-13 4.16e-13 4.16e-13 
1.74e+14   38      0 3.87e-13 7.91e-11 3.48e-03 2.44e+03 1.89e+07 1.98e+07 1.76e-08 3.87e-13 3.87e-13 
1.83e+14   39      0 3.59e-13 2.47e-10 9.99e-03 5.99e+03 3.59e+07 6.08e-06 3.59e-13 3.59e-13 3.59e-13 
1.93e+14   40      0 3.32e-13 3.53e-10 1.37e-02 7.16e+03 3.32e+07 1.55e-06 3.32e-13 3.32e-13 3.32e-13 
2.04e+14   41      0 3.06e-13 4.69e-10 1.65e-02 7.41e+03 2.73e+07 3.26e+06 1.30e-10 3.06e-13 3.06e-13 
2.15e+14   42      0 2.80e-13 7.60e-10 2.49e-02 9.64e+03 2.80e+07 3.57e-07 2.80e-13 2.80e-13 2.80e-13 
2.27e+14   43      0 2.56e-13 1.14e-09 3.48e-02 1.15e+04 2.56e+07 1.35e-07 2.56e-13 2.56e-13 2.56e-13 
2.40e+14   44      0 2.34e-13 1.75e-09 4.92e-02 1.37e+04 2.34e+07 7.22e-08 2.34e-13 2.34e-13 2.34e-13 
2.53e+14   45      0 2.15e-13 2.72e-09 7.21e-02 1.70e+04 2.15e+07 1.75e-08 2.15e-13 2.15e-13 2.15e-13 
2.67e+14   46      0 1.98e-13 4.45e-09 1.08e-01 2.11e+04 1.97e+07 7.92e-09 1.98e-13 1.98e-13 1.98e-13 
2.81e+14   47      0 1.81e-13 7.94e-09 1.76e-01 2.77e+04 1.81e+07 3.47e-09 1.81e-13 1.81e-13 1.81e-13 
2.97e+14   48      0 1.66e-13 1.36e-08 2.79e-01 3.56e+04 1.65e+07 9.74e-10 1.66e-13 1.66e-13 1.66e-13 
3.13e+14   49      0 1.52e-13 2.25e-08 4.19e-01 4.39e+04 1.51e+07 4.26e-10 1.52e-13 1.52e-13 1.52e-13 
3.30e+14   50      0 1.40e-13 4.52e-08 7.67e-01 6.19e+04 1.39e+07 1.55e-10 1.40e-13 1.40e-13 1.40e-13 
3.49e+14   51      0 1.28e-13 1.35e-07 2.15e+00 1.28e+05 1.27e+07 1.75e-11 1.28e-13 1.28e-13 1.28e-13 
3.68e+14   52      0 1.17e-13 3.40e-07 4.93e+00 2.11e+05 1.15e+07 5.51e-12 1.17e-13 1.17e-13 1.17e-13 
3.88e+14   53      0 1.06e-13 1.17e-06 1.56e+01 3.99e+05 1.02e+07 5.53e-13 1.06e-13 1.06e-13 1.06e-13 
4.09e+14   54      0 9.59e-14 5.60e-06 6.59e+01 8.38e+05 8.75e+06 3.66e-13 9.59e-14 9.59e-14 9.59e-14 
4.32e+14   55      0 1.37e-13 1.65e-04 1.75e+03 8.66e+06 1.84e-06 8.66e-14 8.66e-14 8.66e-14 8.66e-14 
4.56e+14   56      0 2.59e-13 3.34e-04 3.18e+03 7.81e+06 1.61e-07 7.81e-14 7.81e-14 7.81e-14 7.81e-14 
4.81e+14   57      0 3.74e-13 4.45e-04 3.79e+03 6.94e+06 1.72e-07 6.95e-14 6.95e-14 6.95e-14 6.95e-14 
5.07e+14   58      0 5.86e-13 6.68e-04 5.11e+03 6.16e+06 8.58e-08 6.17e-14 6.17e-14 6.17e-14 6.17e-14 
5.35e+14   59      0 8.87e-13 1.05e-03 7.21e+03 5.41e+06 8.54e-09 5.41e-14 5.41e-14 5.41e-14 5.41e-14 
5.65e+14   60      0 1.05e-12 1.14e-03 7.17e+03 4.68e+06 1.50e-08 4.69e-14 4.69e-14 4.69e-14 4.69e-14 
5.96e+14   61      0 1.77e-12 1.93e-03 1.10e+04 4.00e+06 2.62e-09 4.01e-14 4.01e-14 4.01e-14 4.01e-14 
6.28e+14   62      0 2.55e-12 2.68e-03 1.40e+04 3.39e+06 1.14e-09 3.40e-14 3.40e-14 3.40e-14 3.40e-14 
6.63e+14   63      0 3.54e-12 3.49e-03 1.65e+04 2.86e+06 6.38e-10 2.88e-14 2.88e-14 2.88e-14 2.88e-14 
7.00e+14   64      0 6.72e-12 6.09e-03 2.50e+04 2.40e+06 1.36e-10 2.42e-14 2.42e-14 2.42e-14 2.42e-14 
7.38e+14   65     -1 0.00e+00 0.00e+00 0.00e+00 0.00e+00 0.00e+00 0.00e+00 0.00e+00 0.00e+00 0.00e+00 
7.79e+14   66     -1 0.00e+00 0.00e+00 0.00e+00 0.00e+00 0.00e+00 0.00e+00 0.00e+00 0.00e+00 0.00e+00 
