       r    i inwind      i01      i02      i03 
2.27e+13    0     -1 0.00e+00 0.00e+00 0.00e+00 
2.39e+13    1      0 3.85e-31 2.90e-10 1.00e+00 
2.52e+13    2      0 3.86e-31 3.11e-10 1.00e+00 
2.66e+13    3      0 3.89e-31 3.32e-10 1.00e+00 
2.81e+13    4      0 3.92e-31 3.66e-10 1.00e+00 
2.96e+13    5      0 3.97e-31 4.00e-10 1.00e+00 
3.13e+13    6      0 4.03e-31 4.38e-10 1.00e+00 
3.30e+13    7      0 4.10e-31 5.22e-10 1.00e+00 
3.48e+13    8      0 4.18e-31 6.14e-10 1.00e+00 
3.67e+13    9      0 4.27e-31 6.93e-10 1.00e+00 
3.87e+13   10      0 4.37e-31 7.89e-10 1.00e+00 
4.09e+13   11      0 4.48e-31 8.87e-10 1.00e+00 
4.31e+13   12      0 1.03e-20 1.03e-09 1.00e+00 
4.55e+13   13      0 1.38e-20 1.20e-09 1.00e+00 
4.80e+13   14      0 1.88e-20 1.43e-09 1.00e+00 
5.07e+13   15      0 2.54e-20 1.70e-09 1.00e+00 
5.34e+13   16      0 3.54e-20 2.08e-09 1.00e+00 
5.64e+13   17      0 4.72e-20 2.47e-09 1.00e+00 
5.95e+13   18      0 6.28e-20 2.94e-09 1.00e+00 
6.28e+13   19      0 7.37e-20 3.14e-09 1.00e+00 
6.62e+13   20      0 1.04e-19 3.97e-09 1.00e+00 
6.99e+13   21      0 1.43e-19 4.89e-09 1.00e+00 
7.37e+13   22      0 2.24e-19 5.97e-09 1.00e+00 
7.78e+13   23      0 2.61e-19 6.36e-09 1.00e+00 
8.20e+13   24      0 3.79e-19 8.34e-09 1.00e+00 
8.66e+13   25      0 5.22e-19 1.02e-08 1.00e+00 
9.13e+13   26      0 7.83e-19 1.34e-08 1.00e+00 
9.63e+13   27      0 1.18e-18 1.71e-08 1.00e+00 
1.02e+14   28      0 1.62e-18 2.08e-08 1.00e+00 
1.07e+14   29      0 2.12e-18 2.44e-08 1.00e+00 
1.13e+14   30      0 2.99e-18 3.03e-08 1.00e+00 
1.19e+14   31      0 4.10e-18 3.71e-08 1.00e+00 
1.26e+14   32      0 5.75e-18 4.60e-08 1.00e+00 
1.33e+14   33      0 7.83e-18 5.55e-08 1.00e+00 
1.40e+14   34      0 1.09e-17 6.77e-08 1.00e+00 
1.48e+14   35      0 1.50e-17 8.29e-08 1.00e+00 
1.56e+14   36      0 2.18e-17 1.07e-07 1.00e+00 
1.65e+14   37      0 3.04e-17 1.32e-07 1.00e+00 
1.74e+14   38      0 4.05e-17 1.57e-07 1.00e+00 
1.83e+14   39      0 5.91e-17 2.04e-07 1.00e+00 
1.93e+14   40      0 8.55e-17 2.62e-07 1.00e+00 
2.04e+14   41      0 1.14e-16 3.16e-07 1.00e+00 
2.15e+14   42      0 1.51e-16 3.76e-07 1.00e+00 
2.27e+14   43      0 2.12e-16 4.78e-07 1.00e+00 
2.40e+14   44      0 2.93e-16 5.97e-07 1.00e+00 
2.53e+14   45      0 4.35e-16 7.92e-07 1.00e+00 
2.67e+14   46      0 5.94e-16 9.74e-07 1.00e+00 
2.81e+14   47      0 8.62e-16 1.27e-06 1.00e+00 
2.97e+14   48      0 1.27e-15 1.68e-06 1.00e+00 
3.13e+14   49      0 1.81e-15 2.16e-06 1.00e+00 
3.30e+14   50      0 2.80e-15 3.00e-06 1.00e+00 
3.49e+14   51      0 4.75e-15 4.49e-06 1.00e+00 
3.68e+14   52      0 7.51e-15 6.38e-06 1.00e+00 
3.88e+14   53      0 1.68e-14 1.26e-05 1.00e+00 
4.09e+14   54      0 4.83e-14 3.31e-05 1.00e+00 
4.32e+14   55      0 2.14e-13 1.31e-04 1.00e+00 
4.56e+14   56      0 1.01e-12 5.40e-04 9.99e-01 
4.81e+14   57      0 1.01e-12 5.00e-04 9.99e-01 
5.07e+14   58      0 1.62e-12 7.25e-04 9.99e-01 
5.35e+14   59      0 5.44e-12 2.16e-03 9.98e-01 
5.65e+14   60      0 4.04e-12 1.52e-03 9.98e-01 
5.96e+14   61      0 9.15e-12 3.10e-03 9.97e-01 
6.28e+14   62      0 1.50e-11 4.70e-03 9.95e-01 
6.63e+14   63      0 2.02e-11 5.83e-03 9.94e-01 
7.00e+14   64      0 5.38e-11 1.36e-02 9.86e-01 
7.38e+14   65     -1 0.00e+00 0.00e+00 0.00e+00 
7.79e+14   66     -1 0.00e+00 0.00e+00 0.00e+00 
