        r    i inwind converge       v_x       v_y       v_z       vol       rho        ne       t_e       t_r         w  ave_freq         j   lum_tot  heat_tot heat_comp heat_line   heat_ff heat_phot heat_auge  cool_tot cool_comp lum_lines   cool_dr    lum_ff   cool_rr cool_adia heat_shoc heat_line heat_phot 
2.268e+13    0     -1        0  1.44e+10  0.00e+00  0.00e+00  0.00e+00  0.00e+00  0.00e+00  0.00e+00  0.00e+00  0.00e+00  0.00e+00  0.00e+00  0.00e+00  0.00e+00  0.00e+00  0.00e+00  0.00e+00  0.00e+00  0.00e+00  0.00e+00  0.00e+00  0.00e+00  0.00e+00  0.00e+00  0.00e+00  0.00e+00  0.00e+00  0.00e+00  0.00e+00 
2.392e+13    1      0        0  1.45e+10  0.00e+00  0.00e+00  1.14e+40  6.23e-13  3.19e+11  1.33e+05  1.46e+05  1.41e+00  1.17e+16  1.16e+16  1.94e+39  3.39e+40  2.91e+40  4.45e+35  1.92e+39  7.20e+38  0.00e+00  3.39e+40  3.18e+40  3.47e+35  0.00e+00  9.69e+38  9.68e+38  1.80e+38  0.00e+00  2.32e+35  6.57e+38 
2.524e+13    2      0        0  1.45e+10  0.00e+00  0.00e+00  1.34e+40  6.21e-13  3.18e+11  1.25e+05  1.33e+05  1.69e+00  1.06e+16  9.63e+15  2.22e+39  3.15e+40  2.59e+40  7.94e+35  2.50e+39  8.14e+38  0.00e+00  3.15e+40  2.90e+40  5.85e+35  0.00e+00  1.09e+39  1.13e+39  1.83e+38  0.00e+00  2.79e+35  7.43e+38 
2.663e+13    3      0        0  1.46e+10  0.00e+00  0.00e+00  1.58e+40  6.17e-13  3.16e+11  1.21e+05  1.26e+05  1.83e+00  1.01e+16  8.28e+15  2.55e+39  3.09e+40  2.46e+40  1.26e+36  3.08e+39  9.09e+38  0.00e+00  3.09e+40  2.81e+40  9.72e+35  0.00e+00  1.24e+39  1.31e+39  1.90e+38  0.00e+00  2.51e+35  8.29e+38 
2.810e+13    4      0        0  1.45e+10  0.00e+00  0.00e+00  1.85e+40  6.12e-13  3.13e+11  1.18e+05  1.20e+05  1.93e+00  9.58e+15  7.20e+15  2.92e+39  3.09e+40  2.37e+40  2.13e+36  3.71e+39  1.05e+39  0.00e+00  3.09e+40  2.77e+40  1.53e+36  0.00e+00  1.41e+39  1.51e+39  2.01e+38  0.00e+00  2.91e+35  9.59e+38 
2.964e+13    5      0        0  1.45e+10  0.00e+00  0.00e+00  2.17e+40  6.05e-13  3.10e+11  1.15e+05  1.15e+05  2.00e+00  9.17e+15  6.30e+15  3.33e+39  3.11e+40  2.30e+40  3.33e+36  4.38e+39  1.15e+39  0.00e+00  3.11e+40  2.75e+40  2.40e+36  0.00e+00  1.60e+39  1.73e+39  2.06e+38  0.00e+00  3.23e+35  1.05e+39 
3.127e+13    6      0        0  1.43e+10  0.00e+00  0.00e+00  2.54e+40  5.96e-13  3.05e+11  1.13e+05  1.10e+05  2.07e+00  8.81e+15  5.53e+15  3.77e+39  3.14e+40  2.25e+40  5.22e+36  5.06e+39  1.29e+39  0.00e+00  3.15e+40  2.74e+40  3.73e+36  0.00e+00  1.80e+39  1.96e+39  2.11e+38  0.00e+00  3.66e+35  1.17e+39 
3.299e+13    7      0        0  1.42e+10  0.00e+00  0.00e+00  2.97e+40  5.86e-13  3.00e+11  1.12e+05  1.06e+05  2.12e+00  8.48e+15  4.86e+15  4.24e+39  3.20e+40  2.20e+40  7.83e+36  5.85e+39  1.44e+39  0.00e+00  3.19e+40  2.74e+40  5.68e+36  0.00e+00  2.02e+39  2.22e+39  2.16e+38  0.00e+00  3.78e+35  1.30e+39 
3.481e+13    8      0        0  1.40e+10  0.00e+00  0.00e+00  3.47e+40  5.74e-13  2.94e+11  1.11e+05  1.02e+05  2.17e+00  8.17e+15  4.30e+15  4.75e+39  3.25e+40  2.15e+40  1.14e+37  6.66e+39  1.57e+39  0.00e+00  3.25e+40  2.75e+40  8.48e+36  0.00e+00  2.25e+39  2.49e+39  2.16e+38  0.00e+00  3.94e+35  1.41e+39 
3.673e+13    9      0        0  1.37e+10  0.00e+00  0.00e+00  4.05e+40  5.62e-13  2.88e+11  1.10e+05  9.89e+04  2.21e+00  7.89e+15  3.80e+15  5.30e+39  3.32e+40  2.11e+40  1.64e+37  7.46e+39  1.71e+39  0.00e+00  3.32e+40  2.76e+40  1.24e+37  0.00e+00  2.51e+39  2.78e+39  2.16e+38  0.00e+00  4.43e+35  1.53e+39 
3.875e+13   10      0        0  1.33e+10  0.00e+00  0.00e+00  4.73e+40  5.49e-13  2.81e+11  1.10e+05  9.56e+04  2.24e+00  7.63e+15  3.37e+15  5.90e+39  3.39e+40  2.08e+40  2.31e+37  8.29e+39  1.87e+39  0.00e+00  3.39e+40  2.77e+40  1.84e+37  0.00e+00  2.78e+39  3.10e+39  2.14e+38  0.00e+00  4.71e+35  1.68e+39 
4.088e+13   11      0        0  1.29e+10  0.00e+00  0.00e+00  5.51e+40  5.35e-13  2.74e+11  1.09e+05  9.26e+04  2.26e+00  7.39e+15  2.99e+15  6.54e+39  3.48e+40  2.05e+40  3.28e+37  9.20e+39  2.08e+39  0.00e+00  3.47e+40  2.79e+40  2.64e+37  0.00e+00  3.08e+39  3.43e+39  2.15e+38  0.00e+00  6.04e+35  1.86e+39 
4.313e+13   12      0        0  1.25e+10  0.00e+00  0.00e+00  6.43e+40  5.20e-13  2.66e+11  1.09e+05  8.97e+04  2.28e+00  7.16e+15  2.66e+15  7.21e+39  3.55e+40  2.01e+40  4.55e+37  1.01e+40  2.22e+39  0.00e+00  3.55e+40  2.79e+40  3.78e+37  0.00e+00  3.39e+39  3.78e+39  2.13e+38  0.00e+00  5.10e+35  1.98e+39 
4.551e+13   13      0        0  1.21e+10  0.00e+00  0.00e+00  7.50e+40  5.04e-13  2.58e+11  1.08e+05  8.70e+04  2.28e+00  6.95e+15  2.36e+15  7.88e+39  3.61e+40  1.97e+40  6.20e+37  1.09e+40  2.42e+39  0.00e+00  3.61e+40  2.78e+40  5.73e+37  0.00e+00  3.69e+39  4.13e+39  2.08e+38  0.00e+00  6.95e+35  2.16e+39 
4.801e+13   14      0        0  1.17e+10  0.00e+00  0.00e+00  8.75e+40  4.85e-13  2.49e+11  1.07e+05  8.45e+04  2.28e+00  6.74e+15  2.09e+15  8.54e+39  3.64e+40  1.92e+40  8.63e+37  1.16e+40  2.52e+39  0.00e+00  3.65e+40  2.76e+40  8.02e+37  0.00e+00  3.98e+39  4.48e+39  2.09e+38  0.00e+00  6.10e+35  2.23e+39 
5.065e+13   15      0        0  1.12e+10  0.00e+00  0.00e+00  1.02e+41  4.66e-13  2.39e+11  1.07e+05  8.21e+04  2.27e+00  6.55e+15  1.86e+15  9.20e+39  3.69e+40  1.87e+40  1.26e+38  1.23e+40  2.72e+39  0.00e+00  3.69e+40  2.73e+40  1.12e+38  0.00e+00  4.27e+39  4.82e+39  2.03e+38  0.00e+00  8.24e+35  2.39e+39 
5.344e+13   16      0        0  1.08e+10  0.00e+00  0.00e+00  1.19e+41  4.47e-13  2.29e+11  1.06e+05  7.97e+04  2.26e+00  6.37e+15  1.65e+15  9.87e+39  3.71e+40  1.81e+40  1.69e+38  1.30e+40  2.86e+39  0.00e+00  3.71e+40  2.68e+40  1.60e+38  0.00e+00  4.55e+39  5.16e+39  2.04e+38  0.00e+00  8.06e+35  2.50e+39 
5.638e+13   17      0        0  1.04e+10  0.00e+00  0.00e+00  1.39e+41  4.26e-13  2.18e+11  1.05e+05  7.75e+04  2.24e+00  6.19e+15  1.46e+15  1.05e+40  3.71e+40  1.74e+40  2.30e+38  1.35e+40  3.00e+39  0.00e+00  3.71e+40  2.62e+40  2.24e+38  0.00e+00  4.80e+39  5.47e+39  2.06e+38  0.00e+00  6.74e+35  2.62e+39 
5.949e+13   18      0        0  9.97e+09  0.00e+00  0.00e+00  1.63e+41  4.04e-13  2.07e+11  1.04e+05  7.54e+04  2.22e+00  6.02e+15  1.29e+15  1.11e+40  3.70e+40  1.67e+40  3.11e+38  1.40e+40  3.17e+39  0.00e+00  3.70e+40  2.54e+40  3.21e+38  0.00e+00  5.04e+39  5.77e+39  2.01e+38  0.00e+00  9.11e+35  2.79e+39 
6.276e+13   19      0        0  9.58e+09  0.00e+00  0.00e+00  1.90e+41  3.84e-13  1.96e+11  1.02e+05  7.34e+04  2.19e+00  5.86e+15  1.14e+15  1.18e+40  3.69e+40  1.61e+40  4.17e+38  1.43e+40  3.32e+39  0.00e+00  3.68e+40  2.46e+40  4.55e+38  0.00e+00  5.25e+39  6.06e+39  1.99e+38  0.00e+00  6.79e+35  2.91e+39 
6.621e+13   20      0        0  9.20e+09  0.00e+00  0.00e+00  2.22e+41  3.62e-13  1.86e+11  1.01e+05  7.14e+04  2.15e+00  5.70e+15  1.01e+15  1.24e+40  3.65e+40  1.53e+40  5.38e+38  1.46e+40  3.38e+39  0.00e+00  3.66e+40  2.37e+40  6.61e+38  0.00e+00  5.44e+39  6.33e+39  1.96e+38  0.00e+00  9.91e+35  2.98e+39 
6.986e+13   21      0        0  8.84e+09  0.00e+00  0.00e+00  2.60e+41  3.42e-13  1.75e+11  9.90e+04  6.96e+04  2.10e+00  5.56e+15  8.91e+14  1.31e+40  3.63e+40  1.46e+40  7.61e+38  1.48e+40  3.61e+39  0.00e+00  3.62e+40  2.26e+40  9.82e+38  0.00e+00  5.58e+39  6.56e+39  1.92e+38  0.00e+00  1.07e+36  3.21e+39 
7.370e+13   22      0        0  8.49e+09  0.00e+00  0.00e+00  3.04e+41  3.21e-13  1.64e+11  9.70e+04  6.79e+04  2.05e+00  5.42e+15  7.85e+14  1.40e+40  3.61e+40  1.39e+40  1.18e+39  1.49e+40  3.78e+39  0.00e+00  3.60e+40  2.15e+40  1.51e+39  0.00e+00  5.71e+39  6.79e+39  1.86e+38  0.00e+00  1.10e+36  3.36e+39 
7.776e+13   23      0        0  8.15e+09  0.00e+00  0.00e+00  3.56e+41  3.02e-13  1.54e+11  9.45e+04  6.63e+04  1.99e+00  5.29e+15  6.92e+14  1.53e+40  3.64e+40  1.31e+40  1.93e+39  1.51e+40  3.99e+39  0.00e+00  3.60e+40  2.03e+40  2.47e+39  0.00e+00  5.80e+39  6.99e+39  1.80e+38  0.00e+00  1.15e+36  3.55e+39 
8.204e+13   24      0        0  7.82e+09  0.00e+00  0.00e+00  4.17e+41  2.82e-13  1.45e+11  9.05e+04  6.47e+04  1.93e+00  5.17e+15  6.09e+14  1.75e+40  3.78e+40  1.24e+40  3.84e+39  1.54e+40  4.12e+39  0.00e+00  3.68e+40  1.88e+40  4.56e+39  0.00e+00  5.81e+39  7.16e+39  1.74e+38  0.00e+00  1.23e+36  3.69e+39 
8.656e+13   25      0        0  7.52e+09  0.00e+00  0.00e+00  4.89e+41  2.64e-13  1.35e+11  8.39e+04  6.32e+04  1.86e+00  5.05e+15  5.35e+14  2.52e+40  4.53e+40  1.17e+40  1.11e+40  1.64e+40  4.32e+39  0.00e+00  4.24e+40  1.67e+40  1.23e+40  0.00e+00  5.68e+39  7.29e+39  1.61e+38  0.00e+00  1.41e+36  3.96e+39 
9.132e+13   26      0        0  7.23e+09  0.00e+00  0.00e+00  5.73e+41  2.46e-13  1.26e+11  7.36e+04  6.17e+04  1.79e+00  4.93e+15  4.69e+14  9.34e+40  9.21e+40  1.10e+40  5.69e+40  1.80e+40  4.50e+39  0.00e+00  1.08e+41  1.41e+40  8.07e+40  0.00e+00  5.36e+39  7.37e+39  1.43e+38  0.00e+00  1.23e+36  4.26e+39 
9.635e+13   27      0        0  6.95e+09  0.00e+00  0.00e+00  6.71e+41  2.30e-13  1.18e+11  6.65e+04  6.04e+04  1.72e+00  4.82e+15  4.11e+14  4.86e+41  9.29e+41  1.03e+40  8.91e+41  1.93e+40  6.24e+39  0.00e+00  4.99e+41  1.22e+40  4.74e+41  0.00e+00  5.12e+39  7.46e+39  1.30e+38  0.00e+00  1.44e+36  4.64e+39 
1.017e+14   28      0        0  6.70e+09  0.00e+00  0.00e+00  7.86e+41  2.14e-13  1.10e+11  6.31e+04  5.90e+04  1.64e+00  4.71e+15  3.60e+14  8.81e+41  8.91e+41  9.67e+39  8.54e+41  1.96e+40  5.72e+39  0.00e+00  8.92e+41  1.11e+40  8.68e+41  0.00e+00  5.04e+39  7.60e+39  1.22e+38  0.00e+00  1.61e+36  5.01e+39 
1.072e+14   29      0        0  6.45e+09  0.00e+00  0.00e+00  9.22e+41  2.00e-13  1.02e+11  6.01e+04  5.78e+04  1.56e+00  4.61e+15  3.15e+14  8.32e+41  8.43e+41  9.06e+39  8.08e+41  1.97e+40  5.71e+39  0.00e+00  8.42e+41  1.01e+40  8.19e+41  0.00e+00  4.97e+39  7.68e+39  1.18e+38  0.00e+00  2.41e+36  5.41e+39 
1.131e+14   30      0        0  6.22e+09  0.00e+00  0.00e+00  1.08e+42  1.86e-13  9.51e+10  5.74e+04  5.66e+04  1.49e+00  4.52e+15  2.76e+14  7.83e+41  7.95e+41  8.48e+39  7.60e+41  1.95e+40  5.82e+39  0.00e+00  7.92e+41  9.17e+39  7.70e+41  0.00e+00  4.90e+39  7.75e+39  1.16e+38  0.00e+00  1.78e+36  5.70e+39 
1.194e+14   31      0        0  6.01e+09  0.00e+00  0.00e+00  1.27e+42  1.73e-13  8.86e+10  5.49e+04  5.55e+04  1.41e+00  4.43e+15  2.41e+14  7.43e+41  7.54e+41  7.94e+39  7.19e+41  1.94e+40  5.97e+39  0.00e+00  7.52e+41  8.37e+39  7.30e+41  0.00e+00  4.85e+39  7.84e+39  1.12e+38  0.00e+00  1.89e+36  5.92e+39 
1.259e+14   32      0        0  5.82e+09  0.00e+00  0.00e+00  1.49e+42  1.61e-13  8.26e+10  5.23e+04  5.43e+04  1.33e+00  4.34e+15  2.10e+14  6.87e+41  6.97e+41  7.43e+39  6.63e+41  1.92e+40  6.28e+39  0.00e+00  6.95e+41  7.60e+39  6.74e+41  0.00e+00  4.79e+39  7.94e+39  1.09e+38  0.00e+00  2.14e+36  6.23e+39 
1.329e+14   33      0        0  5.64e+09  0.00e+00  0.00e+00  1.74e+42  1.50e-13  7.69e+10  4.99e+04  5.32e+04  1.26e+00  4.25e+15  1.82e+14  6.04e+41  5.27e+41  6.91e+39  4.93e+41  1.89e+40  7.90e+39  0.00e+00  6.12e+41  6.88e+39  5.91e+41  0.00e+00  4.73e+39  8.07e+39  1.09e+38  0.00e+00  2.34e+36  6.47e+39 
1.402e+14   34      0        0  5.49e+09  0.00e+00  0.00e+00  2.05e+42  1.40e-13  7.17e+10  4.79e+04  5.22e+04  1.19e+00  4.17e+15  1.59e+14  5.54e+41  6.10e+41  6.46e+39  5.77e+41  1.86e+40  7.23e+39  0.00e+00  5.61e+41  6.29e+39  5.41e+41  0.00e+00  4.70e+39  8.19e+39  1.08e+38  0.00e+00  3.46e+36  7.19e+39 
1.479e+14   35      0        0  5.34e+09  0.00e+00  0.00e+00  2.40e+42  1.31e-13  6.69e+10  4.62e+04  5.11e+04  1.12e+00  4.08e+15  1.38e+14  5.66e+41  4.76e+41  6.02e+39  4.43e+41  1.81e+40  8.71e+39  0.00e+00  5.73e+41  5.76e+39  5.53e+41  0.00e+00  4.69e+39  8.26e+39  1.07e+38  0.00e+00  3.79e+36  7.62e+39 
1.561e+14   36      0        0  5.21e+09  0.00e+00  0.00e+00  2.82e+42  1.22e-13  6.25e+10  4.50e+04  5.01e+04  1.05e+00  4.00e+15  1.19e+14  1.84e+41  1.91e+41  5.61e+39  1.57e+41  1.75e+40  1.06e+40  0.00e+00  1.90e+41  5.34e+39  1.71e+41  0.00e+00  4.71e+39  8.82e+39  1.09e+38  0.00e+00  2.96e+36  7.52e+39 
1.646e+14   37      0        0  5.10e+09  0.00e+00  0.00e+00  3.31e+42  1.15e-13  5.86e+10  4.35e+04  4.91e+04  9.86e-01  3.92e+15  1.03e+14  1.64e+41  1.72e+41  5.23e+39  1.38e+41  1.70e+40  1.11e+40  0.00e+00  1.70e+41  4.91e+39  1.50e+41  0.00e+00  4.74e+39  9.02e+39  1.07e+38  0.00e+00  4.55e+36  8.19e+39 
1.737e+14   38      0        0  4.99e+09  0.00e+00  0.00e+00  3.88e+42  1.07e-13  5.45e+10  4.21e+04  4.81e+04  9.21e-01  3.84e+15  8.93e+13  3.52e+41  2.94e+41  4.85e+39  2.62e+41  1.62e+40  1.01e+40  0.00e+00  3.57e+41  4.48e+39  3.38e+41  0.00e+00  4.73e+39  8.92e+39  1.08e+38  0.00e+00  4.82e+36  8.51e+39 
1.833e+14   39      0        0  4.89e+09  0.00e+00  0.00e+00  4.56e+42  9.90e-14  5.06e+10  4.11e+04  4.72e+04  8.60e-01  3.77e+15  7.70e+13  1.32e+41  1.40e+41  4.47e+39  1.09e+41  1.53e+40  1.08e+40  0.00e+00  1.36e+41  4.12e+39  1.18e+41  0.00e+00  4.70e+39  9.18e+39  1.13e+38  0.00e+00  3.58e+36  8.50e+39 
1.934e+14   40      0        0  4.81e+09  0.00e+00  0.00e+00  5.35e+42  9.15e-14  4.68e+10  3.95e+04  4.63e+04  7.99e-01  3.70e+15  6.63e+13  1.10e+41  1.99e+41  4.10e+39  1.70e+41  1.43e+40  1.03e+40  0.00e+00  1.15e+41  3.70e+39  9.65e+40  0.00e+00  4.59e+39  9.15e+39  1.06e+38  0.00e+00  3.77e+36  8.83e+39 
2.040e+14   41      0        0  4.73e+09  0.00e+00  0.00e+00  6.28e+42  8.42e-14  4.31e+10  3.90e+04  4.55e+04  7.39e-01  3.63e+15  5.69e+13  1.44e+41  1.08e+41  3.73e+39  8.02e+40  1.32e+40  1.05e+40  0.00e+00  1.48e+41  3.38e+39  1.31e+41  0.00e+00  4.52e+39  9.02e+39  1.09e+38  0.00e+00  6.12e+36  8.84e+39 
2.152e+14   42      0        0  4.66e+09  0.00e+00  0.00e+00  7.37e+42  7.71e-14  3.94e+10  3.80e+04  4.46e+04  6.84e-01  3.56e+15  4.89e+13  9.03e+40  9.47e+40  3.39e+39  6.85e+40  1.20e+40  1.05e+40  0.00e+00  9.40e+40  3.05e+39  7.70e+40  0.00e+00  4.37e+39  8.87e+39  1.07e+38  0.00e+00  6.25e+36  9.18e+39 
2.271e+14   43      0        0  4.59e+09  0.00e+00  0.00e+00  8.65e+42  7.04e-14  3.60e+10  3.71e+04  4.39e+04  6.29e-01  3.50e+15  4.20e+13  7.86e+40  8.43e+40  3.06e+39  6.03e+40  1.08e+40  9.93e+39  0.00e+00  8.20e+40  2.74e+39  6.57e+40  0.00e+00  4.21e+39  8.64e+39  1.07e+38  0.00e+00  6.51e+36  8.95e+39 
2.396e+14   44      0        0  4.54e+09  0.00e+00  0.00e+00  1.02e+43  6.44e-14  3.29e+10  3.65e+04  4.31e+04  5.78e-01  3.44e+15  3.61e+13  7.19e+40  7.52e+40  2.78e+39  5.30e+40  9.67e+39  9.57e+39  0.00e+00  7.51e+40  2.49e+39  5.93e+40  0.00e+00  4.10e+39  8.47e+39  1.15e+38  0.00e+00  4.22e+36  8.95e+39 
2.528e+14   45      0        0  4.51e+09  0.00e+00  0.00e+00  1.19e+43  5.92e-14  3.03e+10  3.52e+04  4.24e+04  5.33e-01  3.38e+15  3.10e+13  6.00e+40  6.27e+40  2.53e+39  4.16e+40  8.96e+39  9.41e+39  0.00e+00  6.29e+40  2.22e+39  4.77e+40  0.00e+00  3.96e+39  8.34e+39  1.02e+38  0.00e+00  4.75e+36  8.90e+39 
2.667e+14   46      0        0  4.45e+09  0.00e+00  0.00e+00  1.40e+43  5.44e-14  2.78e+10  3.46e+04  4.17e+04  4.86e-01  3.33e+15  2.66e+13  5.43e+40  5.69e+40  2.31e+39  3.69e+40  8.09e+39  9.47e+39  0.00e+00  5.70e+40  2.02e+39  4.22e+40  0.00e+00  3.87e+39  8.23e+39  1.08e+38  0.00e+00  5.03e+36  9.20e+39 
2.813e+14   47      0        0  4.42e+09  0.00e+00  0.00e+00  1.64e+43  4.98e-14  2.55e+10  3.39e+04  4.11e+04  4.45e-01  3.28e+15  2.28e+13  4.89e+40  5.11e+40  2.09e+39  3.25e+40  7.26e+39  9.09e+39  0.00e+00  5.14e+40  1.82e+39  3.70e+40  0.00e+00  3.76e+39  8.07e+39  1.12e+38  0.00e+00  6.08e+36  8.89e+39 
2.968e+14   48      0        0  4.40e+09  0.00e+00  0.00e+00  1.93e+43  4.57e-14  2.34e+10  3.29e+04  4.04e+04  4.05e-01  3.23e+15  1.95e+13  4.19e+40  4.39e+40  1.90e+39  2.61e+40  6.58e+39  9.28e+39  0.00e+00  4.42e+40  1.63e+39  3.03e+40  0.00e+00  3.64e+39  7.92e+39  1.05e+38  0.00e+00  6.12e+36  9.18e+39 
3.132e+14   49      0        0  4.36e+09  0.00e+00  0.00e+00  2.27e+43  4.18e-14  2.14e+10  3.23e+04  3.99e+04  3.66e-01  3.18e+15  1.67e+13  3.79e+40  4.00e+40  1.73e+39  2.27e+40  5.86e+39  9.67e+39  0.00e+00  4.00e+40  1.47e+39  2.66e+40  0.00e+00  3.54e+39  7.76e+39  1.09e+38  0.00e+00  5.10e+36  9.42e+39 
3.304e+14   50      0        0  4.35e+09  0.00e+00  0.00e+00  2.66e+43  3.84e-14  1.97e+10  3.16e+04  3.93e+04  3.30e-01  3.14e+15  1.43e+13  3.40e+40  3.58e+40  1.57e+39  1.92e+40  5.24e+39  9.71e+39  0.00e+00  3.60e+40  1.33e+39  2.29e+40  0.00e+00  3.45e+39  7.66e+39  1.08e+38  0.00e+00  5.14e+36  9.65e+39 
3.486e+14   51      0        1  4.33e+09  0.00e+00  0.00e+00  3.13e+43  3.53e-14  1.80e+10  3.01e+04  3.89e+04  2.96e-01  3.10e+15  1.22e+13  2.72e+40  3.24e+40  1.42e+39  1.58e+40  4.89e+39  1.02e+40  0.00e+00  2.91e+40  1.16e+39  1.65e+40  0.00e+00  3.30e+39  7.49e+39  9.88e+37  0.00e+00  5.50e+36  1.02e+40 
3.678e+14   52      0        1  4.28e+09  0.00e+00  0.00e+00  3.67e+43  3.21e-14  1.64e+10  2.93e+04  3.84e+04  2.63e-01  3.07e+15  1.03e+13  2.44e+40  3.28e+40  1.28e+39  1.65e+40  4.31e+39  1.06e+40  0.00e+00  2.61e+40  1.03e+39  1.40e+40  0.00e+00  3.16e+39  7.27e+39  1.08e+38  0.00e+00  5.83e+36  1.04e+40 
3.880e+14   53      0        0  4.29e+09  0.00e+00  0.00e+00  4.31e+43  2.93e-14  1.50e+10  2.80e+04  3.79e+04  2.34e-01  3.03e+15  8.73e+12  2.03e+40  5.88e+40  1.14e+39  4.28e+40  3.78e+39  1.10e+40  0.00e+00  2.19e+40  8.89e+38  1.03e+40  0.00e+00  2.98e+39  7.01e+39  1.03e+38  0.00e+00  5.99e+36  1.05e+40 
4.094e+14   54      0        0  4.28e+09  0.00e+00  0.00e+00  5.06e+43  2.64e-14  1.35e+10  2.78e+04  3.74e+04  2.08e-01  2.99e+15  7.35e+12  2.08e+40  3.09e+40  1.01e+39  1.57e+40  3.19e+39  1.09e+40  0.00e+00  2.22e+40  7.88e+38  1.13e+40  0.00e+00  2.83e+39  6.69e+39  9.42e+37  0.00e+00  5.76e+36  1.08e+40 
4.319e+14   55      0        0  4.24e+09  0.00e+00  0.00e+00  5.95e+43  2.39e-14  1.22e+10  2.69e+04  3.70e+04  1.82e-01  2.96e+15  6.19e+12  4.21e+40  4.43e+40  8.89e+38  3.19e+40  2.71e+39  8.78e+39  0.00e+00  4.34e+40  6.81e+38  3.32e+40  0.00e+00  2.64e+39  6.30e+39  1.07e+38  0.00e+00  7.01e+36  8.67e+39 
4.557e+14   56      0        0  4.28e+09  0.00e+00  0.00e+00  6.98e+43  2.15e-14  1.10e+10  2.52e+04  3.66e+04  1.60e-01  2.92e+15  5.17e+12  2.84e+40  2.95e+40  7.77e+38  1.83e+40  2.39e+39  8.05e+39  0.00e+00  2.95e+40  5.64e+38  2.00e+40  0.00e+00  2.40e+39  5.92e+39  8.24e+37  0.00e+00  6.90e+36  8.03e+39 
4.808e+14   57      0        0  4.22e+09  0.00e+00  0.00e+00  8.20e+43  1.91e-14  9.77e+09  2.53e+04  3.63e+04  1.38e-01  2.90e+15  4.32e+12  2.69e+40  2.79e+40  6.73e+38  1.80e+40  1.87e+39  7.29e+39  0.00e+00  2.79e+40  4.94e+38  1.91e+40  0.00e+00  2.24e+39  5.51e+39  9.64e+37  0.00e+00  6.31e+36  7.26e+39 
5.072e+14   58      0        0  4.24e+09  0.00e+00  0.00e+00  9.63e+43  1.70e-14  8.68e+09  2.49e+04  3.60e+04  1.18e-01  2.88e+15  3.58e+12  2.28e+40  2.38e+40  5.77e+38  1.47e+40  1.50e+39  6.94e+39  0.00e+00  2.38e+40  4.21e+38  1.57e+40  0.00e+00  2.05e+39  5.08e+39  1.01e+38  0.00e+00  7.30e+36  6.92e+39 
5.351e+14   59      0        0  4.29e+09  0.00e+00  0.00e+00  1.13e+44  1.49e-14  7.62e+09  2.35e+04  3.57e+04  1.01e-01  2.85e+15  2.95e+12  1.55e+40  1.61e+40  4.84e+38  7.46e+39  1.21e+39  6.98e+39  0.00e+00  1.63e+40  3.37e+38  9.21e+39  0.00e+00  1.77e+39  4.53e+39  7.23e+37  0.00e+00  5.63e+36  6.96e+39 
5.646e+14   60      0        0  4.22e+09  0.00e+00  0.00e+00  1.33e+44  1.29e-14  6.60e+09  2.40e+04  3.55e+04  8.46e-02  2.83e+15  2.42e+12  1.47e+40  1.55e+40  4.03e+38  8.30e+39  8.72e+38  5.95e+39  0.00e+00  1.55e+40  2.87e+38  9.15e+39  0.00e+00  1.58e+39  4.01e+39  1.01e+38  0.00e+00  5.41e+36  5.93e+39 
5.957e+14   61      0        0  4.33e+09  0.00e+00  0.00e+00  1.56e+44  1.11e-14  5.65e+09  2.30e+04  3.52e+04  7.10e-02  2.81e+15  1.96e+12  1.04e+40  1.11e+40  3.24e+38  4.51e+39  6.50e+38  5.59e+39  0.00e+00  1.10e+40  2.24e+38  5.68e+39  0.00e+00  1.32e+39  3.42e+39  7.86e+37  0.00e+00  4.40e+36  5.58e+39 
6.285e+14   62      0        0  4.34e+09  0.00e+00  0.00e+00  1.83e+44  9.37e-15  4.79e+09  2.26e+04  3.49e+04  5.85e-02  2.79e+15  1.57e+12  8.10e+39  8.61e+39  2.58e+38  3.04e+39  4.55e+38  4.86e+39  0.00e+00  8.61e+39  1.76e+38  4.12e+39  0.00e+00  1.10e+39  2.88e+39  7.42e+37  0.00e+00  3.56e+36  4.85e+39 
6.631e+14   63      0        0  4.36e+09  0.00e+00  0.00e+00  2.15e+44  7.92e-15  4.05e+09  2.24e+04  3.47e+04  4.76e-02  2.77e+15  1.24e+12  6.42e+39  6.87e+39  2.01e+38  2.29e+39  3.10e+38  4.06e+39  0.00e+00  6.86e+39  1.37e+38  3.10e+39  0.00e+00  9.17e+38  2.41e+39  8.01e+37  0.00e+00  3.27e+36  4.05e+39 
6.996e+14   64      0        0  4.45e+09  0.00e+00  0.00e+00  2.53e+44  6.67e-15  3.40e+09  2.17e+04  3.42e+04  3.80e-02  2.73e+15  9.44e+11  4.63e+39  4.92e+39  1.49e+38  1.08e+39  2.07e+38  3.49e+39  0.00e+00  4.98e+39  9.93e+37  1.90e+39  0.00e+00  7.43e+38  1.98e+39  6.46e+37  0.00e+00  2.41e+36  3.48e+39 
7.381e+14   65     -1        0  4.47e+09  0.00e+00  0.00e+00  0.00e+00  0.00e+00  0.00e+00  0.00e+00  0.00e+00  0.00e+00  0.00e+00  0.00e+00  0.00e+00  0.00e+00  0.00e+00  0.00e+00  0.00e+00  0.00e+00  0.00e+00  0.00e+00  0.00e+00  0.00e+00  0.00e+00  0.00e+00  0.00e+00  0.00e+00  0.00e+00  0.00e+00  0.00e+00 
7.787e+14   66     -1        0  4.47e+09  0.00e+00  0.00e+00  0.00e+00  0.00e+00  0.00e+00  0.00e+00  0.00e+00  0.00e+00  0.00e+00  0.00e+00  0.00e+00  0.00e+00  0.00e+00  0.00e+00  0.00e+00  0.00e+00  0.00e+00  0.00e+00  0.00e+00  0.00e+00  0.00e+00  0.00e+00  0.00e+00  0.00e+00  0.00e+00  0.00e+00  0.00e+00 
