       r    i inwind      i01      i02 
2.27e+13    0     -1 0.00e+00 0.00e+00 
2.39e+13    1      0 2.54e+01 2.66e+11 
2.52e+13    2      0 2.43e+01 2.65e+11 
2.66e+13    3      0 2.57e+01 2.63e+11 
2.81e+13    4      0 2.40e+01 2.61e+11 
2.96e+13    5      0 2.44e+01 2.58e+11 
3.13e+13    6      0 2.28e+01 2.54e+11 
3.30e+13    7      0 2.06e+01 2.50e+11 
3.48e+13    8      0 1.97e+01 2.45e+11 
3.67e+13    9      0 1.84e+01 2.40e+11 
3.87e+13   10      0 1.80e+01 2.34e+11 
4.09e+13   11      0 1.44e+01 2.28e+11 
4.31e+13   12      0 1.65e+01 2.22e+11 
4.55e+13   13      0 1.29e+01 2.15e+11 
4.80e+13   14      0 1.47e+01 2.07e+11 
5.07e+13   15      0 1.16e+01 1.99e+11 
5.34e+13   16      0 1.35e+01 1.90e+11 
5.64e+13   17      0 1.24e+01 1.82e+11 
5.95e+13   18      0 9.33e+00 1.73e+11 
6.28e+13   19      0 1.10e+01 1.64e+11 
6.62e+13   20      0 8.22e+00 1.55e+11 
6.99e+13   21      0 7.70e+00 1.46e+11 
7.37e+13   22      0 7.29e+00 1.37e+11 
7.78e+13   23      0 6.94e+00 1.29e+11 
8.20e+13   24      0 6.68e+00 1.20e+11 
8.66e+13   25      0 6.74e+00 1.13e+11 
9.13e+13   26      0 9.13e+00 1.05e+11 
9.63e+13   27      0 9.28e+00 9.80e+10 
1.02e+14   28      0 9.17e+00 9.15e+10 
1.07e+14   29      0 7.11e+00 8.52e+10 
1.13e+14   30      0 8.87e+00 7.93e+10 
1.19e+14   31      0 8.57e+00 7.39e+10 
1.26e+14   32      0 8.55e+00 6.88e+10 
1.33e+14   33      0 8.42e+00 6.41e+10 
1.40e+14   34      0 6.77e+00 5.98e+10 
1.48e+14   35      0 6.71e+00 5.58e+10 
1.56e+14   36      0 8.29e+00 5.22e+10 
1.65e+14   37      0 6.75e+00 4.88e+10 
1.74e+14   38      0 6.77e+00 4.55e+10 
1.83e+14   39      0 8.19e+00 4.22e+10 
1.93e+14   40      0 8.28e+00 3.91e+10 
2.04e+14   41      0 6.63e+00 3.59e+10 
2.15e+14   42      0 6.49e+00 3.29e+10 
2.27e+14   43      0 6.54e+00 3.00e+10 
2.40e+14   44      0 7.78e+00 2.75e+10 
2.53e+14   45      0 7.58e+00 2.53e+10 
2.67e+14   46      0 6.98e+00 2.32e+10 
2.81e+14   47      0 6.60e+00 2.12e+10 
2.97e+14   48      0 6.66e+00 1.95e+10 
3.13e+14   49      0 7.13e+00 1.78e+10 
3.30e+14   50      0 7.22e+00 1.64e+10 
3.49e+14   51      0 7.42e+00 1.50e+10 
3.68e+14   52      0 7.27e+00 1.37e+10 
3.88e+14   53      0 7.53e+00 1.25e+10 
4.09e+14   54      0 7.48e+00 1.13e+10 
4.32e+14   55      0 7.30e+00 1.02e+10 
4.56e+14   56      0 7.79e+00 9.18e+09 
4.81e+14   57      0 7.34e+00 8.16e+09 
5.07e+14   58      0 6.94e+00 7.25e+09 
5.35e+14   59      0 7.35e+00 6.36e+09 
5.65e+14   60      0 6.36e+00 5.51e+09 
5.96e+14   61      0 6.33e+00 4.71e+09 
6.28e+14   62      0 5.87e+00 4.00e+09 
6.63e+14   63      0 5.35e+00 3.38e+09 
7.00e+14   64      0 5.48e+00 2.84e+09 
7.38e+14   65     -1 0.00e+00 0.00e+00 
7.79e+14   66     -1 0.00e+00 0.00e+00 
