       r    i inwind      i01      i02      i03 
3.55e+12    0     -1 0.00e+00 0.00e+00 0.00e+00 
3.73e+12    1      0 1.88e-32 8.47e-11 1.00e+00 
3.91e+12    2      0 1.95e-32 8.03e-11 1.00e+00 
4.11e+12    3      0 2.04e-32 4.05e-11 1.00e+00 
4.31e+12    4      0 2.17e-32 5.11e-11 1.00e+00 
4.52e+12    5      0 2.30e-32 3.47e-11 1.00e+00 
4.75e+12    6      0 2.46e-32 3.38e-11 1.00e+00 
4.99e+12    7      0 2.60e-32 2.75e-11 1.00e+00 
5.23e+12    8      0 2.79e-32 4.67e-11 1.00e+00 
5.49e+12    9      0 2.94e-32 4.45e-11 1.00e+00 
5.77e+12   10      0 3.11e-32 3.43e-11 1.00e+00 
6.05e+12   11      0 3.27e-32 3.87e-11 1.00e+00 
6.36e+12   12      0 3.44e-32 3.94e-11 1.00e+00 
6.67e+12   13      0 3.63e-32 2.73e-11 1.00e+00 
7.00e+12   14      0 3.79e-32 3.32e-11 1.00e+00 
7.35e+12   15      0 3.97e-32 4.48e-11 1.00e+00 
7.72e+12   16      0 4.15e-32 5.15e-11 1.00e+00 
8.10e+12   17      0 4.32e-32 4.11e-11 1.00e+00 
8.51e+12   18      0 4.49e-32 4.40e-11 1.00e+00 
8.93e+12   19      0 4.64e-32 4.97e-11 1.00e+00 
9.37e+12   20      0 4.82e-32 4.67e-11 1.00e+00 
9.84e+12   21      0 4.95e-32 4.86e-11 1.00e+00 
1.03e+13   22      0 5.12e-32 4.56e-11 1.00e+00 
1.08e+13   23      0 5.26e-32 4.34e-11 1.00e+00 
1.14e+13   24      0 5.44e-32 4.90e-11 1.00e+00 
1.19e+13   25      0 5.59e-32 6.71e-11 1.00e+00 
1.25e+13   26      0 5.76e-32 5.07e-11 1.00e+00 
1.32e+13   27      0 5.91e-32 5.58e-11 1.00e+00 
1.38e+13   28      0 6.11e-32 7.67e-11 1.00e+00 
1.45e+13   29      0 6.28e-32 5.92e-11 1.00e+00 
1.52e+13   30      0 6.49e-32 6.50e-11 1.00e+00 
1.60e+13   31      0 6.70e-32 9.03e-11 1.00e+00 
1.68e+13   32      0 6.95e-32 7.08e-11 1.00e+00 
1.76e+13   33      0 7.19e-32 7.36e-11 1.00e+00 
1.85e+13   34      0 7.46e-32 7.74e-11 1.00e+00 
1.94e+13   35      0 7.74e-32 8.14e-11 1.00e+00 
2.04e+13   36      0 8.01e-32 1.07e-10 1.00e+00 
2.14e+13   37      0 8.31e-32 8.94e-11 1.00e+00 
2.25e+13   38      0 8.59e-32 9.37e-11 1.00e+00 
2.36e+13   39      0 8.92e-32 9.86e-11 1.00e+00 
2.48e+13   40      0 9.22e-32 1.10e-10 1.00e+00 
2.60e+13   41      0 9.57e-32 1.12e-10 1.00e+00 
2.73e+13   42      0 9.92e-32 1.19e-10 1.00e+00 
2.86e+13   43      0 1.03e-31 1.28e-10 1.00e+00 
3.01e+13   44      0 1.07e-31 1.37e-10 1.00e+00 
3.16e+13   45      0 1.12e-31 1.49e-10 1.00e+00 
3.31e+13   46      0 1.17e-31 1.61e-10 1.00e+00 
3.48e+13   47      0 1.23e-31 1.76e-10 1.00e+00 
3.65e+13   48      0 1.30e-31 1.91e-10 1.00e+00 
3.83e+13   49      0 1.38e-31 2.11e-10 1.00e+00 
4.02e+13   50      0 1.48e-31 2.80e-10 1.00e+00 
4.22e+13   51      0 1.59e-31 3.08e-10 1.00e+00 
4.43e+13   52      0 1.71e-31 2.86e-10 1.00e+00 
4.65e+13   53      0 1.85e-31 3.71e-10 1.00e+00 
4.88e+13   54      0 2.01e-31 3.59e-10 1.00e+00 
5.13e+13   55      0 2.17e-31 4.08e-10 1.00e+00 
5.38e+13   56      0 2.35e-31 4.28e-10 1.00e+00 
5.65e+13   57      0 2.54e-31 5.08e-10 1.00e+00 
5.93e+13   58      0 2.75e-31 5.34e-10 1.00e+00 
6.23e+13   59      0 2.98e-31 6.42e-10 1.00e+00 
6.54e+13   60      0 3.22e-31 7.19e-10 1.00e+00 
6.86e+13   61      0 1.13e-20 7.36e-10 1.00e+00 
7.20e+13   62      0 1.61e-20 9.60e-10 1.00e+00 
7.56e+13   63      0 2.11e-20 1.13e-09 1.00e+00 
7.94e+13   64      0 2.32e-20 1.13e-09 1.00e+00 
8.33e+13   65      0 2.94e-20 1.30e-09 1.00e+00 
8.75e+13   66      0 3.71e-20 1.50e-09 1.00e+00 
9.18e+13   67      0 5.02e-20 1.85e-09 1.00e+00 
9.64e+13   68      0 6.54e-20 2.17e-09 1.00e+00 
1.01e+14   69      0 8.65e-20 2.63e-09 1.00e+00 
1.06e+14   70      0 1.12e-19 3.14e-09 1.00e+00 
1.11e+14   71      0 1.27e-19 3.23e-09 1.00e+00 
1.17e+14   72      0 2.17e-19 4.43e-09 1.00e+00 
1.23e+14   73      0 2.84e-19 5.33e-09 1.00e+00 
1.29e+14   74      0 3.52e-19 6.14e-09 1.00e+00 
1.35e+14   75      0 4.67e-19 7.48e-09 1.00e+00 
1.42e+14   76      0 5.88e-19 8.79e-09 1.00e+00 
1.49e+14   77      0 7.46e-19 1.05e-08 1.00e+00 
1.57e+14   78      0 9.11e-19 1.19e-08 1.00e+00 
1.64e+14   79      0 1.19e-18 1.44e-08 1.00e+00 
1.73e+14   80      0 1.43e-18 1.56e-08 1.00e+00 
1.81e+14   81      0 1.77e-18 1.80e-08 1.00e+00 
1.90e+14   82      0 2.14e-18 2.04e-08 1.00e+00 
2.00e+14   83      0 2.65e-18 2.35e-08 1.00e+00 
2.10e+14   84      0 3.36e-18 2.77e-08 1.00e+00 
2.20e+14   85      0 4.24e-18 3.26e-08 1.00e+00 
2.31e+14   86      0 4.97e-18 3.56e-08 1.00e+00 
2.42e+14   87      0 5.77e-18 3.89e-08 1.00e+00 
2.55e+14   88      0 7.47e-18 4.62e-08 1.00e+00 
2.67e+14   89      0 9.84e-18 5.40e-08 1.00e+00 
2.80e+14   90      0 1.30e-17 6.39e-08 1.00e+00 
2.94e+14   91      0 1.73e-17 7.61e-08 1.00e+00 
3.09e+14   92      0 2.27e-17 8.90e-08 1.00e+00 
3.24e+14   93      0 3.35e-17 1.12e-07 1.00e+00 
3.41e+14   94      0 5.14e-17 1.43e-07 1.00e+00 
3.58e+14   95      0 7.73e-17 1.83e-07 1.00e+00 
3.75e+14   96      0 1.19e-16 2.38e-07 1.00e+00 
3.94e+14   97      0 1.82e-16 3.02e-07 1.00e+00 
4.14e+14   98      0 2.32e-16 3.63e-07 1.00e+00 
4.34e+14   99      0 3.50e-16 4.71e-07 1.00e+00 
4.56e+14  100      0 4.33e-16 5.36e-07 1.00e+00 
4.78e+14  101      0 6.65e-16 6.99e-07 1.00e+00 
5.02e+14  102      0 9.54e-16 8.74e-07 1.00e+00 
5.27e+14  103      0 1.28e-15 1.06e-06 1.00e+00 
5.53e+14  104      0 1.85e-15 1.32e-06 1.00e+00 
5.81e+14  105      0 2.47e-15 1.59e-06 1.00e+00 
6.10e+14  106      0 3.66e-15 2.02e-06 1.00e+00 
6.40e+14  107      0 6.20e-15 2.78e-06 1.00e+00 
6.72e+14  108     -1 0.00e+00 0.00e+00 0.00e+00 
7.06e+14  109     -1 0.00e+00 0.00e+00 0.00e+00 
