       r    i inwind      i01      i02      i03      i04      i05      i06      i07      i08      i09 
3.55e+12    0     -1 0.00e+00 0.00e+00 0.00e+00 0.00e+00 0.00e+00 0.00e+00 0.00e+00 0.00e+00 0.00e+00 
3.73e+12    1      0 1.00e-20 1.00e-20 1.00e-20 1.00e-20 1.00e-20 1.00e-20 5.63e-15 2.56e-07 1.00e+00 
3.91e+12    2      0 1.00e-20 1.00e-20 1.00e-20 1.00e-20 1.00e-20 1.00e-20 1.43e-14 4.18e-07 1.00e+00 
4.11e+12    3      0 1.00e-20 1.00e-20 1.00e-20 1.00e-20 1.00e-20 1.00e-20 3.84e-14 7.05e-07 1.00e+00 
4.31e+12    4      0 1.00e-20 1.00e-20 1.00e-20 1.00e-20 1.00e-20 1.00e-20 1.06e-13 1.20e-06 1.00e+00 
4.52e+12    5      0 1.00e-20 1.00e-20 1.00e-20 1.00e-20 1.00e-20 1.00e-20 2.97e-13 2.08e-06 1.00e+00 
4.75e+12    6      0 1.00e-20 1.00e-20 1.00e-20 1.00e-20 1.00e-20 1.00e-20 8.58e-13 3.64e-06 1.00e+00 
4.99e+12    7      0 1.00e-20 1.00e-20 1.00e-20 1.00e-20 1.00e-20 1.00e-20 2.56e-12 6.49e-06 1.00e+00 
5.23e+12    8      0 1.00e-20 1.00e-20 1.00e-20 1.00e-20 1.00e-20 1.00e-20 7.62e-12 1.15e-05 1.00e+00 
5.49e+12    9      0 1.00e-20 1.00e-20 1.00e-20 1.00e-20 1.00e-20 1.27e-20 2.39e-11 2.11e-05 1.00e+00 
5.77e+12   10      0 1.00e-20 1.00e-20 1.00e-20 1.00e-20 1.00e-20 4.73e-20 7.32e-11 3.80e-05 1.00e+00 
6.05e+12   11      0 1.00e-20 1.00e-20 1.00e-20 1.00e-20 1.00e-20 1.93e-19 2.43e-10 7.17e-05 1.00e+00 
6.36e+12   12      0 1.00e-20 1.00e-20 1.00e-20 1.00e-20 1.00e-20 7.65e-19 7.87e-10 1.33e-04 1.00e+00 
6.67e+12   13      0 1.00e-20 1.00e-20 1.00e-20 1.00e-20 1.00e-20 2.98e-18 2.51e-09 2.47e-04 1.00e+00 
7.00e+12   14      0 1.00e-20 1.00e-20 1.00e-20 1.00e-20 1.00e-20 1.25e-17 8.57e-09 4.74e-04 1.00e+00 
7.35e+12   15      0 1.00e-20 1.00e-20 1.00e-20 1.00e-20 1.00e-20 4.77e-17 2.67e-08 8.65e-04 9.99e-01 
7.72e+12   16      0 1.00e-20 1.00e-20 1.00e-20 1.00e-20 1.00e-20 2.01e-16 9.14e-08 1.67e-03 9.98e-01 
8.10e+12   17      0 1.00e-20 1.00e-20 1.00e-20 1.00e-20 1.00e-20 9.05e-16 3.34e-07 3.32e-03 9.97e-01 
8.51e+12   18      0 1.00e-20 1.00e-20 1.00e-20 1.00e-20 1.00e-20 4.32e-15 1.29e-06 7.15e-03 9.93e-01 
8.93e+12   19      0 1.00e-20 1.00e-20 1.00e-20 1.00e-20 1.00e-20 1.81e-14 4.37e-06 1.36e-02 9.86e-01 
9.37e+12   20      0 1.00e-20 1.00e-20 1.00e-20 1.00e-20 1.00e-20 6.60e-14 1.29e-05 2.32e-02 9.77e-01 
9.84e+12   21      0 1.00e-20 1.00e-20 1.00e-20 1.00e-20 1.80e-20 7.74e-13 1.22e-04 1.11e-01 8.89e-01 
1.03e+13   22      0 1.00e-20 1.00e-20 1.00e-20 1.00e-20 4.08e-19 1.44e-11 1.85e-03 9.98e-01 4.59e-13 
1.08e+13   23      0 1.00e-20 1.00e-20 1.00e-20 1.00e-20 1.02e-18 2.98e-11 3.09e-03 9.97e-01 1.82e-13 
1.14e+13   24      0 1.00e-20 1.00e-20 1.00e-20 1.00e-20 3.15e-18 7.63e-11 6.48e-03 9.94e-01 7.58e-14 
1.19e+13   25      0 1.00e-20 1.00e-20 1.00e-20 1.00e-20 7.20e-16 1.44e-08 1.00e+00 1.61e-11 1.00e-20 
1.25e+13   26      0 1.00e-20 1.00e-20 1.00e-20 1.00e-20 1.05e-15 1.76e-08 1.00e+00 8.33e-12 1.00e-20 
1.32e+13   27      0 1.00e-20 1.00e-20 1.00e-20 1.00e-20 1.53e-15 2.14e-08 1.00e+00 4.57e-12 1.00e-20 
1.38e+13   28      0 1.00e-20 1.00e-20 1.00e-20 1.00e-20 2.17e-15 2.57e-08 1.00e+00 2.58e-12 1.00e-20 
1.45e+13   29      0 1.00e-20 1.00e-20 1.00e-20 1.00e-20 3.06e-15 3.07e-08 1.00e+00 1.54e-12 1.00e-20 
1.52e+13   30      0 1.00e-20 1.00e-20 1.00e-20 1.00e-20 4.26e-15 3.65e-08 1.00e+00 9.53e-13 1.00e-20 
1.60e+13   31      0 1.00e-20 1.00e-20 1.00e-20 1.00e-20 5.86e-15 4.32e-08 1.00e+00 6.06e-13 1.00e-20 
1.68e+13   32      0 1.00e-20 1.00e-20 1.00e-20 1.00e-20 7.94e-15 5.06e-08 1.00e+00 3.84e-13 1.00e-20 
1.76e+13   33      0 1.00e-20 1.00e-20 1.00e-20 1.00e-20 1.07e-14 5.91e-08 1.00e+00 2.54e-13 1.00e-20 
1.85e+13   34      0 1.00e-20 1.00e-20 1.00e-20 1.00e-20 1.42e-14 6.85e-08 1.00e+00 1.61e-13 1.00e-20 
1.94e+13   35      0 1.00e-20 1.00e-20 1.00e-20 1.00e-20 1.87e-14 7.94e-08 1.00e+00 1.04e-13 1.00e-20 
2.04e+13   36      0 1.00e-20 1.00e-20 1.00e-20 1.00e-20 2.47e-14 9.18e-08 1.00e+00 6.67e-14 1.00e-20 
2.14e+13   37      0 1.00e-20 1.00e-20 1.00e-20 1.00e-20 3.22e-14 1.06e-07 1.00e+00 4.17e-14 1.00e-20 
2.25e+13   38      0 1.00e-20 1.00e-20 1.00e-20 1.00e-20 4.19e-14 1.21e-07 1.00e+00 2.58e-14 1.00e-20 
2.36e+13   39      0 1.00e-20 1.00e-20 1.00e-20 1.00e-20 5.36e-14 1.38e-07 1.00e+00 1.54e-14 1.00e-20 
2.48e+13   40      0 1.00e-20 1.00e-20 1.00e-20 1.00e-20 6.95e-14 1.58e-07 1.00e+00 8.91e-15 1.00e-20 
2.60e+13   41      0 1.00e-20 1.00e-20 1.00e-20 1.00e-20 8.88e-14 1.79e-07 1.00e+00 4.99e-15 1.00e-20 
2.73e+13   42      0 1.00e-20 1.00e-20 1.00e-20 1.11e-20 1.15e-13 2.05e-07 1.00e+00 2.68e-15 1.00e-20 
2.86e+13   43      0 1.00e-20 1.00e-20 1.00e-20 1.59e-20 1.50e-13 2.36e-07 1.00e+00 1.39e-15 1.00e-20 
3.01e+13   44      0 1.00e-20 1.00e-20 1.00e-20 2.29e-20 1.95e-13 2.70e-07 1.00e+00 6.71e-16 1.00e-20 
3.16e+13   45      0 1.00e-20 1.00e-20 1.00e-20 3.35e-20 2.56e-13 3.10e-07 1.00e+00 3.12e-16 1.00e-20 
3.31e+13   46      0 1.00e-20 1.00e-20 1.00e-20 4.98e-20 3.41e-13 3.60e-07 1.00e+00 1.35e-16 1.00e-20 
3.48e+13   47      0 1.00e-20 1.00e-20 1.00e-20 7.46e-20 4.56e-13 4.19e-07 1.00e+00 5.50e-17 1.00e-20 
3.65e+13   48      0 1.00e-20 1.00e-20 1.00e-20 1.12e-19 6.11e-13 4.87e-07 1.00e+00 2.07e-17 1.00e-20 
3.83e+13   49      0 1.00e-20 1.00e-20 1.00e-20 1.72e-19 8.34e-13 5.71e-07 1.00e+00 7.29e-18 1.00e-20 
4.02e+13   50      0 1.00e-20 1.00e-20 1.00e-20 2.67e-19 1.15e-12 6.74e-07 1.00e+00 2.32e-18 1.00e-20 
4.22e+13   51      0 1.00e-20 1.00e-20 1.00e-20 4.14e-19 1.58e-12 7.96e-07 1.00e+00 6.86e-19 1.00e-20 
4.43e+13   52      0 1.00e-20 1.00e-20 1.00e-20 6.50e-19 2.19e-12 9.44e-07 1.00e+00 1.98e-19 1.00e-20 
4.65e+13   53      0 1.00e-20 1.00e-20 1.00e-20 1.03e-18 3.06e-12 1.13e-06 1.00e+00 5.05e-20 1.00e-20 
4.88e+13   54      0 1.00e-20 1.00e-20 1.00e-20 1.60e-18 4.22e-12 1.33e-06 1.00e+00 1.25e-20 1.00e-20 
5.13e+13   55      0 1.00e-20 1.00e-20 1.00e-20 2.51e-18 5.86e-12 1.58e-06 1.00e+00 1.00e-20 1.00e-20 
5.38e+13   56      0 1.00e-20 1.00e-20 1.00e-20 4.05e-18 8.32e-12 1.90e-06 1.00e+00 1.00e-20 1.00e-20 
5.65e+13   57      0 1.00e-20 1.00e-20 1.00e-20 6.44e-18 1.17e-11 2.26e-06 1.00e+00 1.00e-20 1.00e-20 
5.93e+13   58      0 1.00e-20 1.00e-20 1.00e-20 1.03e-17 1.64e-11 2.70e-06 1.00e+00 1.00e-20 1.00e-20 
6.23e+13   59      0 1.00e-20 1.00e-20 1.00e-20 1.67e-17 2.33e-11 3.25e-06 1.00e+00 1.00e-20 1.00e-20 
6.54e+13   60      0 1.00e-20 1.00e-20 1.00e-20 2.78e-17 3.39e-11 3.96e-06 1.00e+00 1.00e-20 1.00e-20 
6.86e+13   61      0 1.00e-20 1.00e-20 1.00e-20 4.39e-17 4.73e-11 4.71e-06 1.00e+00 1.00e-20 1.00e-20 
7.20e+13   62      0 1.00e-20 1.00e-20 1.00e-20 7.29e-17 6.90e-11 5.76e-06 1.00e+00 1.00e-20 1.00e-20 
7.56e+13   63      0 1.00e-20 1.00e-20 1.00e-20 1.19e-16 9.88e-11 6.98e-06 1.00e+00 1.00e-20 1.00e-20 
7.94e+13   64      0 1.00e-20 1.00e-20 1.00e-20 1.93e-16 1.41e-10 8.40e-06 1.00e+00 1.00e-20 1.00e-20 
8.33e+13   65      0 1.00e-20 1.00e-20 1.00e-20 3.13e-16 2.03e-10 1.02e-05 1.00e+00 1.00e-20 1.00e-20 
8.75e+13   66      0 1.00e-20 1.00e-20 1.00e-20 4.92e-16 2.82e-10 1.21e-05 1.00e+00 1.00e-20 1.00e-20 
9.18e+13   67      0 1.00e-20 1.00e-20 1.00e-20 7.76e-16 3.94e-10 1.44e-05 1.00e+00 1.00e-20 1.00e-20 
9.64e+13   68      0 1.00e-20 1.00e-20 1.00e-20 1.23e-15 5.53e-10 1.73e-05 1.00e+00 1.00e-20 1.00e-20 
1.01e+14   69      0 1.00e-20 1.00e-20 1.00e-20 1.98e-15 7.97e-10 2.12e-05 1.00e+00 1.00e-20 1.00e-20 
1.06e+14   70      0 1.00e-20 1.00e-20 1.00e-20 3.11e-15 1.12e-09 2.56e-05 1.00e+00 1.00e-20 1.00e-20 
1.11e+14   71      0 1.00e-20 1.00e-20 1.00e-20 5.07e-15 1.62e-09 3.13e-05 1.00e+00 1.00e-20 1.00e-20 
1.17e+14   72      0 1.00e-20 1.00e-20 1.00e-20 8.11e-15 2.33e-09 3.92e-05 1.00e+00 1.00e-20 1.00e-20 
1.23e+14   73      0 1.00e-20 1.00e-20 1.00e-20 1.26e-14 3.24e-09 4.70e-05 1.00e+00 1.00e-20 1.00e-20 
1.29e+14   74      0 1.00e-20 1.00e-20 1.00e-20 1.98e-14 4.59e-09 5.71e-05 1.00e+00 1.00e-20 1.00e-20 
1.35e+14   75      0 1.00e-20 1.00e-20 1.00e-20 2.99e-14 6.21e-09 6.60e-05 1.00e+00 1.00e-20 1.00e-20 
1.42e+14   76      0 1.00e-20 1.00e-20 1.47e-20 4.60e-14 8.72e-09 8.20e-05 1.00e+00 1.00e-20 1.00e-20 
1.49e+14   77      0 1.00e-20 1.00e-20 2.32e-20 6.80e-14 1.18e-08 9.71e-05 1.00e+00 1.00e-20 1.00e-20 
1.57e+14   78      0 1.00e-20 1.00e-20 3.72e-20 1.02e-13 1.61e-08 1.17e-04 1.00e+00 1.00e-20 1.00e-20 
1.64e+14   79      0 1.00e-20 1.00e-20 5.81e-20 1.48e-13 2.14e-08 1.36e-04 1.00e+00 1.00e-20 1.00e-20 
1.73e+14   80      0 1.00e-20 1.00e-20 8.61e-20 2.08e-13 2.77e-08 1.58e-04 1.00e+00 1.00e-20 1.00e-20 
1.81e+14   81      0 1.00e-20 1.00e-20 1.35e-19 3.06e-13 3.75e-08 1.90e-04 1.00e+00 1.00e-20 1.00e-20 
1.90e+14   82      0 1.00e-20 1.00e-20 2.18e-19 4.60e-13 5.14e-08 2.29e-04 1.00e+00 1.00e-20 1.00e-20 
2.00e+14   83      0 1.00e-20 1.00e-20 3.21e-19 6.42e-13 6.65e-08 2.66e-04 1.00e+00 1.00e-20 1.00e-20 
2.10e+14   84      0 1.00e-20 1.00e-20 4.72e-19 8.90e-13 8.49e-08 3.05e-04 1.00e+00 1.00e-20 1.00e-20 
2.20e+14   85      0 1.00e-20 1.00e-20 7.48e-19 1.33e-12 1.17e-07 3.71e-04 1.00e+00 1.00e-20 1.00e-20 
2.31e+14   86      0 1.00e-20 1.00e-20 1.18e-18 1.97e-12 1.60e-07 4.59e-04 1.00e+00 1.00e-20 1.00e-20 
2.42e+14   87      0 1.00e-20 1.00e-20 1.76e-18 2.82e-12 2.12e-07 5.43e-04 9.99e-01 1.00e-20 1.00e-20 
2.55e+14   88      0 1.00e-20 1.00e-20 2.71e-18 4.05e-12 2.79e-07 6.41e-04 9.99e-01 1.00e-20 1.00e-20 
2.67e+14   89      0 1.00e-20 1.00e-20 4.75e-18 6.53e-12 4.02e-07 8.02e-04 9.99e-01 1.00e-20 1.00e-20 
2.80e+14   90      0 1.00e-20 1.00e-20 8.41e-18 1.06e-11 5.83e-07 1.01e-03 9.99e-01 1.00e-20 1.00e-20 
2.94e+14   91      0 1.00e-20 1.00e-20 1.63e-17 1.89e-11 9.31e-07 1.41e-03 9.99e-01 1.00e-20 1.00e-20 
3.09e+14   92      0 1.00e-20 1.00e-20 2.79e-17 2.98e-11 1.30e-06 1.72e-03 9.98e-01 1.00e-20 1.00e-20 
3.24e+14   93      0 1.00e-20 1.00e-20 5.16e-17 5.01e-11 1.90e-06 2.17e-03 9.98e-01 1.00e-20 1.00e-20 
3.41e+14   94      0 1.00e-20 1.00e-20 1.27e-16 1.14e-10 3.71e-06 3.57e-03 9.96e-01 1.00e-20 1.00e-20 
3.58e+14   95      0 1.00e-20 1.00e-20 3.63e-16 3.01e-10 8.30e-06 6.58e-03 9.93e-01 1.00e-20 1.00e-20 
3.75e+14   96      0 1.00e-20 1.00e-20 7.41e-16 6.15e-10 1.48e-05 1.04e-02 9.90e-01 1.00e-20 1.00e-20 
3.94e+14   97      0 1.00e-20 1.00e-20 1.66e-15 1.29e-09 2.87e-05 3.36e-02 9.66e-01 1.00e-20 1.00e-20 
4.14e+14   98      0 1.00e-20 1.00e-20 5.07e-14 4.05e-08 8.39e-04 9.99e-01 1.00e-20 1.00e-20 1.00e-20 
4.34e+14   99      0 1.00e-20 1.00e-20 6.09e-14 4.56e-08 8.17e-04 9.99e-01 1.00e-20 1.00e-20 1.00e-20 
4.56e+14  100      0 1.00e-20 1.00e-20 9.42e-14 6.17e-08 9.54e-04 9.99e-01 1.00e-20 1.00e-20 1.00e-20 
4.78e+14  101      0 1.00e-20 1.00e-20 1.78e-13 9.48e-08 1.17e-03 9.99e-01 1.00e-20 1.00e-20 1.00e-20 
5.02e+14  102      0 1.00e-20 1.00e-20 3.08e-13 1.37e-07 1.40e-03 9.99e-01 1.00e-20 1.00e-20 1.00e-20 
5.27e+14  103      0 1.00e-20 1.65e-20 4.81e-13 1.85e-07 1.62e-03 9.98e-01 1.00e-20 1.00e-20 1.00e-20 
5.53e+14  104      0 1.00e-20 3.49e-20 8.77e-13 2.79e-07 2.01e-03 9.98e-01 1.00e-20 1.00e-20 1.00e-20 
5.81e+14  105      0 1.00e-20 6.74e-20 1.53e-12 4.16e-07 2.54e-03 9.97e-01 1.00e-20 1.00e-20 1.00e-20 
6.10e+14  106      0 1.00e-20 1.48e-19 2.89e-12 6.30e-07 2.93e-03 9.97e-01 1.00e-20 1.00e-20 1.00e-20 
6.40e+14  107      0 1.00e-20 4.66e-19 7.33e-12 1.20e-06 4.09e-03 9.96e-01 1.00e-20 1.00e-20 1.00e-20 
6.72e+14  108     -1 0.00e+00 0.00e+00 0.00e+00 0.00e+00 0.00e+00 0.00e+00 0.00e+00 0.00e+00 0.00e+00 
7.06e+14  109     -1 0.00e+00 0.00e+00 0.00e+00 0.00e+00 0.00e+00 0.00e+00 0.00e+00 0.00e+00 0.00e+00 
