       r    i inwind      i01      i02      i03      i04      i05      i06      i07      i08      i09 
2.27e+13    0     -1 0.00e+00 0.00e+00 0.00e+00 0.00e+00 0.00e+00 0.00e+00 0.00e+00 0.00e+00 0.00e+00 
2.39e+13    1      0 5.47e-11 5.47e-11 5.47e-11 1.91e-08 3.91e-02 1.11e+04 5.47e+09 9.55e-10 5.47e-11 
2.52e+13    2      0 5.27e-11 5.27e-11 5.27e-11 6.49e-08 1.02e-01 1.86e+04 5.27e+09 7.47e-11 5.27e-11 
2.66e+13    3      0 5.10e-11 5.10e-11 5.10e-11 2.49e-07 2.96e-01 3.27e+04 5.10e+09 5.10e-11 5.10e-11 
2.81e+13    4      0 4.93e-11 4.93e-11 4.93e-11 1.05e-06 9.20e-01 6.00e+04 4.93e+09 4.93e-11 4.93e-11 
2.96e+13    5      0 4.77e-11 4.77e-11 4.77e-11 5.00e-06 3.16e+00 1.17e+05 4.77e+09 4.77e-11 4.77e-11 
3.13e+13    6      0 4.64e-11 4.64e-11 4.64e-11 2.76e-05 1.24e+01 2.52e+05 4.64e+09 4.64e-11 4.64e-11 
3.30e+13    7      0 4.55e-11 4.55e-11 4.55e-11 2.10e-04 6.59e+01 7.02e+05 4.55e+09 4.55e-11 4.55e-11 
3.48e+13    8      0 4.50e-11 4.50e-11 4.13e-10 2.31e-03 5.02e+02 2.75e+06 4.50e+09 4.50e-11 4.50e-11 
3.67e+13    9      0 4.47e-11 4.47e-11 1.36e-08 6.18e-02 9.29e+03 2.71e+07 4.44e+09 4.47e-11 4.47e-11 
3.87e+13   10      0 4.44e-11 4.44e-11 1.06e-07 3.92e-01 4.15e+04 6.99e+07 4.37e+09 4.44e-11 4.44e-11 
4.09e+13   11      0 4.41e-11 4.41e-11 4.51e-07 1.36e+00 1.04e+05 1.09e+08 4.30e+09 4.41e-11 4.41e-11 
4.31e+13   12      0 4.37e-11 4.37e-11 2.19e-06 5.39e+00 3.14e+05 2.19e+08 4.15e+09 4.37e-11 4.37e-11 
4.55e+13   13      0 4.31e-11 4.31e-11 1.50e-05 3.04e+01 1.39e+06 6.90e+08 3.62e+09 4.31e-11 4.31e-11 
4.80e+13   14      0 4.21e-11 4.21e-11 6.65e-05 1.12e+02 4.18e+06 1.65e+09 2.56e+09 4.21e-11 4.21e-11 
5.07e+13   15      0 4.09e-11 4.09e-11 1.51e-04 2.11e+02 6.59e+06 2.17e+09 1.91e+09 4.09e-11 4.09e-11 
5.34e+13   16      0 3.95e-11 3.95e-11 2.97e-04 3.48e+02 9.24e+06 2.55e+09 1.39e+09 3.95e-11 3.95e-11 
5.64e+13   17      0 3.81e-11 3.81e-11 5.66e-04 5.46e+02 1.21e+07 2.79e+09 1.00e+09 3.81e-11 3.81e-11 
5.95e+13   18      0 3.63e-11 4.63e-11 1.08e-03 8.38e+02 1.51e+07 2.90e+09 7.16e+08 3.63e-11 3.63e-11 
6.28e+13   19      0 3.41e-11 9.49e-11 1.91e-03 1.24e+03 1.86e+07 2.86e+09 5.41e+08 3.41e-11 3.41e-11 
6.62e+13   20      0 3.17e-11 2.03e-10 3.51e-03 1.88e+03 2.30e+07 2.80e+09 3.40e+08 3.17e-11 3.17e-11 
6.99e+13   21      0 2.91e-11 4.24e-10 6.39e-03 2.86e+03 2.82e+07 2.65e+09 2.23e+08 2.91e-11 2.91e-11 
7.37e+13   22      0 2.62e-11 8.61e-10 1.16e-02 4.41e+03 3.48e+07 2.45e+09 1.39e+08 2.62e-11 2.62e-11 
7.78e+13   23      0 2.35e-11 1.78e-09 2.20e-02 7.09e+03 4.43e+07 2.23e+09 7.95e+07 2.35e-11 2.35e-11 
8.20e+13   24      0 2.08e-11 3.64e-09 4.19e-02 1.17e+04 5.71e+07 1.98e+09 4.44e+07 2.08e-11 2.08e-11 
8.66e+13   25      0 1.85e-11 7.38e-09 8.25e-02 2.00e+04 7.61e+07 1.74e+09 2.45e+07 1.85e-11 1.85e-11 
9.13e+13   26      0 1.65e-11 1.38e-08 1.48e-01 3.20e+04 9.68e+07 1.53e+09 1.37e+07 1.65e-11 1.65e-11 
9.63e+13   27      0 1.45e-11 2.08e-08 2.20e-01 4.42e+04 1.13e+08 1.33e+09 8.70e+06 1.45e-11 1.45e-11 
1.02e+14   28      0 1.30e-11 2.72e-08 2.83e-01 5.39e+04 1.22e+08 1.17e+09 7.30e+06 1.30e-11 1.30e-11 
1.07e+14   29      0 1.17e-11 3.24e-08 3.35e-01 6.23e+04 1.28e+08 1.03e+09 4.88e+06 1.17e-11 1.17e-11 
1.13e+14   30      0 1.05e-11 4.31e-08 4.46e-01 8.00e+04 1.44e+08 9.03e+08 2.00e+06 1.05e-11 1.05e-11 
1.19e+14   31      0 9.52e-12 6.44e-08 6.64e-01 1.14e+05 1.72e+08 7.78e+08 1.30e+06 9.52e-12 9.52e-12 
1.26e+14   32      0 8.68e-12 9.34e-08 9.62e-01 1.58e+05 2.02e+08 6.65e+08 5.52e+05 8.68e-12 8.68e-12 
1.33e+14   33      0 7.96e-12 1.27e-07 1.31e+00 2.06e+05 2.27e+08 5.68e+08 2.76e+05 7.96e-12 7.96e-12 
1.40e+14   34      0 7.29e-12 1.57e-07 1.60e+00 2.44e+05 2.40e+08 4.89e+08 1.56e+05 7.29e-12 7.29e-12 
1.48e+14   35      0 6.73e-12 1.85e-07 1.86e+00 2.77e+05 2.47e+08 4.26e+08 1.44e+05 6.73e-12 6.73e-12 
1.56e+14   36      0 6.25e-12 2.14e-07 2.10e+00 3.02e+05 2.47e+08 3.78e+08 6.35e+04 6.25e-12 6.25e-12 
1.65e+14   37      0 5.82e-12 2.37e-07 2.26e+00 3.16e+05 2.41e+08 3.40e+08 5.52e+04 5.82e-12 5.82e-12 
1.74e+14   38      0 5.45e-12 2.66e-07 2.43e+00 3.29e+05 2.34e+08 3.10e+08 2.60e+04 5.45e-12 5.45e-12 
1.83e+14   39      0 5.11e-12 2.92e-07 2.56e+00 3.34e+05 2.24e+08 2.87e+08 2.98e+04 5.11e-12 5.11e-12 
1.93e+14   40      0 4.83e-12 3.27e-07 2.73e+00 3.42e+05 2.15e+08 2.68e+08 1.57e+04 4.83e-12 4.83e-12 
2.04e+14   41      0 4.60e-12 3.63e-07 2.84e+00 3.40e+05 2.04e+08 2.56e+08 6.84e+03 4.60e-12 4.60e-12 
2.15e+14   42      0 4.37e-12 4.00e-07 2.93e+00 3.34e+05 1.91e+08 2.47e+08 1.16e+04 4.37e-12 4.37e-12 
2.27e+14   43      0 4.15e-12 4.51e-07 3.07e+00 3.30e+05 1.78e+08 2.37e+08 3.73e+03 4.15e-12 4.15e-12 
2.40e+14   44      0 3.94e-12 5.00e-07 3.15e+00 3.20e+05 1.64e+08 2.29e+08 9.85e+02 3.94e-12 3.94e-12 
2.53e+14   45      0 3.76e-12 5.57e-07 3.21e+00 3.03e+05 1.49e+08 2.27e+08 5.08e+03 3.76e-12 3.76e-12 
2.67e+14   46      0 3.59e-12 4.69e-07 2.92e+00 2.75e+05 1.26e+08 2.33e+08 2.88e+03 3.59e-12 3.59e-12 
2.81e+14   47      0 3.43e-12 1.08e-06 4.73e+00 3.44e+05 1.35e+08 2.07e+08 1.78e+03 3.43e-12 3.43e-12 
2.97e+14   48      0 3.31e-12 2.40e-06 8.63e+00 4.93e+05 1.48e+08 1.83e+08 1.16e+03 3.31e-12 3.31e-12 
3.13e+14   49      0 3.17e-12 8.21e-06 2.28e+01 9.08e+05 1.77e+08 1.39e+08 3.84e-01 3.17e-12 3.17e-12 
3.30e+14   50      0 3.11e-12 6.50e-05 1.27e+02 2.80e+06 2.43e+08 6.46e+07 3.11e-12 3.11e-12 3.11e-12 
3.49e+14   51      0 1.02e-11 8.27e-04 1.07e+03 1.09e+07 2.84e+08 1.33e+07 3.08e-12 3.08e-12 3.08e-12 
3.68e+14   52      0 6.38e-11 4.24e-03 3.67e+03 2.14e+07 2.72e+08 3.70e-11 2.93e-12 2.93e-12 2.93e-12 
3.88e+14   53      0 1.87e-10 9.71e-03 5.03e+03 2.15e+07 2.67e+08 2.89e-12 2.89e-12 2.89e-12 2.89e-12 
4.09e+14   54      0 3.23e-10 1.33e-02 3.98e+03 1.48e+07 2.66e+08 2.81e-12 2.81e-12 2.81e-12 2.81e-12 
4.32e+14   55      0 6.71e-10 1.85e-02 3.20e+03 1.08e+07 2.61e+08 2.72e-12 2.72e-12 2.72e-12 2.72e-12 
4.56e+14   56      0 1.09e-09 1.89e-02 2.22e+03 7.48e+06 2.55e+08 2.62e-12 2.62e-12 2.62e-12 2.62e-12 
4.81e+14   57      0 6.65e-09 6.05e-02 4.16e+03 9.61e+06 2.36e+08 2.45e-12 2.45e-12 2.45e-12 2.45e-12 
5.07e+14   58      0 2.20e-06 1.00e+01 1.09e+05 4.09e+07 1.62e+08 2.03e-12 2.03e-12 2.03e-12 2.03e-12 
5.35e+14   59      0 2.61e-03 5.98e+03 4.52e+06 1.08e+08 2.44e+07 1.37e-12 1.37e-12 1.37e-12 1.37e-12 
5.65e+14   60      0 2.08e+01 2.01e+07 6.08e+07 2.37e+05 8.11e-13 8.11e-13 8.11e-13 8.11e-13 8.11e-13 
5.96e+14   61      0 8.22e+01 3.83e+07 5.23e+06 3.77e+02 4.36e-13 4.36e-13 4.36e-13 4.36e-13 4.36e-13 
6.28e+14   62      0 9.14e+01 2.31e+07 5.27e-08 2.31e-13 2.31e-13 2.31e-13 2.31e-13 2.31e-13 2.31e-13 
6.63e+14   63      0 8.13e+01 1.19e+07 2.11e-08 1.19e-13 1.19e-13 1.19e-13 1.19e-13 1.19e-13 1.19e-13 
7.00e+14   64      0 8.06e+01 6.26e+06 1.66e-09 6.26e-14 6.26e-14 6.26e-14 6.26e-14 6.26e-14 6.26e-14 
7.38e+14   65     -1 0.00e+00 0.00e+00 0.00e+00 0.00e+00 0.00e+00 0.00e+00 0.00e+00 0.00e+00 0.00e+00 
7.79e+14   66     -1 0.00e+00 0.00e+00 0.00e+00 0.00e+00 0.00e+00 0.00e+00 0.00e+00 0.00e+00 0.00e+00 
