       r    i inwind      i01      i02      i03 
2.27e+13    0     -1 0.00e+00 0.00e+00 0.00e+00 
2.39e+13    1      0 1.07e-18 6.61e-09 1.00e+00 
2.52e+13    2      0 1.05e-18 7.77e-09 1.00e+00 
2.66e+13    3      0 1.09e-18 7.76e-09 1.00e+00 
2.81e+13    4      0 1.19e-18 8.31e-09 1.00e+00 
2.96e+13    5      0 1.33e-18 9.05e-09 1.00e+00 
3.13e+13    6      0 1.53e-18 9.81e-09 1.00e+00 
3.30e+13    7      0 1.87e-18 1.01e-08 1.00e+00 
3.48e+13    8      0 2.29e-18 1.15e-08 1.00e+00 
3.67e+13    9      0 3.38e-18 1.27e-08 1.00e+00 
3.87e+13   10      0 4.34e-18 1.34e-08 1.00e+00 
4.09e+13   11      0 5.72e-18 1.45e-08 1.00e+00 
4.31e+13   12      0 7.73e-18 1.57e-08 1.00e+00 
4.55e+13   13      0 1.03e-17 1.80e-08 1.00e+00 
4.80e+13   14      0 1.34e-17 2.11e-08 1.00e+00 
5.07e+13   15      0 1.59e-17 2.42e-08 1.00e+00 
5.34e+13   16      0 2.01e-17 2.86e-08 1.00e+00 
5.64e+13   17      0 2.79e-17 3.41e-08 1.00e+00 
5.95e+13   18      0 3.88e-17 3.83e-08 1.00e+00 
6.28e+13   19      0 5.18e-17 4.58e-08 1.00e+00 
6.62e+13   20      0 6.85e-17 5.42e-08 1.00e+00 
6.99e+13   21      0 8.78e-17 6.39e-08 1.00e+00 
7.37e+13   22      0 1.10e-16 7.57e-08 1.00e+00 
7.78e+13   23      0 1.38e-16 9.02e-08 1.00e+00 
8.20e+13   24      0 1.64e-16 1.06e-07 1.00e+00 
8.66e+13   25      0 2.02e-16 1.29e-07 1.00e+00 
9.13e+13   26      0 2.33e-16 1.49e-07 1.00e+00 
9.63e+13   27      0 2.58e-16 1.69e-07 1.00e+00 
1.02e+14   28      0 2.82e-16 1.86e-07 1.00e+00 
1.07e+14   29      0 2.98e-16 1.99e-07 1.00e+00 
1.13e+14   30      0 3.45e-16 2.32e-07 1.00e+00 
1.19e+14   31      0 4.24e-16 2.83e-07 1.00e+00 
1.26e+14   32      0 5.26e-16 3.44e-07 1.00e+00 
1.33e+14   33      0 6.66e-16 4.23e-07 1.00e+00 
1.40e+14   34      0 8.18e-16 5.05e-07 1.00e+00 
1.48e+14   35      0 1.02e-15 5.99e-07 1.00e+00 
1.56e+14   36      0 1.25e-15 7.00e-07 1.00e+00 
1.65e+14   37      0 1.56e-15 8.14e-07 1.00e+00 
1.74e+14   38      0 1.97e-15 9.48e-07 1.00e+00 
1.83e+14   39      0 2.47e-15 1.09e-06 1.00e+00 
1.93e+14   40      0 3.09e-15 1.23e-06 1.00e+00 
2.04e+14   41      0 3.87e-15 1.36e-06 1.00e+00 
2.15e+14   42      0 4.86e-15 1.50e-06 1.00e+00 
2.27e+14   43      0 6.15e-15 1.65e-06 1.00e+00 
2.40e+14   44      0 7.56e-15 1.74e-06 1.00e+00 
2.53e+14   45      0 9.48e-15 1.83e-06 1.00e+00 
2.67e+14   46      0 1.39e-14 2.06e-06 1.00e+00 
2.81e+14   47      0 1.66e-14 2.12e-06 1.00e+00 
2.97e+14   48      0 2.65e-14 2.60e-06 1.00e+00 
3.13e+14   49      0 4.82e-14 3.58e-06 1.00e+00 
3.30e+14   50      0 1.34e-13 7.06e-06 1.00e+00 
3.49e+14   51      0 8.03e-13 2.80e-05 1.00e+00 
3.68e+14   52      0 5.02e-12 1.10e-04 1.00e+00 
3.88e+14   53      0 2.12e-11 2.61e-04 1.00e+00 
4.09e+14   54      0 8.02e-11 5.05e-04 9.99e-01 
4.32e+14   55      0 5.77e-10 1.70e-03 9.98e-01 
4.56e+14   56      0 4.80e-09 6.03e-03 9.94e-01 
4.81e+14   57      0 9.13e-08 5.53e-02 9.45e-01 
5.07e+14   58      0 1.65e-06 4.66e-01 5.34e-01 
5.35e+14   59      0 9.03e-06 8.04e-01 1.96e-01 
5.65e+14   60      0 5.39e-05 9.92e-01 7.62e-03 
5.96e+14   61      0 3.31e-04 9.99e-01 3.63e-04 
6.28e+14   62      0 1.30e-03 9.99e-01 3.77e-30 
6.63e+14   63      0 1.94e-03 9.98e-01 7.33e-30 
7.00e+14   64      0 7.40e-03 9.93e-01 1.39e-29 
7.38e+14   65     -1 0.00e+00 0.00e+00 0.00e+00 
7.79e+14   66     -1 0.00e+00 0.00e+00 0.00e+00 
