       r    i inwind      i01      i02 
2.27e+13    0     -1 0.00e+00 0.00e+00 
2.39e+13    1      0 3.07e+04 6.42e+12 
2.52e+13    2      0 2.98e+04 6.20e+12 
2.66e+13    3      0 3.09e+04 5.99e+12 
2.81e+13    4      0 3.23e+04 5.80e+12 
2.96e+13    5      0 3.36e+04 5.61e+12 
3.13e+13    6      0 3.46e+04 5.45e+12 
3.30e+13    7      0 3.31e+04 5.35e+12 
3.48e+13    8      0 3.56e+04 5.29e+12 
3.67e+13    9      0 4.01e+04 5.25e+12 
3.87e+13   10      0 4.32e+04 5.21e+12 
4.09e+13   11      0 4.53e+04 5.18e+12 
4.31e+13   12      0 4.66e+04 5.14e+12 
4.55e+13   13      0 5.08e+04 5.07e+12 
4.80e+13   14      0 4.99e+04 4.94e+12 
5.07e+13   15      0 5.62e+04 4.80e+12 
5.34e+13   16      0 6.19e+04 4.64e+12 
5.64e+13   17      0 6.54e+04 4.48e+12 
5.95e+13   18      0 6.26e+04 4.26e+12 
6.28e+13   19      0 6.39e+04 4.01e+12 
6.62e+13   20      0 5.81e+04 3.72e+12 
6.99e+13   21      0 5.31e+04 3.41e+12 
7.37e+13   22      0 4.67e+04 3.08e+12 
7.78e+13   23      0 4.24e+04 2.76e+12 
8.20e+13   24      0 3.59e+04 2.45e+12 
8.66e+13   25      0 3.00e+04 2.17e+12 
9.13e+13   26      0 2.55e+04 1.93e+12 
9.63e+13   27      0 2.13e+04 1.71e+12 
1.02e+14   28      0 1.79e+04 1.53e+12 
1.07e+14   29      0 1.46e+04 1.37e+12 
1.13e+14   30      0 1.19e+04 1.23e+12 
1.19e+14   31      0 1.02e+04 1.12e+12 
1.26e+14   32      0 8.78e+03 1.02e+12 
1.33e+14   33      0 7.73e+03 9.35e+11 
1.40e+14   34      0 6.75e+03 8.56e+11 
1.48e+14   35      0 6.11e+03 7.91e+11 
1.56e+14   36      0 5.51e+03 7.34e+11 
1.65e+14   37      0 5.04e+03 6.83e+11 
1.74e+14   38      0 4.67e+03 6.40e+11 
1.83e+14   39      0 4.39e+03 6.01e+11 
1.93e+14   40      0 4.15e+03 5.68e+11 
2.04e+14   41      0 4.04e+03 5.40e+11 
2.15e+14   42      0 3.95e+03 5.14e+11 
2.27e+14   43      0 3.81e+03 4.88e+11 
2.40e+14   44      0 3.74e+03 4.63e+11 
2.53e+14   45      0 3.71e+03 4.42e+11 
2.67e+14   46      0 4.35e+03 4.21e+11 
2.81e+14   47      0 3.70e+03 4.03e+11 
2.97e+14   48      0 3.80e+03 3.89e+11 
3.13e+14   49      0 3.85e+03 3.73e+11 
3.30e+14   50      0 4.09e+03 3.65e+11 
3.49e+14   51      0 4.68e+03 3.62e+11 
3.68e+14   52      0 5.41e+03 3.45e+11 
3.88e+14   53      0 6.57e+03 3.39e+11 
4.09e+14   54      0 7.52e+03 3.30e+11 
4.32e+14   55      0 1.07e+04 3.19e+11 
4.56e+14   56      0 1.50e+04 3.08e+11 
4.81e+14   57      0 2.22e+04 2.88e+11 
5.07e+14   58      0 3.10e+04 2.38e+11 
5.35e+14   59      0 3.51e+04 1.61e+11 
5.65e+14   60      0 4.38e+04 9.53e+10 
5.96e+14   61      0 4.47e+04 5.12e+10 
6.28e+14   62      0 4.57e+04 2.72e+10 
6.63e+14   63      0 4.30e+04 1.40e+10 
7.00e+14   64      0 4.05e+04 7.36e+09 
7.38e+14   65     -1 0.00e+00 0.00e+00 
7.79e+14   66     -1 0.00e+00 0.00e+00 
