       r    i inwind      i01      i02 
2.27e+13    0     -1 0.00e+00 0.00e+00 
2.39e+13    1      0 4.78e-09 1.00e+00 
2.52e+13    2      0 4.80e-09 1.00e+00 
2.66e+13    3      0 5.15e-09 1.00e+00 
2.81e+13    4      0 5.57e-09 1.00e+00 
2.96e+13    5      0 5.99e-09 1.00e+00 
3.13e+13    6      0 6.34e-09 1.00e+00 
3.30e+13    7      0 6.19e-09 1.00e+00 
3.48e+13    8      0 6.73e-09 1.00e+00 
3.67e+13    9      0 7.64e-09 1.00e+00 
3.87e+13   10      0 8.28e-09 1.00e+00 
4.09e+13   11      0 8.74e-09 1.00e+00 
4.31e+13   12      0 9.08e-09 1.00e+00 
4.55e+13   13      0 1.00e-08 1.00e+00 
4.80e+13   14      0 1.01e-08 1.00e+00 
5.07e+13   15      0 1.17e-08 1.00e+00 
5.34e+13   16      0 1.33e-08 1.00e+00 
5.64e+13   17      0 1.46e-08 1.00e+00 
5.95e+13   18      0 1.47e-08 1.00e+00 
6.28e+13   19      0 1.59e-08 1.00e+00 
6.62e+13   20      0 1.56e-08 1.00e+00 
6.99e+13   21      0 1.56e-08 1.00e+00 
7.37e+13   22      0 1.52e-08 1.00e+00 
7.78e+13   23      0 1.54e-08 1.00e+00 
8.20e+13   24      0 1.46e-08 1.00e+00 
8.66e+13   25      0 1.38e-08 1.00e+00 
9.13e+13   26      0 1.32e-08 1.00e+00 
9.63e+13   27      0 1.25e-08 1.00e+00 
1.02e+14   28      0 1.17e-08 1.00e+00 
1.07e+14   29      0 1.06e-08 1.00e+00 
1.13e+14   30      0 9.68e-09 1.00e+00 
1.19e+14   31      0 9.09e-09 1.00e+00 
1.26e+14   32      0 8.61e-09 1.00e+00 
1.33e+14   33      0 8.26e-09 1.00e+00 
1.40e+14   34      0 7.88e-09 1.00e+00 
1.48e+14   35      0 7.73e-09 1.00e+00 
1.56e+14   36      0 7.50e-09 1.00e+00 
1.65e+14   37      0 7.37e-09 1.00e+00 
1.74e+14   38      0 7.30e-09 1.00e+00 
1.83e+14   39      0 7.31e-09 1.00e+00 
1.93e+14   40      0 7.31e-09 1.00e+00 
2.04e+14   41      0 7.48e-09 1.00e+00 
2.15e+14   42      0 7.68e-09 1.00e+00 
2.27e+14   43      0 7.81e-09 1.00e+00 
2.40e+14   44      0 8.08e-09 1.00e+00 
2.53e+14   45      0 8.40e-09 1.00e+00 
2.67e+14   46      0 1.03e-08 1.00e+00 
2.81e+14   47      0 9.19e-09 1.00e+00 
2.97e+14   48      0 9.77e-09 1.00e+00 
3.13e+14   49      0 1.03e-08 1.00e+00 
3.30e+14   50      0 1.12e-08 1.00e+00 
3.49e+14   51      0 1.29e-08 1.00e+00 
3.68e+14   52      0 1.57e-08 1.00e+00 
3.88e+14   53      0 1.94e-08 1.00e+00 
4.09e+14   54      0 2.28e-08 1.00e+00 
4.32e+14   55      0 3.36e-08 1.00e+00 
4.56e+14   56      0 4.85e-08 1.00e+00 
4.81e+14   57      0 7.71e-08 1.00e+00 
5.07e+14   58      0 1.30e-07 1.00e+00 
5.35e+14   59      0 2.18e-07 1.00e+00 
5.65e+14   60      0 4.60e-07 1.00e+00 
5.96e+14   61      0 8.73e-07 1.00e+00 
6.28e+14   62      0 1.68e-06 1.00e+00 
6.63e+14   63      0 3.08e-06 1.00e+00 
7.00e+14   64      0 5.51e-06 1.00e+00 
7.38e+14   65     -1 0.00e+00 0.00e+00 
7.79e+14   66     -1 0.00e+00 0.00e+00 
