       r    i inwind      i01      i02      i03 
2.27e+13    0     -1 0.00e+00 0.00e+00 0.00e+00 
2.39e+13    1      0 6.74e-07 4.15e+03 6.28e+11 
2.52e+13    2      0 6.35e-07 4.71e+03 6.06e+11 
2.66e+13    3      0 6.40e-07 4.54e+03 5.86e+11 
2.81e+13    4      0 6.75e-07 4.71e+03 5.67e+11 
2.96e+13    5      0 7.28e-07 4.96e+03 5.48e+11 
3.13e+13    6      0 8.13e-07 5.23e+03 5.33e+11 
3.30e+13    7      0 9.76e-07 5.26e+03 5.23e+11 
3.48e+13    8      0 1.18e-06 5.96e+03 5.17e+11 
3.67e+13    9      0 1.74e-06 6.49e+03 5.13e+11 
3.87e+13   10      0 2.21e-06 6.81e+03 5.10e+11 
4.09e+13   11      0 2.90e-06 7.36e+03 5.07e+11 
4.31e+13   12      0 3.88e-06 7.87e+03 5.02e+11 
4.55e+13   13      0 5.10e-06 8.90e+03 4.95e+11 
4.80e+13   14      0 6.49e-06 1.02e+04 4.83e+11 
5.07e+13   15      0 7.45e-06 1.13e+04 4.69e+11 
5.34e+13   16      0 9.12e-06 1.30e+04 4.54e+11 
5.64e+13   17      0 1.22e-05 1.49e+04 4.37e+11 
5.95e+13   18      0 1.62e-05 1.60e+04 4.17e+11 
6.28e+13   19      0 2.03e-05 1.79e+04 3.92e+11 
6.62e+13   20      0 2.49e-05 1.97e+04 3.64e+11 
6.99e+13   21      0 2.93e-05 2.13e+04 3.34e+11 
7.37e+13   22      0 3.32e-05 2.28e+04 3.01e+11 
7.78e+13   23      0 3.71e-05 2.43e+04 2.70e+11 
8.20e+13   24      0 3.92e-05 2.55e+04 2.39e+11 
8.66e+13   25      0 4.29e-05 2.74e+04 2.12e+11 
9.13e+13   26      0 4.40e-05 2.82e+04 1.89e+11 
9.63e+13   27      0 4.31e-05 2.81e+04 1.67e+11 
1.02e+14   28      0 4.23e-05 2.78e+04 1.50e+11 
1.07e+14   29      0 3.99e-05 2.67e+04 1.34e+11 
1.13e+14   30      0 4.15e-05 2.79e+04 1.20e+11 
1.19e+14   31      0 4.64e-05 3.09e+04 1.09e+11 
1.26e+14   32      0 5.25e-05 3.43e+04 9.96e+10 
1.33e+14   33      0 6.08e-05 3.86e+04 9.14e+10 
1.40e+14   34      0 6.84e-05 4.22e+04 8.37e+10 
1.48e+14   35      0 7.85e-05 4.63e+04 7.73e+10 
1.56e+14   36      0 9.01e-05 5.02e+04 7.18e+10 
1.65e+14   37      0 1.04e-04 5.44e+04 6.68e+10 
1.74e+14   38      0 1.23e-04 5.93e+04 6.25e+10 
1.83e+14   39      0 1.45e-04 6.39e+04 5.87e+10 
1.93e+14   40      0 1.72e-04 6.83e+04 5.55e+10 
2.04e+14   41      0 2.04e-04 7.20e+04 5.28e+10 
2.15e+14   42      0 2.44e-04 7.53e+04 5.02e+10 
2.27e+14   43      0 2.93e-04 7.87e+04 4.77e+10 
2.40e+14   44      0 3.42e-04 7.87e+04 4.52e+10 
2.53e+14   45      0 4.10e-04 7.91e+04 4.32e+10 
2.67e+14   46      0 5.71e-04 8.50e+04 4.12e+10 
2.81e+14   47      0 6.53e-04 8.36e+04 3.94e+10 
2.97e+14   48      0 1.01e-03 9.88e+04 3.80e+10 
3.13e+14   49      0 1.76e-03 1.30e+05 3.64e+10 
3.30e+14   50      0 4.78e-03 2.52e+05 3.57e+10 
3.49e+14   51      0 2.84e-02 9.90e+05 3.54e+10 
3.68e+14   52      0 1.69e-01 3.71e+06 3.37e+10 
3.88e+14   53      0 7.03e-01 8.65e+06 3.32e+10 
4.09e+14   54      0 2.59e+00 1.63e+07 3.22e+10 
4.32e+14   55      0 1.80e+01 5.29e+07 3.12e+10 
4.56e+14   56      0 1.45e+02 1.81e+08 2.99e+10 
4.81e+14   57      0 2.57e+03 1.56e+09 2.66e+10 
5.07e+14   58      0 3.85e+04 1.09e+10 1.24e+10 
5.35e+14   59      0 1.42e+05 1.27e+10 3.09e+09 
5.65e+14   60      0 5.02e+05 9.24e+09 7.10e+07 
5.96e+14   61      0 1.66e+06 5.00e+09 1.82e+06 
6.28e+14   62      0 3.44e+06 2.65e+09 1.00e-20 
6.63e+14   63      0 2.64e+06 1.36e+09 1.00e-20 
7.00e+14   64      0 5.32e+06 7.14e+08 1.00e-20 
7.38e+14   65     -1 0.00e+00 0.00e+00 0.00e+00 
7.79e+14   66     -1 0.00e+00 0.00e+00 0.00e+00 
