        r    i inwind converge       v_x       v_y       v_z       vol       rho        ne       t_e   t_e_old      dt_e  dt_e_old       t_r   t_r_old         w  heat_tot heat_tot_  cool_tot      ntot        ip    nioniz      gain macro_bf_ macro_bf_ 
2.268e+13    0     -1        0  4.49e+08  0.00e+00  0.00e+00  0.00e+00  0.00e+00  0.00e+00  0.00e+00  0.00e+00  0.00e+00  0.00e+00  0.00e+00  0.00e+00  0.00e+00  0.00e+00  0.00e+00  0.00e+00  0.00e+00  0.00e+00  0.00e+00  0.00e+00  0.00e+00  0.00e+00 
2.392e+13    1      0        0  4.11e+08  0.00e+00  0.00e+00  1.00e+40  1.51e-11  7.71e+12  1.90e+05  1.90e+05  1.10e+01 -7.95e+00  1.90e+05  1.90e+05  1.15e+00  3.37e+42  3.37e+42  3.37e+42  3.12e+07  2.21e+04  3.06e+07  1.64e-01  0.00e+00  0.00e+00 
2.524e+13    2      0        0  3.74e+08  0.00e+00  0.00e+00  1.17e+40  1.45e-11  7.44e+12  1.80e+05  1.80e+05  4.46e+01  6.92e+01  1.78e+05  1.78e+05  1.33e+00  3.36e+42  3.36e+42  3.36e+42  3.30e+07  2.13e+04  3.24e+07  1.94e-01  0.00e+00  0.00e+00 
2.663e+13    3      0        0  3.39e+08  0.00e+00  0.00e+00  1.38e+40  1.41e-11  7.20e+12  1.72e+05  1.72e+05  2.09e+02 -1.89e+02  1.67e+05  1.67e+05  1.51e+00  3.38e+42  3.38e+42  3.38e+42  3.44e+07  2.03e+04  3.37e+07  4.56e-01  0.00e+00  0.00e+00 
2.810e+13    4      0        0  3.11e+08  0.00e+00  0.00e+00  1.62e+40  1.36e-11  6.96e+12  1.65e+05  1.65e+05  1.05e+02  5.15e+01  1.58e+05  1.58e+05  1.67e+00  3.44e+42  3.44e+42  3.43e+42  3.57e+07  1.93e+04  3.49e+07  4.72e-01  0.00e+00  0.00e+00 
2.964e+13    5      0        0  2.88e+08  0.00e+00  0.00e+00  1.90e+40  1.32e-11  6.74e+12  1.59e+05  1.59e+05  1.07e+02 -3.60e+02  1.51e+05  1.51e+05  1.81e+00  3.50e+42  3.50e+42  3.51e+42  3.70e+07  1.83e+04  3.61e+07  3.35e-01  0.00e+00  0.00e+00 
3.127e+13    6      0        0  2.66e+08  0.00e+00  0.00e+00  2.23e+40  1.28e-11  6.55e+12  1.53e+05  1.53e+05  6.30e-01 -4.89e-01  1.44e+05  1.44e+05  1.91e+00  3.62e+42  3.62e+42  3.63e+42  3.83e+07  1.72e+04  3.73e+07  1.56e-01  0.00e+00  0.00e+00 
3.299e+13    7      0        0  2.47e+08  0.00e+00  0.00e+00  2.62e+40  1.25e-11  6.42e+12  1.48e+05  1.47e+05 -1.18e+03  1.71e+03  1.39e+05  1.39e+05  1.96e+00  3.83e+42  3.83e+42  3.82e+42  3.95e+07  1.59e+04  3.84e+07  5.60e-01  0.00e+00  0.00e+00 
3.481e+13    8      0        0  2.29e+08  0.00e+00  0.00e+00  3.08e+40  1.24e-11  6.35e+12  1.42e+05  1.42e+05  3.94e+02 -1.67e+03  1.35e+05  1.35e+05  1.98e+00  4.11e+42  4.11e+42  4.10e+42  4.05e+07  1.45e+04  3.93e+07  2.40e-01  0.00e+00  0.00e+00 
3.673e+13    9      0        0  2.14e+08  0.00e+00  0.00e+00  3.62e+40  1.23e-11  6.30e+12  1.37e+05  1.37e+05 -4.43e+02  9.18e+02  1.31e+05  1.31e+05  1.95e+00  4.45e+42  4.45e+42  4.45e+42  4.14e+07  1.31e+04  4.01e+07  5.60e-01  0.00e+00  0.00e+00 
3.875e+13   10      0        0  2.00e+08  0.00e+00  0.00e+00  4.25e+40  1.22e-11  6.26e+12  1.34e+05  1.31e+05 -3.62e+03  4.56e+03  1.28e+05  1.28e+05  1.88e+00  4.86e+42  4.87e+42  4.85e+42  4.21e+07  1.17e+04  4.07e+07  5.60e-01  0.00e+00  0.00e+00 
4.088e+13   11      0        0  1.88e+08  0.00e+00  0.00e+00  4.99e+40  1.22e-11  6.22e+12  1.31e+05  1.26e+05 -4.89e+03  5.68e+03  1.25e+05  1.25e+05  1.77e+00  5.32e+42  5.33e+42  5.29e+42  4.26e+07  1.04e+04  4.10e+07  5.60e-01  0.00e+00  0.00e+00 
4.313e+13   12      0        0  1.77e+08  0.00e+00  0.00e+00  5.86e+40  1.20e-11  6.17e+12  1.28e+05  1.20e+05 -6.84e+03  6.65e+03  1.23e+05  1.23e+05  1.65e+00  5.85e+42  5.86e+42  5.78e+42  4.28e+07  9.21e+03  4.11e+07  8.00e-01  0.00e+00  0.00e+00 
4.551e+13   13      0        0  1.66e+08  0.00e+00  0.00e+00  6.88e+40  1.19e-11  6.08e+12  1.22e+05  1.16e+05 -4.87e+03  4.08e+03  1.21e+05  1.21e+05  1.52e+00  6.32e+42  6.33e+42  6.26e+42  4.26e+07  8.09e+03  4.08e+07  8.00e-01  0.00e+00  0.00e+00 
4.801e+13   14      0        0  1.58e+08  0.00e+00  0.00e+00  8.08e+40  1.16e-11  5.93e+12  1.18e+05  1.08e+05 -9.81e+03  1.04e+04  1.19e+05  1.19e+05  1.38e+00  6.79e+42  6.82e+42  6.67e+42  4.21e+07  7.10e+03  4.01e+07  5.60e-01  0.00e+00  0.00e+00 
5.065e+13   15      0        0  1.53e+08  0.00e+00  0.00e+00  9.49e+40  1.13e-11  5.76e+12  1.13e+05  1.03e+05 -7.60e+03  6.01e+03  1.16e+05  1.17e+05  1.24e+00  7.11e+42  7.13e+42  7.00e+42  4.14e+07  6.21e+03  3.92e+07  8.00e-01  0.00e+00  0.00e+00 
5.344e+13   16      0        0  1.55e+08  0.00e+00  0.00e+00  1.11e+41  1.09e-11  5.57e+12  1.03e+05  1.02e+05 -1.27e+03  1.12e+03  1.14e+05  1.14e+05  1.12e+00  7.30e+42  7.31e+42  7.22e+42  4.03e+07  5.40e+03  3.79e+07  4.94e-01  0.00e+00  0.00e+00 
5.638e+13   17      0        0  1.62e+08  0.00e+00  0.00e+00  1.31e+41  1.05e-11  5.37e+12  9.77e+04  9.75e+04 -2.29e+02  2.93e+02  1.11e+05  1.11e+05  1.02e+00  7.63e+42  7.63e+42  7.57e+42  3.90e+07  4.68e+03  3.64e+07  1.00e-01  0.00e+00  0.00e+00 
5.949e+13   18      0        0  1.73e+08  0.00e+00  0.00e+00  1.54e+41  9.99e-12  5.12e+12  9.60e+04  9.02e+04 -4.88e+03  3.33e+03  1.08e+05  1.08e+05  9.43e-01  8.02e+42  8.05e+42  7.92e+42  3.77e+07  4.10e+03  3.49e+07  8.00e-01  0.00e+00  0.00e+00 
6.276e+13   19      0        0  1.88e+08  0.00e+00  0.00e+00  1.81e+41  9.41e-12  4.81e+12  8.88e+04  8.87e+04 -7.86e+01  1.24e+02  1.04e+05  1.04e+05  8.83e-01  7.91e+42  7.91e+42  7.89e+42  3.64e+07  3.64e+03  3.33e+07  1.00e-01  0.00e+00  0.00e+00 
6.621e+13   20      0        0  2.04e+08  0.00e+00  0.00e+00  2.12e+41  8.72e-12  4.46e+12  8.51e+04  8.49e+04 -2.69e+02  4.11e+02  1.00e+05  1.01e+05  8.41e-01  7.76e+42  7.76e+42  7.72e+42  3.51e+07  3.29e+03  3.17e+07  2.24e-01  0.00e+00  0.00e+00 
6.986e+13   21      0        0  2.14e+08  0.00e+00  0.00e+00  2.49e+41  8.01e-12  4.10e+12  8.14e+04  8.13e+04 -2.26e+01  7.16e+01  9.67e+04  9.68e+04  8.09e-01  7.52e+42  7.52e+42  7.50e+42  3.38e+07  3.02e+03  3.02e+07  1.00e-01  0.00e+00  0.00e+00 
7.370e+13   22      0        0  2.27e+08  0.00e+00  0.00e+00  2.92e+41  7.23e-12  3.70e+12  7.80e+04  7.80e+04  1.85e+01 -4.98e+01  9.30e+04  9.30e+04  7.91e-01  7.04e+42  7.04e+42  7.03e+42  3.27e+07  2.83e+03  2.87e+07  1.00e-01  0.00e+00  0.00e+00 
7.776e+13   23      0        0  2.37e+08  0.00e+00  0.00e+00  3.43e+41  6.47e-12  3.31e+12  7.50e+04  7.50e+04 -8.68e+01  5.08e+01  8.95e+04  8.95e+04  7.79e-01  6.50e+42  6.50e+42  6.50e+42  3.17e+07  2.70e+03  2.74e+07  1.40e-01  0.00e+00  0.00e+00 
8.204e+13   24      0        0  2.41e+08  0.00e+00  0.00e+00  4.03e+41  5.74e-12  2.94e+12  7.24e+04  7.24e+04  4.17e+01  6.26e+00  8.62e+04  8.61e+04  7.75e-01  5.92e+42  5.92e+42  5.96e+42  3.10e+07  2.62e+03  2.63e+07  1.61e-01  0.00e+00  0.00e+00 
8.656e+13   25      0        0  2.46e+08  0.00e+00  0.00e+00  4.74e+41  5.08e-12  2.60e+12  6.97e+04  6.98e+04 -6.69e+01 -3.37e+01  8.31e+04  8.31e+04  7.75e-01  5.40e+42  5.40e+42  5.43e+42  3.04e+07  2.56e+03  2.53e+07  1.21e-01  0.00e+00  0.00e+00 
9.132e+13   26      0        0  2.42e+08  0.00e+00  0.00e+00  5.56e+41  4.53e-12  2.32e+12  6.75e+04  6.75e+04 -6.75e+01  3.20e+01  8.05e+04  8.06e+04  7.65e-01  5.01e+42  5.01e+42  5.02e+42  2.99e+07  2.51e+03  2.45e+07  1.10e-01  0.00e+00  0.00e+00 
9.635e+13   27      0        0  2.40e+08  0.00e+00  0.00e+00  6.53e+41  4.01e-12  2.05e+12  6.53e+04  6.54e+04 -4.38e+00 -1.05e+01  7.84e+04  7.84e+04  7.53e-01  4.60e+42  4.60e+42  4.60e+42  2.95e+07  2.50e+03  2.38e+07  1.10e-01  0.00e+00  0.00e+00 
1.017e+14   28      0        0  2.34e+08  0.00e+00  0.00e+00  7.67e+41  3.59e-12  1.84e+12  6.35e+04  6.35e+04  2.71e+00 -2.33e+00  7.66e+04  7.67e+04  7.35e-01  4.37e+42  4.37e+42  4.40e+42  2.93e+07  2.47e+03  2.32e+07  1.10e-01  0.00e+00  0.00e+00 
1.072e+14   29      0        0  2.19e+08  0.00e+00  0.00e+00  9.01e+41  3.21e-12  1.64e+12  6.19e+04  6.19e+04 -1.88e+00  1.80e+01  7.51e+04  7.52e+04  7.13e-01  4.10e+42  4.10e+42  4.13e+42  2.92e+07  2.46e+03  2.28e+07  1.00e-01  0.00e+00  0.00e+00 
1.131e+14   30      0        0  2.04e+08  0.00e+00  0.00e+00  1.06e+42  2.89e-12  1.48e+12  6.04e+04  6.04e+04 -2.87e+01  1.09e+01  7.37e+04  7.38e+04  6.92e-01  3.98e+42  3.98e+42  3.99e+42  2.92e+07  2.45e+03  2.24e+07  1.21e-01  0.00e+00  0.00e+00 
1.194e+14   31      0        0  1.82e+08  0.00e+00  0.00e+00  1.24e+42  2.62e-12  1.34e+12  5.87e+04  5.87e+04 -8.69e+01  1.97e+02  7.23e+04  7.24e+04  6.71e-01  3.86e+42  3.86e+42  3.86e+42  2.91e+07  2.41e+03  2.20e+07  2.21e-01  0.00e+00  0.00e+00 
1.259e+14   32      0        0  1.58e+08  0.00e+00  0.00e+00  1.46e+42  2.39e-12  1.22e+12  5.71e+04  5.70e+04 -2.21e+01  2.70e+01  7.10e+04  7.11e+04  6.49e-01  3.70e+42  3.70e+42  3.70e+42  2.90e+07  2.36e+03  2.16e+07  1.03e-01  0.00e+00  0.00e+00 
1.329e+14   33      0        0  1.37e+08  0.00e+00  0.00e+00  1.71e+42  2.19e-12  1.12e+12  5.53e+04  5.53e+04 -1.22e+02  1.19e+02  6.97e+04  6.98e+04  6.27e-01  3.65e+42  3.65e+42  3.65e+42  2.90e+07  2.30e+03  2.12e+07  3.29e-01  0.00e+00  0.00e+00 
1.402e+14   34      0        0  1.15e+08  0.00e+00  0.00e+00  2.01e+42  2.01e-12  1.03e+12  5.37e+04  5.37e+04 -3.47e+01  4.31e+01  6.85e+04  6.85e+04  6.05e-01  3.50e+42  3.50e+42  3.49e+42  2.89e+07  2.24e+03  2.08e+07  1.00e-01  0.00e+00  0.00e+00 
1.479e+14   35      0        0  9.73e+07  0.00e+00  0.00e+00  2.36e+42  1.85e-12  9.48e+11  5.20e+04  5.20e+04  1.09e+00  1.47e+01  6.73e+04  6.73e+04  5.83e-01  3.43e+42  3.43e+42  3.44e+42  2.88e+07  2.16e+03  2.04e+07  1.10e-01  0.00e+00  0.00e+00 
1.561e+14   36      0        0  8.04e+07  0.00e+00  0.00e+00  2.78e+42  1.72e-12  8.81e+11  5.06e+04  5.06e+04  1.97e+01  1.14e+01  6.61e+04  6.59e+04  5.62e-01  3.37e+42  3.37e+42  3.38e+42  2.87e+07  2.06e+03  2.00e+07  2.20e-01  0.00e+00  0.00e+00 
1.646e+14   37      0        0  6.73e+07  0.00e+00  0.00e+00  3.26e+42  1.60e-12  8.20e+11  4.91e+04  4.91e+04  4.86e+01  1.29e+01  6.48e+04  6.46e+04  5.43e-01  3.33e+42  3.33e+42  3.35e+42  2.86e+07  1.96e+03  1.95e+07  1.10e-01  0.00e+00  0.00e+00 
1.737e+14   38      0        0  5.59e+07  0.00e+00  0.00e+00  3.83e+42  1.50e-12  7.68e+11  4.76e+04  4.76e+04  1.71e+01 -1.95e+01  6.35e+04  6.34e+04  5.25e-01  3.37e+42  3.37e+42  3.39e+42  2.85e+07  1.84e+03  1.90e+07  1.00e-01  0.00e+00  0.00e+00 
1.833e+14   39      0        0  4.49e+07  0.00e+00  0.00e+00  4.50e+42  1.41e-12  7.21e+11  4.61e+04  4.62e+04  8.58e+00 -3.54e+01  6.22e+04  6.21e+04  5.10e-01  3.39e+42  3.39e+42  3.40e+42  2.83e+07  1.73e+03  1.84e+07  1.00e-01  0.00e+00  0.00e+00 
1.934e+14   40      0        0  3.65e+07  0.00e+00  0.00e+00  5.28e+42  1.33e-12  6.81e+11  4.47e+04  4.47e+04  5.79e+01 -7.35e+01  6.08e+04  6.08e+04  4.95e-01  3.50e+42  3.50e+42  3.51e+42  2.82e+07  1.61e+03  1.79e+07  1.00e-01  0.00e+00  0.00e+00 
2.040e+14   41      0        0  2.78e+07  0.00e+00  0.00e+00  6.20e+42  1.27e-12  6.48e+11  4.33e+04  4.33e+04  1.81e+02 -2.04e+02  5.95e+04  5.94e+04  4.80e-01  3.61e+42  3.61e+42  3.62e+42  2.79e+07  1.48e+03  1.73e+07  1.00e-01  0.00e+00  0.00e+00 
2.152e+14   42      0        0  2.12e+07  0.00e+00  0.00e+00  7.28e+42  1.20e-12  6.16e+11  4.17e+04  4.18e+04  1.29e+02 -1.23e+02  5.82e+04  5.80e+04  4.63e-01  3.72e+42  3.72e+42  3.73e+42  2.76e+07  1.35e+03  1.67e+07  1.10e-01  0.00e+00  0.00e+00 
2.271e+14   43      0        0  1.69e+07  0.00e+00  0.00e+00  8.55e+42  1.14e-12  5.85e+11  4.04e+04  4.05e+04  8.69e+01 -1.64e+02  5.68e+04  5.65e+04  4.48e-01  3.88e+42  3.88e+42  3.91e+42  2.72e+07  1.23e+03  1.59e+07  1.00e-01  0.00e+00  0.00e+00 
2.396e+14   44      0        0  1.15e+07  0.00e+00  0.00e+00  1.00e+43  1.09e-12  5.55e+11  3.89e+04  3.90e+04  4.51e+02 -1.30e+03  5.53e+04  5.50e+04  4.35e-01  3.97e+42  3.97e+42  4.01e+42  2.67e+07  1.11e+03  1.52e+07  1.10e-01  0.00e+00  0.00e+00 
2.528e+14   45      0        0  8.38e+06  0.00e+00  0.00e+00  1.18e+43  1.04e-12  5.30e+11  3.73e+04  3.87e+04  2.40e+03 -3.34e+03  5.38e+04  5.33e+04  4.24e-01  4.08e+42  4.08e+42  4.21e+42  2.62e+07  9.88e+02  1.43e+07  2.64e-01  0.00e+00  0.00e+00 
2.667e+14   46      0        1  5.85e+06  0.00e+00  0.00e+00  1.39e+43  9.88e-13  5.05e+11  3.18e+04  3.93e+04  4.92e+03 -1.94e+03  5.21e+04  5.16e+04  4.16e-01  4.10e+42  4.07e+42  4.23e+42  2.55e+07  8.72e+02  1.34e+07  8.00e-01  0.00e+00  0.00e+00 
2.813e+14   47      0        0  4.65e+06  0.00e+00  0.00e+00  1.63e+43  9.44e-13  4.83e+11  3.46e+04  3.51e+04  7.70e+02 -1.53e+03  5.01e+04  4.97e+04  4.18e-01  4.54e+42  4.54e+42  4.62e+42  2.48e+07  7.56e+02  1.24e+07  1.65e-01  0.00e+00  0.00e+00 
2.968e+14   48      0        0  4.74e+06  0.00e+00  0.00e+00  1.91e+43  9.12e-13  4.67e+11  3.32e+04  3.34e+04  4.56e+02 -9.77e+02  4.78e+04  4.75e+04  4.29e-01  4.96e+42  4.96e+42  5.01e+42  2.39e+07  6.33e+02  1.12e+07  1.10e-01  0.00e+00  0.00e+00 
3.132e+14   49      0        0  4.62e+06  0.00e+00  0.00e+00  2.24e+43  8.74e-13  4.47e+11  3.22e+04  3.23e+04  1.65e+02 -3.18e+02  4.52e+04  4.50e+04  4.51e-01  5.39e+42  5.39e+42  5.42e+42  2.28e+07  5.17e+02  9.86e+06  1.00e-01  0.00e+00  0.00e+00 
3.304e+14   50      0        0  7.92e+06  0.00e+00  0.00e+00  2.63e+43  8.56e-13  4.38e+11  3.13e+04  3.13e+04  4.21e+01 -4.13e+01  4.22e+04  4.20e+04  4.88e-01  6.29e+42  6.29e+42  6.32e+42  2.16e+07  3.94e+02  8.40e+06  1.21e-01  0.00e+00  0.00e+00 
3.486e+14   51      0        0  2.47e+07  0.00e+00  0.00e+00  3.09e+43  8.49e-13  4.34e+11  3.01e+04  3.01e+04  3.06e+01 -2.90e+01  3.90e+04  3.89e+04  5.37e-01  7.60e+42  7.60e+42  7.63e+42  2.00e+07  2.79e+02  6.88e+06  1.10e-01  0.00e+00  0.00e+00 
3.678e+14   52      0        0  6.61e+07  0.00e+00  0.00e+00  3.63e+43  8.08e-13  4.13e+11  2.85e+04  2.86e+04  2.93e+01 -1.97e+01  3.59e+04  3.59e+04  5.86e-01  7.86e+42  7.86e+42  7.91e+42  1.84e+07  1.98e+02  5.49e+06  1.85e-01  0.00e+00  0.00e+00 
3.880e+14   53      0        0  1.45e+08  0.00e+00  0.00e+00  4.27e+43  7.96e-13  4.07e+11  2.68e+04  2.68e+04 -1.65e+02  4.89e+02  3.31e+04  3.31e+04  6.36e-01  8.60e+42  8.60e+42  8.63e+42  1.67e+07  1.35e+02  4.34e+06  2.74e-01  0.00e+00  0.00e+00 
4.094e+14   54      0        0  2.27e+08  0.00e+00  0.00e+00  5.01e+43  7.74e-13  3.96e+11  2.46e+04  2.49e+04  2.27e+02 -4.94e+01  3.06e+04  3.05e+04  6.74e-01  8.99e+42  8.98e+42  8.94e+42  1.50e+07  8.99e+01  3.33e+06  6.78e-01  0.00e+00  0.00e+00 
4.319e+14   55      0        0  2.78e+08  0.00e+00  0.00e+00  5.89e+43  7.49e-13  3.83e+11  2.30e+04  2.30e+04 -4.55e+00 -1.32e+01  2.82e+04  2.82e+04  6.95e-01  9.71e+42  9.71e+42  9.82e+42  1.30e+07  5.50e+01  2.56e+06  1.42e-01  0.00e+00  0.00e+00 
4.557e+14   56      0        0  4.11e+08  0.00e+00  0.00e+00  6.91e+43  7.22e-13  3.69e+11  2.09e+04  2.08e+04 -1.61e+02  1.21e+02  2.64e+04  2.64e+04  6.54e-01  1.03e+43  1.03e+43  1.04e+43  1.09e+07  3.33e+01  1.88e+06  5.82e-01  0.00e+00  0.00e+00 
4.808e+14   57      0        0  4.78e+08  0.00e+00  0.00e+00  8.12e+43  6.76e-13  3.44e+11  1.92e+04  1.91e+04 -7.70e+00 -2.46e+00  2.43e+04  2.44e+04  6.18e-01  1.02e+43  1.02e+43  1.03e+43  8.54e+06  1.80e+01  1.33e+06  1.21e-01  0.00e+00  0.00e+00 
5.072e+14   58      0        0  5.63e+08  0.00e+00  0.00e+00  9.53e+43  5.59e-13  2.75e+11  1.76e+04  1.76e+04 -5.66e+01 -3.32e+01  2.14e+04  2.14e+04  6.42e-01  7.06e+42  7.06e+42  7.04e+42  6.06e+06  8.93e+00  8.04e+05  2.31e-01  0.00e+00  0.00e+00 
5.351e+14   59      0        0  6.82e+08  0.00e+00  0.00e+00  1.12e+44  3.78e-13  1.80e+11  1.46e+04  1.46e+04 -2.12e+01 -3.09e+01  1.98e+04  1.98e+04  5.03e-01  3.12e+42  3.12e+42  3.12e+42  3.94e+06  5.04e+00  3.83e+05  1.49e-01  0.00e+00  0.00e+00 
5.646e+14   60      0        0  6.91e+08  0.00e+00  0.00e+00  1.32e+44  2.23e-13  1.05e+11  1.24e+04  1.24e+04 -1.83e+01 -1.09e+01  1.87e+04  1.86e+04  3.45e-01  1.10e+42  1.10e+42  1.10e+42  2.44e+06  2.37e+00  1.77e+05  2.20e-01  0.00e+00  0.00e+00 
5.957e+14   61      0        0  8.37e+08  0.00e+00  0.00e+00  1.54e+44  1.20e-13  5.62e+10  1.07e+04  1.07e+04 -1.29e+01 -1.22e+01  1.81e+04  1.81e+04  2.15e-01  3.40e+41  3.40e+41  3.40e+41  1.52e+06  1.32e+00  6.87e+04  1.40e-01  0.00e+00  0.00e+00 
6.285e+14   62      0        0  9.09e+08  0.00e+00  0.00e+00  1.81e+44  6.37e-14  2.98e+10  1.00e+04  1.00e+04  1.43e+00 -1.75e+01  1.78e+04  1.77e+04  1.31e-01  1.05e+41  1.05e+41  1.06e+41  9.91e+05  7.10e-01  2.72e+04  1.00e-01  0.00e+00  0.00e+00 
6.631e+14   63      0        0  9.80e+08  0.00e+00  0.00e+00  2.13e+44  3.27e-14  1.53e+10  9.96e+03  9.96e+03  2.57e+01  5.61e+00  1.76e+04  1.75e+04  8.26e-02  3.17e+40  3.17e+40  3.18e+40  6.94e+05  3.75e-01  1.07e+04  1.10e-01  0.00e+00  0.00e+00 
6.996e+14   64      0        0  1.12e+09  0.00e+00  0.00e+00  2.50e+44  1.73e-14  8.08e+09  9.53e+03  1.02e+04 -1.80e+02  2.67e+02  1.74e+04  1.74e+04  5.27e-02  9.78e+39  9.77e+39  1.01e+40  5.24e+05  2.12e-01  3.72e+03  3.35e-01  0.00e+00  0.00e+00 
7.381e+14   65     -1        0  1.24e+09  0.00e+00  0.00e+00  0.00e+00  0.00e+00  0.00e+00  0.00e+00  0.00e+00  0.00e+00  0.00e+00  0.00e+00  0.00e+00  0.00e+00  0.00e+00  0.00e+00  0.00e+00  0.00e+00  0.00e+00  0.00e+00  0.00e+00  0.00e+00  0.00e+00 
7.787e+14   66     -1        0  1.24e+09  0.00e+00  0.00e+00  0.00e+00  0.00e+00  0.00e+00  0.00e+00  0.00e+00  0.00e+00  0.00e+00  0.00e+00  0.00e+00  0.00e+00  0.00e+00  0.00e+00  0.00e+00  0.00e+00  0.00e+00  0.00e+00  0.00e+00  0.00e+00  0.00e+00 
