       r    i inwind      i01      i02      i03      i04      i05      i06      i07      i08      i09 
2.27e+13    0     -1 0.00e+00 0.00e+00 0.00e+00 0.00e+00 0.00e+00 0.00e+00 0.00e+00 0.00e+00 0.00e+00 
2.39e+13    1      0 1.00e-20 1.00e-20 1.00e-20 3.49e-18 7.14e-12 2.04e-06 1.00e+00 1.75e-19 1.00e-20 
2.52e+13    2      0 1.00e-20 1.00e-20 1.00e-20 1.23e-17 1.94e-11 3.52e-06 1.00e+00 1.42e-20 1.00e-20 
2.66e+13    3      0 1.00e-20 1.00e-20 1.00e-20 4.89e-17 5.79e-11 6.41e-06 1.00e+00 1.00e-20 1.00e-20 
2.81e+13    4      0 1.00e-20 1.00e-20 1.00e-20 2.13e-16 1.86e-10 1.22e-05 1.00e+00 1.00e-20 1.00e-20 
2.96e+13    5      0 1.00e-20 1.00e-20 1.00e-20 1.05e-15 6.62e-10 2.45e-05 1.00e+00 1.00e-20 1.00e-20 
3.13e+13    6      0 1.00e-20 1.00e-20 1.00e-20 5.94e-15 2.67e-09 5.43e-05 1.00e+00 1.00e-20 1.00e-20 
3.30e+13    7      0 1.00e-20 1.00e-20 1.00e-20 4.60e-14 1.45e-08 1.54e-04 1.00e+00 1.00e-20 1.00e-20 
3.48e+13    8      0 1.00e-20 1.00e-20 9.17e-20 5.13e-13 1.11e-07 6.11e-04 9.99e-01 1.00e-20 1.00e-20 
3.67e+13    9      0 1.00e-20 1.00e-20 3.03e-18 1.38e-11 2.08e-06 6.06e-03 9.94e-01 1.00e-20 1.00e-20 
3.87e+13   10      0 1.00e-20 1.00e-20 2.39e-17 8.84e-11 9.34e-06 1.58e-02 9.84e-01 1.00e-20 1.00e-20 
4.09e+13   11      0 1.00e-20 1.00e-20 1.02e-16 3.07e-10 2.37e-05 2.48e-02 9.75e-01 1.00e-20 1.00e-20 
4.31e+13   12      0 1.00e-20 1.00e-20 5.00e-16 1.23e-09 7.17e-05 5.01e-02 9.50e-01 1.00e-20 1.00e-20 
4.55e+13   13      0 1.00e-20 1.00e-20 3.47e-15 7.04e-09 3.21e-04 1.60e-01 8.40e-01 1.00e-20 1.00e-20 
4.80e+13   14      0 1.00e-20 1.00e-20 1.58e-14 2.66e-08 9.92e-04 3.92e-01 6.07e-01 1.00e-20 1.00e-20 
5.07e+13   15      0 1.00e-20 1.00e-20 3.69e-14 5.16e-08 1.61e-03 5.32e-01 4.66e-01 1.00e-20 1.00e-20 
5.34e+13   16      0 1.00e-20 1.00e-20 7.51e-14 8.82e-08 2.34e-03 6.46e-01 3.52e-01 1.00e-20 1.00e-20 
5.64e+13   17      0 1.00e-20 1.00e-20 1.49e-13 1.43e-07 3.17e-03 7.33e-01 2.64e-01 1.00e-20 1.00e-20 
5.95e+13   18      0 1.00e-20 1.28e-20 2.97e-13 2.31e-07 4.17e-03 7.99e-01 1.97e-01 1.00e-20 1.00e-20 
6.28e+13   19      0 1.00e-20 2.78e-20 5.60e-13 3.64e-07 5.44e-03 8.36e-01 1.58e-01 1.00e-20 1.00e-20 
6.62e+13   20      0 1.00e-20 6.41e-20 1.11e-12 5.95e-07 7.25e-03 8.86e-01 1.07e-01 1.00e-20 1.00e-20 
6.99e+13   21      0 1.00e-20 1.46e-19 2.20e-12 9.84e-07 9.69e-03 9.13e-01 7.69e-02 1.00e-20 1.00e-20 
7.37e+13   22      0 1.00e-20 3.28e-19 4.44e-12 1.68e-06 1.33e-02 9.34e-01 5.29e-02 1.00e-20 1.00e-20 
7.78e+13   23      0 1.00e-20 7.58e-19 9.35e-12 3.02e-06 1.89e-02 9.47e-01 3.38e-02 1.00e-20 1.00e-20 
8.20e+13   24      0 1.00e-20 1.75e-18 2.01e-11 5.59e-06 2.74e-02 9.51e-01 2.13e-02 1.00e-20 1.00e-20 
8.66e+13   25      0 1.00e-20 4.00e-18 4.47e-11 1.09e-05 4.12e-02 9.45e-01 1.33e-02 1.00e-20 1.00e-20 
9.13e+13   26      0 1.00e-20 8.38e-18 8.99e-11 1.94e-05 5.88e-02 9.33e-01 8.34e-03 1.00e-20 1.00e-20 
9.63e+13   27      0 1.00e-20 1.43e-17 1.51e-10 3.04e-05 7.75e-02 9.16e-01 5.99e-03 1.00e-20 1.00e-20 
1.02e+14   28      0 1.00e-20 2.08e-17 2.17e-10 4.14e-05 9.35e-02 9.01e-01 5.60e-03 1.00e-20 1.00e-20 
1.07e+14   29      0 1.00e-20 2.78e-17 2.87e-10 5.34e-05 1.10e-01 8.86e-01 4.19e-03 1.00e-20 1.00e-20 
1.13e+14   30      0 1.00e-20 4.11e-17 4.25e-10 7.63e-05 1.37e-01 8.61e-01 1.90e-03 1.00e-20 1.00e-20 
1.19e+14   31      0 1.00e-20 6.76e-17 6.98e-10 1.19e-04 1.81e-01 8.18e-01 1.36e-03 1.00e-20 1.00e-20 
1.26e+14   32      0 1.00e-20 1.08e-16 1.11e-09 1.82e-04 2.33e-01 7.66e-01 6.36e-04 1.00e-20 1.00e-20 
1.33e+14   33      0 1.00e-20 1.60e-16 1.64e-09 2.58e-04 2.85e-01 7.14e-01 3.47e-04 1.00e-20 1.00e-20 
1.40e+14   34      0 1.00e-20 2.15e-16 2.19e-09 3.35e-04 3.29e-01 6.70e-01 2.14e-04 1.00e-20 1.00e-20 
1.48e+14   35      0 1.00e-20 2.75e-16 2.77e-09 4.12e-04 3.66e-01 6.33e-01 2.14e-04 1.00e-20 1.00e-20 
1.56e+14   36      0 1.00e-20 3.43e-16 3.36e-09 4.83e-04 3.95e-01 6.05e-01 1.02e-04 1.00e-20 1.00e-20 
1.65e+14   37      0 1.00e-20 4.07e-16 3.88e-09 5.44e-04 4.14e-01 5.85e-01 9.48e-05 1.00e-20 1.00e-20 
1.74e+14   38      0 1.00e-20 4.88e-16 4.47e-09 6.04e-04 4.30e-01 5.70e-01 4.78e-05 1.00e-20 1.00e-20 
1.83e+14   39      0 1.00e-20 5.71e-16 5.00e-09 6.53e-04 4.38e-01 5.61e-01 5.82e-05 1.00e-20 1.00e-20 
1.93e+14   40      0 1.00e-20 6.78e-16 5.65e-09 7.07e-04 4.45e-01 5.54e-01 3.26e-05 1.00e-20 1.00e-20 
2.04e+14   41      0 1.00e-20 7.90e-16 6.18e-09 7.39e-04 4.42e-01 5.57e-01 1.49e-05 1.00e-20 1.00e-20 
2.15e+14   42      0 1.00e-20 9.14e-16 6.70e-09 7.64e-04 4.35e-01 5.64e-01 2.65e-05 1.00e-20 1.00e-20 
2.27e+14   43      0 1.00e-20 1.09e-15 7.39e-09 7.95e-04 4.29e-01 5.70e-01 8.97e-06 1.00e-20 1.00e-20 
2.40e+14   44      0 1.00e-20 1.27e-15 8.00e-09 8.11e-04 4.17e-01 5.82e-01 2.50e-06 1.00e-20 1.00e-20 
2.53e+14   45      0 1.00e-20 1.48e-15 8.53e-09 8.06e-04 3.95e-01 6.04e-01 1.35e-05 1.00e-20 1.00e-20 
2.67e+14   46      0 1.00e-20 1.31e-15 8.15e-09 7.67e-04 3.51e-01 6.49e-01 8.03e-06 1.00e-20 1.00e-20 
2.81e+14   47      0 1.00e-20 3.14e-15 1.38e-08 1.00e-03 3.94e-01 6.05e-01 5.19e-06 1.00e-20 1.00e-20 
2.97e+14   48      0 1.00e-20 7.24e-15 2.61e-08 1.49e-03 4.46e-01 5.52e-01 3.51e-06 1.00e-20 1.00e-20 
3.13e+14   49      0 1.00e-20 2.59e-14 7.19e-08 2.86e-03 5.58e-01 4.39e-01 1.21e-09 1.00e-20 1.00e-20 
3.30e+14   50      0 1.00e-20 2.09e-13 4.10e-07 9.02e-03 7.83e-01 2.08e-01 1.00e-20 1.00e-20 1.00e-20 
3.49e+14   51      0 3.31e-20 2.68e-12 3.48e-06 3.53e-02 9.22e-01 4.30e-02 1.00e-20 1.00e-20 1.00e-20 
3.68e+14   52      0 2.17e-19 1.45e-11 1.25e-05 7.30e-02 9.27e-01 1.26e-19 1.00e-20 1.00e-20 1.00e-20 
3.88e+14   53      0 6.46e-19 3.36e-11 1.74e-05 7.44e-02 9.26e-01 1.00e-20 1.00e-20 1.00e-20 1.00e-20 
4.09e+14   54      0 1.15e-18 4.72e-11 1.42e-05 5.29e-02 9.47e-01 1.00e-20 1.00e-20 1.00e-20 1.00e-20 
4.32e+14   55      0 2.47e-18 6.79e-11 1.18e-05 3.96e-02 9.60e-01 1.00e-20 1.00e-20 1.00e-20 1.00e-20 
4.56e+14   56      0 4.14e-18 7.21e-11 8.48e-06 2.85e-02 9.71e-01 1.00e-20 1.00e-20 1.00e-20 1.00e-20 
4.81e+14   57      0 2.71e-17 2.47e-10 1.69e-05 3.92e-02 9.61e-01 1.00e-20 1.00e-20 1.00e-20 1.00e-20 
5.07e+14   58      0 1.08e-14 4.95e-08 5.38e-04 2.01e-01 7.98e-01 1.00e-20 1.00e-20 1.00e-20 1.00e-20 
5.35e+14   59      0 1.90e-11 4.36e-05 3.30e-02 7.89e-01 1.78e-01 1.00e-20 1.00e-20 1.00e-20 1.00e-20 
5.65e+14   60      0 2.57e-07 2.48e-01 7.49e-01 2.92e-03 1.00e-20 1.00e-20 1.00e-20 1.00e-20 1.00e-20 
5.96e+14   61      0 1.89e-06 8.80e-01 1.20e-01 8.65e-06 1.00e-20 1.00e-20 1.00e-20 1.00e-20 1.00e-20 
6.28e+14   62      0 3.95e-06 1.00e+00 2.28e-15 1.00e-20 1.00e-20 1.00e-20 1.00e-20 1.00e-20 1.00e-20 
6.63e+14   63      0 6.84e-06 1.00e+00 1.77e-15 1.00e-20 1.00e-20 1.00e-20 1.00e-20 1.00e-20 1.00e-20 
7.00e+14   64      0 1.29e-05 1.00e+00 2.64e-16 1.00e-20 1.00e-20 1.00e-20 1.00e-20 1.00e-20 1.00e-20 
7.38e+14   65     -1 0.00e+00 0.00e+00 0.00e+00 0.00e+00 0.00e+00 0.00e+00 0.00e+00 0.00e+00 0.00e+00 
7.79e+14   66     -1 0.00e+00 0.00e+00 0.00e+00 0.00e+00 0.00e+00 0.00e+00 0.00e+00 0.00e+00 0.00e+00 
