       r    i inwind      i01      i02      i03 
2.27e+13    0     -1 0.00e+00 0.00e+00 0.00e+00 
2.39e+13    1      0 1.00e-20 5.22e-02 1.98e+09 
2.52e+13    2      0 1.00e-20 7.51e-02 1.95e+09 
2.66e+13    3      0 1.00e-20 7.82e-02 1.94e+09 
2.81e+13    4      0 1.00e-20 1.08e-01 1.96e+09 
2.96e+13    5      0 1.00e-20 1.05e-01 1.98e+09 
3.13e+13    6      0 1.00e-20 1.23e-01 2.03e+09 
3.30e+13    7      0 1.00e-20 1.61e-01 2.09e+09 
3.48e+13    8      0 1.00e-20 2.02e-01 2.18e+09 
3.67e+13    9      0 1.00e-20 2.92e-01 2.27e+09 
3.87e+13   10      0 1.00e-20 3.82e-01 2.38e+09 
4.09e+13   11      0 1.00e-20 5.35e-01 2.50e+09 
4.31e+13   12      0 1.00e-20 7.10e-01 2.61e+09 
4.55e+13   13      0 1.00e-20 8.83e-01 2.72e+09 
4.80e+13   14      0 1.00e-20 1.20e+00 2.82e+09 
5.07e+13   15      0 1.00e-20 1.56e+00 2.91e+09 
5.34e+13   16      0 1.00e-20 2.16e+00 2.99e+09 
5.64e+13   17      0 1.00e-20 2.77e+00 3.05e+09 
5.95e+13   18      0 1.00e-20 3.63e+00 3.10e+09 
6.28e+13   19      0 4.70e-11 4.85e+00 3.12e+09 
6.62e+13   20      0 6.75e-11 5.91e+00 3.13e+09 
6.99e+13   21      0 1.05e-10 7.85e+00 3.12e+09 
7.37e+13   22      0 1.66e-10 1.06e+01 3.09e+09 
7.78e+13   23      0 2.55e-10 1.37e+01 3.06e+09 
8.20e+13   24      0 4.08e-10 1.88e+01 3.02e+09 
8.66e+13   25      0 7.12e-10 2.44e+01 2.97e+09 
9.13e+13   26      0 1.11e-09 3.19e+01 2.91e+09 
9.63e+13   27      0 1.68e-09 4.12e+01 2.85e+09 
1.02e+14   28      0 2.35e-09 4.95e+01 2.80e+09 
1.07e+14   29      0 3.36e-09 6.09e+01 2.74e+09 
1.13e+14   30      0 5.18e-09 7.77e+01 2.69e+09 
1.19e+14   31      0 7.02e-09 9.06e+01 2.65e+09 
1.26e+14   32      0 1.04e-08 1.14e+02 2.61e+09 
1.33e+14   33      0 1.42e-08 1.35e+02 2.56e+09 
1.40e+14   34      0 1.94e-08 1.59e+02 2.50e+09 
1.48e+14   35      0 2.67e-08 1.90e+02 2.43e+09 
1.56e+14   36      0 3.68e-08 2.28e+02 2.35e+09 
1.65e+14   37      0 4.63e-08 2.52e+02 2.26e+09 
1.74e+14   38      0 6.01e-08 2.89e+02 2.16e+09 
1.83e+14   39      0 8.31e-08 3.45e+02 2.06e+09 
1.93e+14   40      0 1.02e-07 3.86e+02 1.95e+09 
2.04e+14   41      0 1.25e-07 4.17e+02 1.85e+09 
2.15e+14   42      0 1.57e-07 4.69e+02 1.75e+09 
2.27e+14   43      0 2.10e-07 5.52e+02 1.64e+09 
2.40e+14   44      0 2.67e-07 6.27e+02 1.54e+09 
2.53e+14   45      0 3.52e-07 7.39e+02 1.44e+09 
2.67e+14   46      0 4.51e-07 8.47e+02 1.34e+09 
2.81e+14   47      0 5.95e-07 9.95e+02 1.25e+09 
2.97e+14   48      0 7.53e-07 1.13e+03 1.17e+09 
3.13e+14   49      0 9.92e-07 1.32e+03 1.10e+09 
3.30e+14   50      0 1.28e-06 1.52e+03 1.02e+09 
3.49e+14   51      0 1.76e-06 1.86e+03 9.54e+08 
3.68e+14   52      0 2.25e-06 2.12e+03 8.88e+08 
3.88e+14   53      0 2.97e-06 2.50e+03 8.24e+08 
4.09e+14   54      0 4.20e-06 3.16e+03 7.65e+08 
4.32e+14   55      0 5.96e-06 4.01e+03 7.09e+08 
4.56e+14   56      0 8.42e-06 5.04e+03 6.56e+08 
4.81e+14   57      0 1.37e-05 7.37e+03 6.06e+08 
5.07e+14   58      0 2.93e-05 1.38e+04 5.61e+08 
5.35e+14   59      0 3.76e-04 1.51e+05 5.17e+08 
5.65e+14   60      0 2.81e-03 9.99e+05 4.75e+08 
5.96e+14   61      0 4.86e-03 1.50e+06 4.35e+08 
6.28e+14   62      0 6.96e-03 1.86e+06 3.95e+08 
6.63e+14   63      0 1.38e-02 3.18e+06 3.55e+08 
7.00e+14   64      0 2.22e-02 4.19e+06 3.16e+08 
7.38e+14   65     -1 0.00e+00 0.00e+00 0.00e+00 
7.79e+14   66     -1 0.00e+00 0.00e+00 0.00e+00 
