       r    i inwind      i01      i02      i03      i04      i05      i06      i07      i08      i09 
2.27e+13    0     -1 0.00e+00 0.00e+00 0.00e+00 0.00e+00 0.00e+00 0.00e+00 0.00e+00 0.00e+00 0.00e+00 
2.39e+13    1      0 1.72e-13 1.72e-13 1.72e-13 1.72e-13 7.80e-08 9.62e-01 1.72e+07 1.72e-13 1.72e-13 
2.52e+13    2      0 1.69e-13 1.69e-13 1.69e-13 1.69e-13 2.93e-07 2.00e+00 1.69e+07 1.69e-13 1.69e-13 
2.66e+13    3      0 1.69e-13 1.69e-13 1.69e-13 1.69e-13 8.29e-07 3.54e+00 1.69e+07 1.69e-13 1.69e-13 
2.81e+13    4      0 1.70e-13 1.70e-13 1.70e-13 1.70e-13 2.19e-06 6.08e+00 1.70e+07 1.70e-13 1.70e-13 
2.96e+13    5      0 1.73e-13 1.73e-13 1.73e-13 1.91e-13 5.80e-06 1.05e+01 1.73e+07 1.73e-13 1.73e-13 
3.13e+13    6      0 1.76e-13 1.76e-13 1.76e-13 6.86e-13 1.53e-05 1.81e+01 1.76e+07 1.76e-13 1.76e-13 
3.30e+13    7      0 1.82e-13 1.82e-13 1.82e-13 2.45e-12 4.02e-05 3.14e+01 1.82e+07 1.82e-13 1.82e-13 
3.48e+13    8      0 1.90e-13 1.90e-13 1.90e-13 8.92e-12 1.07e-04 5.49e+01 1.90e+07 1.90e-13 1.90e-13 
3.67e+13    9      0 1.98e-13 1.98e-13 1.98e-13 3.34e-11 2.93e-04 9.75e+01 1.98e+07 1.98e-13 1.98e-13 
3.87e+13   10      0 2.07e-13 2.07e-13 2.07e-13 1.24e-10 7.96e-04 1.74e+02 2.07e+07 2.07e-13 2.07e-13 
4.09e+13   11      0 2.18e-13 2.18e-13 2.18e-13 4.47e-10 2.11e-03 3.05e+02 2.17e+07 2.18e-13 2.18e-13 
4.31e+13   12      0 2.27e-13 2.27e-13 2.27e-13 1.55e-09 5.41e-03 5.21e+02 2.27e+07 2.27e-13 2.27e-13 
4.55e+13   13      0 2.37e-13 2.37e-13 2.37e-13 5.35e-09 1.39e-02 8.98e+02 2.37e+07 2.37e-13 2.37e-13 
4.80e+13   14      0 2.46e-13 2.46e-13 2.46e-13 1.75e-08 3.40e-02 1.50e+03 2.46e+07 2.46e-13 2.46e-13 
5.07e+13   15      0 2.54e-13 2.54e-13 2.54e-13 5.50e-08 8.04e-02 2.44e+03 2.54e+07 2.54e-13 2.54e-13 
5.34e+13   16      0 2.61e-13 2.61e-13 2.61e-13 1.68e-07 1.86e-01 3.93e+03 2.61e+07 2.61e-13 2.61e-13 
5.64e+13   17      0 2.66e-13 2.66e-13 2.66e-13 5.06e-07 4.27e-01 6.31e+03 2.66e+07 2.66e-13 2.66e-13 
5.95e+13   18      0 2.70e-13 2.70e-13 2.70e-13 1.40e-06 9.08e-01 9.55e+03 2.69e+07 2.70e-13 2.70e-13 
6.28e+13   19      0 2.72e-13 2.72e-13 2.72e-13 4.02e-06 1.99e+00 1.49e+04 2.72e+07 2.72e-13 2.72e-13 
6.62e+13   20      0 2.72e-13 2.72e-13 7.66e-13 1.10e-05 4.19e+00 2.24e+04 2.72e+07 2.72e-13 2.72e-13 
6.99e+13   21      0 2.71e-13 2.71e-13 2.61e-12 3.05e-05 9.04e+00 3.48e+04 2.71e+07 2.71e-13 2.71e-13 
7.37e+13   22      0 2.69e-13 2.69e-13 9.58e-12 9.19e-05 2.10e+01 5.74e+04 2.69e+07 2.69e-13 2.69e-13 
7.78e+13   23      0 2.67e-13 2.67e-13 3.27e-11 2.60e-04 4.66e+01 9.32e+04 2.66e+07 2.67e-13 2.67e-13 
8.20e+13   24      0 2.63e-13 2.63e-13 1.22e-10 8.06e-04 1.13e+02 1.65e+05 2.61e+07 2.63e-13 2.63e-13 
8.66e+13   25      0 2.58e-13 2.58e-13 4.70e-10 2.70e-03 3.09e+02 3.45e+05 2.55e+07 2.58e-13 2.58e-13 
9.13e+13   26      0 2.54e-13 2.54e-13 4.76e-09 2.54e-02 2.44e+03 2.15e+06 2.32e+07 2.54e-13 2.54e-13 
9.63e+13   27      0 2.48e-13 2.48e-13 9.06e-08 4.35e-01 3.49e+04 2.48e+07 1.34e-05 2.48e-13 2.48e-13 
1.02e+14   28      0 2.44e-13 2.44e-13 1.06e-07 4.45e-01 2.96e+04 1.71e+07 7.24e+06 2.44e-13 2.44e-13 
1.07e+14   29      0 2.39e-13 2.39e-13 2.46e-07 9.05e-01 5.04e+04 2.38e+07 1.46e-06 2.39e-13 2.39e-13 
1.13e+14   30      0 2.35e-13 2.35e-13 3.57e-07 1.15e+00 5.31e+04 2.05e+07 2.93e+06 2.35e-13 2.35e-13 
1.19e+14   31      0 2.31e-13 2.31e-13 5.27e-07 1.49e+00 5.82e+04 1.83e+07 4.67e+06 2.31e-13 2.31e-13 
1.26e+14   32      0 2.27e-13 2.27e-13 1.01e-06 2.53e+00 8.32e+04 2.26e+07 4.20e-08 2.27e-13 2.27e-13 
1.33e+14   33      0 2.23e-13 2.23e-13 1.73e-06 3.81e+00 1.04e+05 2.22e+07 1.20e-08 2.23e-13 2.23e-13 
1.40e+14   34      0 2.17e-13 2.17e-13 3.73e-06 7.27e+00 1.69e+05 2.16e+07 3.87e-09 2.17e-13 2.17e-13 
1.48e+14   35      0 2.11e-13 2.11e-13 1.18e-05 2.04e+01 3.99e+05 2.07e+07 1.11e-09 2.11e-13 2.11e-13 
1.56e+14   36      0 2.04e-13 2.24e-13 2.11e-05 3.23e+01 5.32e+05 1.99e+07 3.75e-10 2.04e-13 2.04e-13 
1.65e+14   37      0 1.96e-13 3.79e-13 3.21e-05 4.31e+01 6.02e+05 1.90e+07 1.71e-10 1.96e-13 1.96e-13 
1.74e+14   38      0 1.88e-13 6.24e-12 4.68e-04 5.40e+02 6.21e+06 1.26e+07 8.50e-11 1.88e-13 1.88e-13 
1.83e+14   39      0 1.79e-13 8.10e-12 5.89e-04 6.18e+02 5.90e+06 1.20e+07 6.12e-12 1.79e-13 1.79e-13 
1.93e+14   40      0 1.70e-13 1.28e-11 7.68e-04 6.68e+02 5.32e+06 1.17e+07 2.87e-11 1.70e-13 1.70e-13 
2.04e+14   41      0 1.61e-13 5.97e-11 3.25e-03 2.46e+03 1.61e+07 2.65e-08 1.61e-13 1.61e-13 1.61e-13 
2.15e+14   42      0 1.52e-13 5.90e-11 2.85e-03 1.85e+03 9.90e+06 5.32e+06 4.33e-12 1.52e-13 1.52e-13 
2.27e+14   43      0 1.43e-13 1.33e-10 6.02e-03 3.39e+03 1.43e+07 4.97e-09 1.43e-13 1.43e-13 1.43e-13 
2.40e+14   44      0 1.34e-13 2.06e-10 8.39e-03 4.02e+03 1.34e+07 2.97e-09 1.34e-13 1.34e-13 1.34e-13 
2.53e+14   45      0 1.25e-13 3.21e-10 1.17e-02 4.77e+03 1.25e+07 1.70e-09 1.25e-13 1.25e-13 1.25e-13 
2.67e+14   46      0 1.17e-13 4.97e-10 1.65e-02 5.70e+03 1.17e+07 7.71e-10 1.17e-13 1.17e-13 1.17e-13 
2.81e+14   47      0 1.09e-13 7.77e-10 2.34e-02 6.83e+03 1.09e+07 3.47e-10 1.09e-13 1.09e-13 1.09e-13 
2.97e+14   48      0 1.02e-13 1.27e-09 3.45e-02 8.40e+03 1.02e+07 1.58e-10 1.02e-13 1.02e-13 1.02e-13 
3.13e+14   49      0 9.54e-14 2.09e-09 5.11e-02 1.03e+04 9.53e+06 6.97e-11 9.54e-14 9.54e-14 9.54e-14 
3.30e+14   50      0 8.90e-14 3.56e-09 7.80e-02 1.30e+04 8.89e+06 2.99e-11 8.90e-14 8.90e-14 8.90e-14 
3.49e+14   51      0 8.30e-14 5.91e-09 1.16e-01 1.59e+04 8.29e+06 1.30e-11 8.30e-14 8.30e-14 8.30e-14 
3.68e+14   52      0 7.73e-14 1.03e-08 1.81e-01 2.05e+04 7.71e+06 5.49e-12 7.73e-14 7.73e-14 7.73e-14 
3.88e+14   53      0 7.18e-14 1.91e-08 2.97e-01 2.69e+04 7.15e+06 2.68e-12 7.18e-14 7.18e-14 7.18e-14 
4.09e+14   54      0 6.66e-14 3.50e-08 4.86e-01 3.50e+04 6.63e+06 1.19e-12 6.66e-14 6.66e-14 6.66e-14 
4.32e+14   55      0 6.17e-14 7.69e-08 9.45e-01 5.13e+04 6.12e+06 5.09e-13 6.17e-14 6.17e-14 6.17e-14 
4.56e+14   56      0 5.71e-14 2.09e-07 2.30e+00 9.59e+04 5.62e+06 1.31e-13 5.71e-14 5.71e-14 5.71e-14 
4.81e+14   57      0 5.28e-14 5.24e-07 5.06e+00 1.40e+05 5.14e+06 8.91e-14 5.28e-14 5.28e-14 5.28e-14 
5.07e+14   58      0 4.88e-14 2.37e-06 2.06e+01 3.41e+05 4.54e+06 4.88e-14 4.88e-14 4.88e-14 4.88e-14 
5.35e+14   59      0 1.04e-13 1.23e-04 9.32e+02 4.50e+06 1.06e-08 4.51e-14 4.51e-14 4.51e-14 4.51e-14 
5.65e+14   60      0 2.28e-13 2.56e-04 1.65e+03 4.14e+06 2.80e-09 4.15e-14 4.15e-14 4.15e-14 4.15e-14 
5.96e+14   61      0 4.02e-13 4.15e-04 2.28e+03 3.80e+06 1.27e-09 3.80e-14 3.80e-14 3.80e-14 3.80e-14 
6.28e+14   62      0 7.27e-13 6.81e-04 3.19e+03 3.45e+06 6.41e-10 3.46e-14 3.46e-14 3.46e-14 3.46e-14 
6.63e+14   63      0 1.20e-12 1.00e-03 3.97e+03 3.11e+06 2.59e-10 3.12e-14 3.12e-14 3.12e-14 3.12e-14 
7.00e+14   64      0 2.09e-12 1.48e-03 4.75e+03 2.79e+06 1.08e-10 2.79e-14 2.79e-14 2.79e-14 2.79e-14 
7.38e+14   65     -1 0.00e+00 0.00e+00 0.00e+00 0.00e+00 0.00e+00 0.00e+00 0.00e+00 0.00e+00 0.00e+00 
7.79e+14   66     -1 0.00e+00 0.00e+00 0.00e+00 0.00e+00 0.00e+00 0.00e+00 0.00e+00 0.00e+00 0.00e+00 
