       r    i inwind      i01      i02      i03      i04      i05      i06      i07      i08      i09 
2.27e+13    0     -1 0.00e+00 0.00e+00 0.00e+00 0.00e+00 0.00e+00 0.00e+00 0.00e+00 0.00e+00 0.00e+00 
2.39e+13    1      0 1.00e-20 1.00e-20 1.00e-20 1.00e-20 4.53e-15 5.59e-08 1.00e+00 1.00e-20 1.00e-20 
2.52e+13    2      0 1.00e-20 1.00e-20 1.00e-20 1.00e-20 1.73e-14 1.18e-07 1.00e+00 1.00e-20 1.00e-20 
2.66e+13    3      0 1.00e-20 1.00e-20 1.00e-20 1.00e-20 4.90e-14 2.09e-07 1.00e+00 1.00e-20 1.00e-20 
2.81e+13    4      0 1.00e-20 1.00e-20 1.00e-20 1.00e-20 1.29e-13 3.57e-07 1.00e+00 1.00e-20 1.00e-20 
2.96e+13    5      0 1.00e-20 1.00e-20 1.00e-20 1.11e-20 3.36e-13 6.08e-07 1.00e+00 1.00e-20 1.00e-20 
3.13e+13    6      0 1.00e-20 1.00e-20 1.00e-20 3.89e-20 8.68e-13 1.03e-06 1.00e+00 1.00e-20 1.00e-20 
3.30e+13    7      0 1.00e-20 1.00e-20 1.00e-20 1.35e-19 2.21e-12 1.72e-06 1.00e+00 1.00e-20 1.00e-20 
3.48e+13    8      0 1.00e-20 1.00e-20 1.00e-20 4.70e-19 5.66e-12 2.89e-06 1.00e+00 1.00e-20 1.00e-20 
3.67e+13    9      0 1.00e-20 1.00e-20 1.00e-20 1.69e-18 1.48e-11 4.93e-06 1.00e+00 1.00e-20 1.00e-20 
3.87e+13   10      0 1.00e-20 1.00e-20 1.00e-20 5.98e-18 3.84e-11 8.38e-06 1.00e+00 1.00e-20 1.00e-20 
4.09e+13   11      0 1.00e-20 1.00e-20 1.00e-20 2.05e-17 9.71e-11 1.40e-05 1.00e+00 1.00e-20 1.00e-20 
4.31e+13   12      0 1.00e-20 1.00e-20 1.00e-20 6.81e-17 2.38e-10 2.29e-05 1.00e+00 1.00e-20 1.00e-20 
4.55e+13   13      0 1.00e-20 1.00e-20 1.00e-20 2.26e-16 5.86e-10 3.79e-05 1.00e+00 1.00e-20 1.00e-20 
4.80e+13   14      0 1.00e-20 1.00e-20 1.00e-20 7.13e-16 1.39e-09 6.09e-05 1.00e+00 1.00e-20 1.00e-20 
5.07e+13   15      0 1.00e-20 1.00e-20 1.00e-20 2.17e-15 3.17e-09 9.60e-05 1.00e+00 1.00e-20 1.00e-20 
5.34e+13   16      0 1.00e-20 1.00e-20 1.00e-20 6.45e-15 7.15e-09 1.51e-04 1.00e+00 1.00e-20 1.00e-20 
5.64e+13   17      0 1.00e-20 1.00e-20 1.00e-20 1.90e-14 1.60e-08 2.37e-04 1.00e+00 1.00e-20 1.00e-20 
5.95e+13   18      0 1.00e-20 1.00e-20 1.00e-20 5.21e-14 3.37e-08 3.54e-04 1.00e+00 1.00e-20 1.00e-20 
6.28e+13   19      0 1.00e-20 1.00e-20 1.00e-20 1.48e-13 7.31e-08 5.48e-04 9.99e-01 1.00e-20 1.00e-20 
6.62e+13   20      0 1.00e-20 1.00e-20 2.81e-20 4.02e-13 1.54e-07 8.21e-04 9.99e-01 1.00e-20 1.00e-20 
6.99e+13   21      0 1.00e-20 1.00e-20 9.60e-20 1.12e-12 3.33e-07 1.28e-03 9.99e-01 1.00e-20 1.00e-20 
7.37e+13   22      0 1.00e-20 1.00e-20 3.56e-19 3.41e-12 7.78e-07 2.13e-03 9.98e-01 1.00e-20 1.00e-20 
7.78e+13   23      0 1.00e-20 1.00e-20 1.23e-18 9.77e-12 1.75e-06 3.50e-03 9.97e-01 1.00e-20 1.00e-20 
8.20e+13   24      0 1.00e-20 1.00e-20 4.63e-18 3.07e-11 4.32e-06 6.29e-03 9.94e-01 1.00e-20 1.00e-20 
8.66e+13   25      0 1.00e-20 1.00e-20 1.82e-17 1.04e-10 1.19e-05 1.33e-02 9.87e-01 1.00e-20 1.00e-20 
9.13e+13   26      0 1.00e-20 1.00e-20 1.88e-16 1.00e-09 9.62e-05 8.50e-02 9.15e-01 1.00e-20 1.00e-20 
9.63e+13   27      0 1.00e-20 1.00e-20 3.64e-15 1.75e-08 1.40e-03 9.99e-01 5.38e-13 1.00e-20 1.00e-20 
1.02e+14   28      0 1.00e-20 1.00e-20 4.37e-15 1.83e-08 1.22e-03 7.02e-01 2.97e-01 1.00e-20 1.00e-20 
1.07e+14   29      0 1.00e-20 1.00e-20 1.03e-14 3.79e-08 2.11e-03 9.98e-01 6.12e-14 1.00e-20 1.00e-20 
1.13e+14   30      0 1.00e-20 1.00e-20 1.52e-14 4.90e-08 2.27e-03 8.73e-01 1.25e-01 1.00e-20 1.00e-20 
1.19e+14   31      0 1.00e-20 1.00e-20 2.29e-14 6.47e-08 2.52e-03 7.95e-01 2.03e-01 1.00e-20 1.00e-20 
1.26e+14   32      0 1.00e-20 1.00e-20 4.46e-14 1.11e-07 3.66e-03 9.96e-01 1.85e-15 1.00e-20 1.00e-20 
1.33e+14   33      0 1.00e-20 1.00e-20 7.75e-14 1.71e-07 4.69e-03 9.95e-01 5.40e-16 1.00e-20 1.00e-20 
1.40e+14   34      0 1.00e-20 1.00e-20 1.71e-13 3.34e-07 7.77e-03 9.92e-01 1.78e-16 1.00e-20 1.00e-20 
1.48e+14   35      0 1.00e-20 1.00e-20 5.59e-13 9.66e-07 1.89e-02 9.81e-01 5.23e-17 1.00e-20 1.00e-20 
1.56e+14   36      0 1.00e-20 1.10e-20 1.03e-12 1.58e-06 2.61e-02 9.74e-01 1.83e-17 1.00e-20 1.00e-20 
1.65e+14   37      0 1.00e-20 1.93e-20 1.63e-12 2.19e-06 3.06e-02 9.69e-01 8.70e-18 1.00e-20 1.00e-20 
1.74e+14   38      0 1.00e-20 3.32e-19 2.49e-11 2.87e-05 3.30e-01 6.70e-01 4.52e-18 1.00e-20 1.00e-20 
1.83e+14   39      0 1.00e-20 4.52e-19 3.29e-11 3.45e-05 3.30e-01 6.70e-01 3.42e-19 1.00e-20 1.00e-20 
1.93e+14   40      0 1.00e-20 7.53e-19 4.51e-11 3.93e-05 3.13e-01 6.87e-01 1.69e-18 1.00e-20 1.00e-20 
2.04e+14   41      0 1.00e-20 3.71e-18 2.02e-10 1.53e-04 1.00e+00 1.64e-15 1.00e-20 1.00e-20 1.00e-20 
2.15e+14   42      0 1.00e-20 3.88e-18 1.87e-10 1.21e-04 6.50e-01 3.50e-01 2.85e-19 1.00e-20 1.00e-20 
2.27e+14   43      0 1.00e-20 9.29e-18 4.20e-10 2.37e-04 1.00e+00 3.47e-16 1.00e-20 1.00e-20 1.00e-20 
2.40e+14   44      0 1.00e-20 1.54e-17 6.25e-10 3.00e-04 1.00e+00 2.21e-16 1.00e-20 1.00e-20 1.00e-20 
2.53e+14   45      0 1.00e-20 2.56e-17 9.37e-10 3.80e-04 1.00e+00 1.36e-16 1.00e-20 1.00e-20 1.00e-20 
2.67e+14   46      0 1.00e-20 4.26e-17 1.42e-09 4.88e-04 1.00e+00 6.60e-17 1.00e-20 1.00e-20 1.00e-20 
2.81e+14   47      0 1.00e-20 7.12e-17 2.15e-09 6.26e-04 9.99e-01 3.18e-17 1.00e-20 1.00e-20 1.00e-20 
2.97e+14   48      0 1.00e-20 1.24e-16 3.38e-09 8.23e-04 9.99e-01 1.55e-17 1.00e-20 1.00e-20 1.00e-20 
3.13e+14   49      0 1.00e-20 2.19e-16 5.36e-09 1.08e-03 9.99e-01 7.31e-18 1.00e-20 1.00e-20 1.00e-20 
3.30e+14   50      0 1.00e-20 3.99e-16 8.76e-09 1.46e-03 9.99e-01 3.36e-18 1.00e-20 1.00e-20 1.00e-20 
3.49e+14   51      0 1.00e-20 7.12e-16 1.40e-08 1.92e-03 9.98e-01 1.57e-18 1.00e-20 1.00e-20 1.00e-20 
3.68e+14   52      0 1.00e-20 1.33e-15 2.34e-08 2.66e-03 9.97e-01 7.11e-19 1.00e-20 1.00e-20 1.00e-20 
3.88e+14   53      0 1.00e-20 2.66e-15 4.14e-08 3.75e-03 9.96e-01 3.73e-19 1.00e-20 1.00e-20 1.00e-20 
4.09e+14   54      0 1.00e-20 5.26e-15 7.29e-08 5.25e-03 9.95e-01 1.79e-19 1.00e-20 1.00e-20 1.00e-20 
4.32e+14   55      0 1.00e-20 1.25e-14 1.53e-07 8.31e-03 9.92e-01 8.24e-20 1.00e-20 1.00e-20 1.00e-20 
4.56e+14   56      0 1.00e-20 3.66e-14 4.02e-07 1.68e-02 9.83e-01 2.29e-20 1.00e-20 1.00e-20 1.00e-20 
4.81e+14   57      0 1.00e-20 9.93e-14 9.59e-07 2.65e-02 9.73e-01 1.69e-20 1.00e-20 1.00e-20 1.00e-20 
5.07e+14   58      0 1.00e-20 4.85e-13 4.22e-06 6.97e-02 9.30e-01 1.00e-20 1.00e-20 1.00e-20 1.00e-20 
5.35e+14   59      0 2.32e-20 2.73e-11 2.07e-04 1.00e+00 2.35e-15 1.00e-20 1.00e-20 1.00e-20 1.00e-20 
5.65e+14   60      0 5.50e-20 6.17e-11 3.97e-04 1.00e+00 6.75e-16 1.00e-20 1.00e-20 1.00e-20 1.00e-20 
5.96e+14   61      0 1.06e-19 1.09e-10 6.01e-04 9.99e-01 3.34e-16 1.00e-20 1.00e-20 1.00e-20 1.00e-20 
6.28e+14   62      0 2.10e-19 1.97e-10 9.24e-04 9.99e-01 1.85e-16 1.00e-20 1.00e-20 1.00e-20 1.00e-20 
6.63e+14   63      0 3.84e-19 3.22e-10 1.27e-03 9.99e-01 8.29e-17 1.00e-20 1.00e-20 1.00e-20 1.00e-20 
7.00e+14   64      0 7.50e-19 5.31e-10 1.70e-03 9.98e-01 3.86e-17 1.00e-20 1.00e-20 1.00e-20 1.00e-20 
7.38e+14   65     -1 0.00e+00 0.00e+00 0.00e+00 0.00e+00 0.00e+00 0.00e+00 0.00e+00 0.00e+00 0.00e+00 
7.79e+14   66     -1 0.00e+00 0.00e+00 0.00e+00 0.00e+00 0.00e+00 0.00e+00 0.00e+00 0.00e+00 0.00e+00 
