        r    i inwind converge       v_x       v_y       v_z       vol       rho        ne       t_e       t_r         w  ave_freq         j   lum_tot  heat_tot heat_comp heat_line   heat_ff heat_phot heat_auge  cool_tot cool_comp lum_lines   cool_dr    lum_ff   cool_rr cool_adia heat_shoc heat_line heat_phot 
2.268e+13    0     -1        0  1.09e+10  0.00e+00  0.00e+00  0.00e+00  0.00e+00  0.00e+00  0.00e+00  0.00e+00  0.00e+00  0.00e+00  0.00e+00  0.00e+00  0.00e+00  0.00e+00  0.00e+00  0.00e+00  0.00e+00  0.00e+00  0.00e+00  0.00e+00  0.00e+00  0.00e+00  0.00e+00  0.00e+00  0.00e+00  0.00e+00  0.00e+00  0.00e+00 
2.392e+13    1      0        0  1.14e+10  0.00e+00  0.00e+00  1.09e+40  4.74e-14  2.43e+10  1.45e+05  1.61e+05  6.48e-01  1.28e+16  7.80e+15  1.09e+37  1.70e+39  1.64e+39  1.52e+32  6.10e+36  3.77e+36  0.00e+00  1.71e+39  1.68e+39  1.31e+32  0.00e+00  5.59e+36  5.33e+36  1.45e+37  0.00e+00  7.45e+31  3.42e+36 
2.524e+13    2      0        0  1.19e+10  0.00e+00  0.00e+00  1.28e+40  4.67e-14  2.39e+10  1.34e+05  1.50e+05  6.50e-01  1.20e+16  5.97e+15  1.23e+37  1.42e+39  1.36e+39  2.38e+32  7.38e+36  4.34e+36  0.00e+00  1.42e+39  1.39e+39  2.68e+32  0.00e+00  6.15e+36  6.12e+36  1.47e+37  0.00e+00  6.79e+31  3.95e+36 
2.663e+13    3      0        0  1.24e+10  0.00e+00  0.00e+00  1.52e+40  4.66e-14  2.39e+10  1.27e+05  1.43e+05  6.45e-01  1.14e+16  4.87e+15  1.42e+37  1.29e+39  1.24e+39  4.31e+32  9.00e+36  5.07e+36  0.00e+00  1.29e+39  1.26e+39  4.57e+32  0.00e+00  7.01e+36  7.20e+36  1.61e+37  0.00e+00  7.73e+31  4.62e+36 
2.810e+13    4      0        0  1.28e+10  0.00e+00  0.00e+00  1.80e+40  4.69e-14  2.40e+10  1.20e+05  1.37e+05  6.43e-01  1.09e+16  4.06e+15  1.68e+37  1.22e+39  1.17e+39  8.85e+32  1.12e+37  5.82e+36  0.00e+00  1.22e+39  1.19e+39  8.68e+32  0.00e+00  8.15e+36  8.64e+36  1.83e+37  0.00e+00  1.59e+32  5.28e+36 
2.964e+13    5      0        0  1.33e+10  0.00e+00  0.00e+00  2.14e+40  4.75e-14  2.43e+10  1.14e+05  1.31e+05  6.46e-01  1.05e+16  3.43e+15  2.01e+37  1.18e+39  1.13e+39  1.66e+33  1.39e+37  7.07e+36  0.00e+00  1.18e+39  1.14e+39  1.72e+33  0.00e+00  9.62e+36  1.05e+37  2.07e+37  0.00e+00  1.45e+32  6.42e+36 
3.127e+13    6      0        0  1.39e+10  0.00e+00  0.00e+00  2.53e+40  4.86e-14  2.49e+10  1.08e+05  1.26e+05  6.52e-01  1.00e+16  2.93e+15  2.46e+37  1.17e+39  1.11e+39  3.40e+33  1.78e+37  8.82e+36  0.00e+00  1.17e+39  1.13e+39  3.23e+33  0.00e+00  1.16e+37  1.30e+37  2.29e+37  0.00e+00  2.30e+32  8.01e+36 
3.299e+13    7      0        0  1.44e+10  0.00e+00  0.00e+00  3.00e+40  5.02e-14  2.57e+10  1.03e+05  1.21e+05  6.59e-01  9.64e+15  2.53e+15  3.07e+37  1.19e+39  1.11e+39  7.03e+33  2.32e+37  1.13e+37  0.00e+00  1.19e+39  1.13e+39  6.49e+33  0.00e+00  1.42e+37  1.64e+37  2.57e+37  0.00e+00  4.61e+32  1.03e+37 
3.481e+13    8      0        0  1.48e+10  0.00e+00  0.00e+00  3.56e+40  5.22e-14  2.68e+10  9.78e+04  1.16e+05  6.69e-01  9.27e+15  2.20e+15  3.88e+37  1.22e+39  1.13e+39  1.47e+34  3.14e+37  1.44e+37  0.00e+00  1.22e+39  1.15e+39  1.36e+34  0.00e+00  1.77e+37  2.10e+37  2.99e+37  0.00e+00  2.99e+32  1.31e+37 
3.673e+13    9      0        0  1.53e+10  0.00e+00  0.00e+00  4.23e+40  5.45e-14  2.79e+10  9.31e+04  1.12e+05  6.83e-01  8.91e+15  1.92e+15  4.93e+37  1.27e+39  1.17e+39  3.22e+34  4.12e+37  1.82e+37  0.00e+00  1.27e+39  1.19e+39  2.88e+34  0.00e+00  2.23e+37  2.70e+37  3.46e+37  0.00e+00  4.56e+32  1.65e+37 
3.875e+13   10      0        0  1.57e+10  0.00e+00  0.00e+00  5.02e+40  5.70e-14  2.92e+10  8.90e+04  1.07e+05  6.97e-01  8.58e+15  1.68e+15  6.33e+37  1.34e+39  1.21e+39  6.75e+34  5.56e+37  2.51e+37  0.00e+00  1.34e+39  1.24e+39  6.00e+34  0.00e+00  2.82e+37  3.51e+37  3.89e+37  0.00e+00  8.90e+32  2.29e+37 
4.088e+13   11      0        0  1.61e+10  0.00e+00  0.00e+00  5.95e+40  5.99e-14  3.07e+10  8.53e+04  1.04e+05  7.10e-01  8.28e+15  1.48e+15  8.18e+37  1.43e+39  1.27e+39  1.41e+35  7.46e+37  3.09e+37  0.00e+00  1.43e+39  1.30e+39  1.26e+35  0.00e+00  3.60e+37  4.57e+37  4.47e+37  0.00e+00  1.60e+33  2.81e+37 
4.313e+13   12      0        0  1.65e+10  0.00e+00  0.00e+00  7.05e+40  6.26e-14  3.21e+10  8.19e+04  1.00e+05  7.25e-01  7.98e+15  1.31e+15  1.05e+38  1.52e+39  1.33e+39  2.99e+35  9.95e+37  3.98e+37  0.00e+00  1.52e+39  1.37e+39  2.57e+35  0.00e+00  4.54e+37  5.90e+37  5.16e+37  0.00e+00  1.28e+33  3.61e+37 
4.551e+13   13      0        0  1.68e+10  0.00e+00  0.00e+00  8.36e+40  6.52e-14  3.34e+10  7.89e+04  9.65e+04  7.39e-01  7.71e+15  1.16e+15  1.33e+38  1.63e+39  1.39e+39  5.99e+35  1.29e+38  5.22e+37  0.00e+00  1.64e+39  1.44e+39  5.25e+35  0.00e+00  5.72e+37  7.58e+37  5.86e+37  0.00e+00  1.75e+33  4.75e+37 
4.801e+13   14      0        0  1.72e+10  0.00e+00  0.00e+00  9.89e+40  6.77e-14  3.47e+10  7.62e+04  9.33e+04  7.52e-01  7.45e+15  1.03e+15  1.69e+38  1.76e+39  1.45e+39  1.19e+36  1.69e+38  6.63e+37  0.00e+00  1.76e+39  1.52e+39  1.03e+36  0.00e+00  7.13e+37  9.62e+37  6.65e+37  0.00e+00  5.11e+33  6.02e+37 
5.065e+13   15      0        0  1.74e+10  0.00e+00  0.00e+00  1.17e+41  6.98e-14  3.58e+10  7.38e+04  9.03e+04  7.63e-01  7.21e+15  9.15e+14  2.11e+38  1.89e+39  1.52e+39  2.32e+36  2.17e+38  8.59e+37  0.00e+00  1.89e+39  1.60e+39  1.99e+36  0.00e+00  8.82e+37  1.21e+38  7.53e+37  0.00e+00  6.49e+33  7.83e+37 
5.344e+13   16      0        0  1.77e+10  0.00e+00  0.00e+00  1.38e+41  7.18e-14  3.68e+10  7.17e+04  8.74e+04  7.70e-01  6.98e+15  8.13e+14  2.63e+38  2.03e+39  1.57e+39  4.35e+36  2.70e+38  1.03e+38  0.00e+00  2.03e+39  1.67e+39  3.78e+36  0.00e+00  1.08e+38  1.51e+38  8.46e+37  0.00e+00  6.02e+33  9.36e+37 
5.638e+13   17      0        0  1.79e+10  0.00e+00  0.00e+00  1.64e+41  7.32e-14  3.75e+10  6.99e+04  8.47e+04  7.75e-01  6.77e+15  7.21e+14  3.23e+38  2.17e+39  1.62e+39  7.83e+36  3.31e+38  1.31e+38  0.00e+00  2.17e+39  1.74e+39  7.13e+36  0.00e+00  1.31e+38  1.85e+38  9.47e+37  0.00e+00  5.56e+33  1.19e+38 
5.949e+13   18      0        0  1.81e+10  0.00e+00  0.00e+00  1.93e+41  7.43e-14  3.80e+10  6.83e+04  8.22e+04  7.76e-01  6.56e+15  6.39e+14  3.93e+38  2.31e+39  1.66e+39  1.40e+37  4.03e+38  1.53e+38  0.00e+00  2.32e+39  1.81e+39  1.26e+37  0.00e+00  1.57e+38  2.24e+38  1.06e+38  0.00e+00  1.75e+34  1.38e+38 
6.276e+13   19      0        0  1.82e+10  0.00e+00  0.00e+00  2.28e+41  7.49e-14  3.83e+10  6.70e+04  7.97e+04  7.77e-01  6.36e+15  5.65e+14  4.77e+38  2.47e+39  1.68e+39  2.32e+37  4.81e+38  1.98e+38  0.00e+00  2.47e+39  1.87e+39  2.30e+37  0.00e+00  1.86e+38  2.68e+38  1.17e+38  0.00e+00  9.92e+33  1.82e+38 
6.621e+13   20      0        0  1.84e+10  0.00e+00  0.00e+00  2.69e+41  7.50e-14  3.84e+10  6.54e+04  7.73e+04  7.74e-01  6.17e+15  5.00e+14  5.73e+38  2.63e+39  1.70e+39  4.42e+37  5.73e+38  2.17e+38  0.00e+00  2.62e+39  1.90e+39  3.96e+37  0.00e+00  2.17e+38  3.16e+38  1.27e+38  0.00e+00  1.29e+34  1.95e+38 
6.986e+13   21      0        0  1.85e+10  0.00e+00  0.00e+00  3.16e+41  7.47e-14  3.83e+10  6.44e+04  7.51e+04  7.70e-01  5.99e+15  4.42e+14  6.92e+38  2.81e+39  1.71e+39  7.65e+37  6.62e+38  2.67e+38  0.00e+00  2.79e+39  1.94e+39  7.15e+37  0.00e+00  2.51e+38  3.69e+38  1.39e+38  0.00e+00  1.64e+34  2.42e+38 
7.370e+13   22      0        0  1.85e+10  0.00e+00  0.00e+00  3.72e+41  7.42e-14  3.80e+10  6.33e+04  7.28e+04  7.68e-01  5.82e+15  3.90e+14  8.50e+38  3.00e+39  1.71e+39  1.27e+38  7.64e+38  3.13e+38  0.00e+00  2.99e+39  1.97e+39  1.35e+38  0.00e+00  2.88e+38  4.27e+38  1.50e+38  0.00e+00  1.98e+34  2.87e+38 
7.776e+13   23      0        0  1.86e+10  0.00e+00  0.00e+00  4.38e+41  7.34e-14  3.76e+10  6.21e+04  7.07e+04  7.63e-01  5.65e+15  3.45e+14  1.07e+39  3.26e+39  1.70e+39  2.21e+38  8.75e+38  3.62e+38  0.00e+00  3.24e+39  1.99e+39  2.49e+38  0.00e+00  3.27e+38  4.91e+38  1.61e+38  0.00e+00  4.09e+34  3.32e+38 
8.204e+13   24      0        0  1.86e+10  0.00e+00  0.00e+00  5.14e+41  7.24e-14  3.71e+10  6.08e+04  6.87e+04  7.59e-01  5.48e+15  3.05e+14  1.42e+39  3.69e+39  1.69e+39  4.65e+38  9.92e+38  4.40e+38  0.00e+00  3.62e+39  1.99e+39  4.96e+38  0.00e+00  3.69e+38  5.59e+38  1.71e+38  0.00e+00  5.03e+34  4.02e+38 
8.656e+13   25      0        0  1.86e+10  0.00e+00  0.00e+00  6.03e+41  7.12e-14  3.65e+10  5.81e+04  6.68e+04  7.53e-01  5.33e+15  2.70e+14  2.14e+39  4.41e+39  1.68e+39  9.84e+38  1.15e+39  4.99e+38  0.00e+00  4.30e+39  1.94e+39  1.10e+39  0.00e+00  4.07e+38  6.31e+38  1.76e+38  0.00e+00  2.71e+34  4.64e+38 
9.132e+13   26      0        0  1.85e+10  0.00e+00  0.00e+00  7.07e+41  6.98e-14  3.58e+10  5.32e+04  6.49e+04  7.43e-01  5.18e+15  2.38e+14  7.82e+39  1.00e+40  1.66e+39  6.27e+39  1.41e+39  5.89e+38  0.00e+00  9.84e+39  1.80e+39  6.68e+39  0.00e+00  4.34e+38  7.04e+38  1.72e+38  0.00e+00  4.47e+34  5.58e+38 
9.635e+13   27      0        0  1.85e+10  0.00e+00  0.00e+00  8.27e+41  6.84e-14  3.50e+10  5.02e+04  6.32e+04  7.30e-01  5.05e+15  2.10e+14  7.85e+40  8.05e+40  1.64e+39  7.63e+40  1.64e+39  8.05e+38  0.00e+00  8.05e+40  1.72e+39  7.73e+40  0.00e+00  4.67e+38  7.89e+38  1.73e+38  0.00e+00  8.60e+34  6.46e+38 
1.017e+14   28      0        0  1.83e+10  0.00e+00  0.00e+00  9.68e+41  6.71e-14  3.43e+10  4.87e+04  6.16e+04  7.18e-01  4.91e+15  1.86e+14  5.87e+40  6.15e+40  1.63e+39  5.71e+40  1.86e+39  8.46e+38  0.00e+00  6.06e+40  1.70e+39  5.73e+40  0.00e+00  5.15e+38  8.80e+38  1.78e+38  0.00e+00  5.65e+34  7.50e+38 
1.072e+14   29      0        0  1.82e+10  0.00e+00  0.00e+00  1.13e+42  6.58e-14  3.37e+10  4.71e+04  6.00e+04  7.05e-01  4.79e+15  1.65e+14  8.64e+40  7.81e+40  1.62e+39  7.33e+40  2.10e+39  9.70e+38  0.00e+00  8.83e+40  1.67e+39  8.49e+40  0.00e+00  5.66e+38  9.86e+38  1.82e+38  0.00e+00  7.23e+34  8.72e+38 
1.131e+14   30      0        0  1.80e+10  0.00e+00  0.00e+00  1.32e+42  6.46e-14  3.31e+10  4.57e+04  5.85e+04  6.93e-01  4.67e+15  1.47e+14  7.95e+40  9.21e+40  1.62e+39  8.69e+40  2.38e+39  1.04e+39  0.00e+00  8.14e+40  1.65e+39  7.78e+40  0.00e+00  6.25e+38  1.10e+39  1.86e+38  0.00e+00  1.44e+35  9.60e+38 
1.194e+14   31      0        0  1.78e+10  0.00e+00  0.00e+00  1.54e+42  6.35e-14  3.25e+10  4.43e+04  5.71e+04  6.78e-01  4.56e+15  1.30e+14  7.62e+40  9.66e+40  1.63e+39  9.10e+40  2.68e+39  1.17e+39  0.00e+00  7.81e+40  1.63e+39  7.42e+40  0.00e+00  6.92e+38  1.24e+39  1.88e+38  0.00e+00  1.81e+35  1.13e+39 
1.259e+14   32      0        0  1.76e+10  0.00e+00  0.00e+00  1.79e+42  6.26e-14  3.20e+10  4.29e+04  5.58e+04  6.61e-01  4.46e+15  1.16e+14  9.86e+40  1.00e+41  1.63e+39  9.43e+40  3.05e+39  1.34e+39  0.00e+00  1.00e+41  1.61e+39  9.64e+40  0.00e+00  7.64e+38  1.39e+39  1.91e+38  0.00e+00  2.13e+35  1.32e+39 
1.329e+14   33      0        0  1.73e+10  0.00e+00  0.00e+00  2.09e+42  6.14e-14  3.14e+10  4.15e+04  5.46e+04  6.43e-01  4.36e+15  1.03e+14  1.02e+41  1.03e+41  1.63e+39  9.68e+40  3.41e+39  1.50e+39  0.00e+00  1.03e+41  1.58e+39  9.92e+40  0.00e+00  8.39e+38  1.55e+39  1.94e+38  0.00e+00  1.33e+35  1.49e+39 
1.402e+14   34      0        0  1.70e+10  0.00e+00  0.00e+00  2.44e+42  5.99e-14  3.07e+10  4.04e+04  5.34e+04  6.22e-01  4.26e+15  9.14e+13  1.04e+41  1.06e+41  1.63e+39  9.89e+40  3.76e+39  1.77e+39  0.00e+00  1.06e+41  1.55e+39  1.02e+41  0.00e+00  9.14e+38  1.72e+39  1.94e+38  0.00e+00  2.66e+35  1.76e+39 
1.479e+14   35      0        0  1.67e+10  0.00e+00  0.00e+00  2.84e+42  5.82e-14  2.98e+10  3.92e+04  5.23e+04  6.01e-01  4.17e+15  8.10e+13  1.05e+41  9.93e+40  1.61e+39  9.14e+40  4.12e+39  2.07e+39  0.00e+00  1.07e+41  1.51e+39  1.02e+41  0.00e+00  9.85e+38  1.88e+39  1.95e+38  0.00e+00  2.02e+35  2.00e+39 
1.561e+14   36      0        0  1.64e+10  0.00e+00  0.00e+00  3.30e+42  5.63e-14  2.88e+10  3.83e+04  5.12e+04  5.80e-01  4.08e+15  7.17e+13  1.06e+41  1.01e+41  1.58e+39  9.28e+40  4.40e+39  2.17e+39  0.00e+00  1.07e+41  1.47e+39  1.03e+41  0.00e+00  1.05e+39  2.04e+39  1.94e+38  0.00e+00  3.86e+35  2.12e+39 
1.646e+14   37      0        0  1.61e+10  0.00e+00  0.00e+00  3.84e+42  5.41e-14  2.77e+10  3.76e+04  5.01e+04  5.56e-01  4.00e+15  6.32e+13  1.08e+41  6.43e+40  1.54e+39  5.52e+40  4.67e+39  2.79e+39  0.00e+00  1.10e+41  1.43e+39  1.05e+41  0.00e+00  1.12e+39  2.19e+39  1.94e+38  0.00e+00  2.57e+35  2.47e+39 
1.737e+14   38      0        1  1.57e+10  0.00e+00  0.00e+00  4.48e+42  5.18e-14  2.65e+10  3.74e+04  4.90e+04  5.33e-01  3.91e+15  5.56e+13  8.60e+40  3.33e+40  1.49e+39  2.38e+40  4.84e+39  3.07e+39  0.00e+00  8.78e+40  1.39e+39  8.25e+40  0.00e+00  1.19e+39  2.36e+39  1.97e+38  0.00e+00  4.88e+35  2.55e+39 
1.833e+14   39      0        0  1.54e+10  0.00e+00  0.00e+00  5.22e+42  4.93e-14  2.52e+10  3.53e+04  4.80e+04  5.09e-01  3.83e+15  4.89e+13  7.53e+40  7.91e+40  1.44e+39  6.98e+40  5.02e+39  2.80e+39  0.00e+00  7.69e+40  1.28e+39  7.16e+40  0.00e+00  1.21e+39  2.47e+39  1.88e+38  0.00e+00  4.16e+35  2.67e+39 
1.934e+14   40      0        1  1.50e+10  0.00e+00  0.00e+00  6.08e+42  4.69e-14  2.40e+10  3.66e+04  4.70e+04  4.85e-01  3.75e+15  4.28e+13  9.10e+40  3.01e+40  1.38e+39  1.99e+40  5.17e+39  3.54e+39  0.00e+00  9.26e+40  1.29e+39  8.70e+40  0.00e+00  1.30e+39  2.61e+39  1.98e+38  0.00e+00  4.90e+35  3.02e+39 
2.040e+14   41      0        1  1.47e+10  0.00e+00  0.00e+00  7.09e+42  4.44e-14  2.27e+10  3.59e+04  4.60e+04  4.64e-01  3.67e+15  3.76e+13  2.29e+40  2.72e+40  1.31e+39  1.73e+40  4.93e+39  3.52e+39  0.00e+00  2.46e+40  1.22e+39  1.88e+40  0.00e+00  1.34e+39  2.79e+39  1.98e+38  0.00e+00  3.62e+35  3.05e+39 
2.152e+14   42      0        0  1.44e+10  0.00e+00  0.00e+00  8.27e+42  4.19e-14  2.14e+10  3.57e+04  4.51e+04  4.43e-01  3.60e+15  3.29e+13  5.81e+40  2.49e+40  1.25e+39  1.52e+40  4.74e+39  3.63e+39  0.00e+00  5.97e+40  1.17e+39  5.39e+40  0.00e+00  1.39e+39  2.86e+39  1.99e+38  0.00e+00  4.62e+35  3.17e+39 
2.271e+14   43      0        1  1.40e+10  0.00e+00  0.00e+00  9.65e+42  3.94e-14  2.02e+10  3.44e+04  4.41e+04  4.22e-01  3.52e+15  2.88e+13  2.00e+40  2.38e+40  1.18e+39  1.38e+40  4.90e+39  3.89e+39  0.00e+00  2.15e+40  1.09e+39  1.56e+40  0.00e+00  1.40e+39  2.97e+39  1.94e+38  0.00e+00  4.71e+35  3.44e+39 
2.396e+14   44      0        0  1.37e+10  0.00e+00  0.00e+00  1.13e+43  3.70e-14  1.89e+10  3.40e+04  4.32e+04  4.01e-01  3.45e+15  2.51e+13  1.93e+40  2.17e+40  1.11e+39  1.20e+40  4.75e+39  3.82e+39  0.00e+00  2.08e+40  1.03e+39  1.49e+40  0.00e+00  1.42e+39  3.04e+39  1.95e+38  0.00e+00  4.70e+35  3.40e+39 
2.528e+14   45      0        0  1.34e+10  0.00e+00  0.00e+00  1.32e+43  3.45e-14  1.77e+10  3.36e+04  4.23e+04  3.80e-01  3.38e+15  2.19e+13  1.85e+40  1.98e+40  1.04e+39  1.04e+40  4.48e+39  3.89e+39  0.00e+00  1.99e+40  9.63e+38  1.40e+40  0.00e+00  1.44e+39  3.09e+39  1.95e+38  0.00e+00  5.27e+35  3.49e+39 
2.667e+14   46      0        0  1.32e+10  0.00e+00  0.00e+00  1.54e+43  3.22e-14  1.65e+10  3.30e+04  4.14e+04  3.59e-01  3.31e+15  1.91e+13  1.72e+40  1.84e+40  9.75e+38  9.12e+39  4.33e+39  3.97e+39  0.00e+00  1.85e+40  8.98e+38  1.26e+40  0.00e+00  1.44e+39  3.13e+39  1.93e+38  0.00e+00  5.92e+35  3.61e+39 
2.813e+14   47      0        0  1.29e+10  0.00e+00  0.00e+00  1.80e+43  3.00e-14  1.54e+10  3.24e+04  4.06e+04  3.38e-01  3.24e+15  1.67e+13  1.60e+40  1.73e+40  9.14e+38  8.09e+39  4.18e+39  4.03e+39  0.00e+00  1.73e+40  8.39e+38  1.14e+40  0.00e+00  1.45e+39  3.18e+39  1.90e+38  0.00e+00  6.64e+35  3.70e+39 
2.968e+14   48      0        0  1.26e+10  0.00e+00  0.00e+00  2.10e+43  2.81e-14  1.44e+10  3.18e+04  3.99e+04  3.18e-01  3.18e+15  1.45e+13  1.50e+40  1.62e+40  8.59e+38  7.08e+39  4.05e+39  4.15e+39  0.00e+00  1.63e+40  7.86e+38  1.03e+40  0.00e+00  1.47e+39  3.24e+39  1.87e+38  0.00e+00  6.80e+35  3.87e+39 
3.132e+14   49      0        0  1.24e+10  0.00e+00  0.00e+00  2.46e+43  2.63e-14  1.34e+10  3.13e+04  3.91e+04  2.98e-01  3.13e+15  1.26e+13  1.41e+40  1.51e+40  8.05e+38  6.25e+39  3.89e+39  4.12e+39  0.00e+00  1.53e+40  7.34e+38  9.34e+39  0.00e+00  1.48e+39  3.29e+39  1.86e+38  0.00e+00  4.58e+35  3.87e+39 
3.304e+14   50      0        0  1.21e+10  0.00e+00  0.00e+00  2.87e+43  2.45e-14  1.25e+10  3.07e+04  3.84e+04  2.79e-01  3.07e+15  1.10e+13  1.32e+40  1.42e+40  7.52e+38  5.44e+39  3.72e+39  4.28e+39  0.00e+00  1.43e+40  6.83e+38  8.38e+39  0.00e+00  1.49e+39  3.34e+39  1.86e+38  0.00e+00  7.09e+35  4.12e+39 
3.486e+14   51      0        0  1.18e+10  0.00e+00  0.00e+00  3.36e+43  2.29e-14  1.17e+10  3.01e+04  3.77e+04  2.60e-01  3.01e+15  9.51e+12  1.24e+40  1.34e+40  7.02e+38  4.74e+39  3.54e+39  4.42e+39  0.00e+00  1.35e+40  6.35e+38  7.53e+39  0.00e+00  1.49e+39  3.39e+39  1.87e+38  0.00e+00  8.08e+35  4.31e+39 
3.678e+14   52      0        0  1.16e+10  0.00e+00  0.00e+00  3.94e+43  2.13e-14  1.09e+10  2.96e+04  3.71e+04  2.41e-01  2.96e+15  8.24e+12  1.16e+40  1.27e+40  6.53e+38  4.16e+39  3.34e+39  4.48e+39  0.00e+00  1.27e+40  5.88e+38  6.72e+39  0.00e+00  1.50e+39  3.43e+39  1.87e+38  0.00e+00  5.61e+35  4.43e+39 
3.880e+14   53      0        0  1.14e+10  0.00e+00  0.00e+00  4.61e+43  1.98e-14  1.01e+10  2.92e+04  3.65e+04  2.23e-01  2.91e+15  7.11e+12  1.11e+40  1.21e+40  6.05e+38  3.56e+39  3.13e+39  4.80e+39  0.00e+00  1.21e+40  5.44e+38  6.13e+39  0.00e+00  1.50e+39  3.45e+39  1.90e+38  0.00e+00  5.59e+35  4.74e+39 
4.094e+14   54      0        0  1.12e+10  0.00e+00  0.00e+00  5.40e+43  1.84e-14  9.38e+09  2.87e+04  3.59e+04  2.05e-01  2.86e+15  6.14e+12  1.05e+40  1.16e+40  5.60e+38  3.11e+39  2.90e+39  4.97e+39  0.00e+00  1.14e+40  5.02e+38  5.51e+39  0.00e+00  1.49e+39  3.47e+39  1.91e+38  0.00e+00  6.96e+35  4.90e+39 
4.319e+14   55      0        0  1.11e+10  0.00e+00  0.00e+00  6.32e+43  1.70e-14  8.70e+09  2.82e+04  3.53e+04  1.88e-01  2.82e+15  5.28e+12  9.90e+39  1.09e+40  5.16e+38  2.73e+39  2.68e+39  4.97e+39  0.00e+00  1.08e+40  4.62e+38  4.94e+39  0.00e+00  1.48e+39  3.48e+39  1.89e+38  0.00e+00  9.73e+35  4.91e+39 
4.557e+14   56      0        0  1.09e+10  0.00e+00  0.00e+00  7.41e+43  1.57e-14  8.05e+09  2.75e+04  3.48e+04  1.71e-01  2.78e+15  4.54e+12  9.09e+39  1.08e+40  4.75e+38  2.40e+39  2.54e+39  5.34e+39  0.00e+00  9.97e+39  4.18e+38  4.16e+39  0.00e+00  1.46e+39  3.46e+39  1.90e+38  0.00e+00  9.66e+35  5.29e+39 
4.808e+14   57      0        0  1.08e+10  0.00e+00  0.00e+00  8.69e+43  1.45e-14  7.44e+09  2.73e+04  3.44e+04  1.54e-01  2.74e+15  3.88e+12  9.04e+39  1.00e+40  4.35e+38  2.08e+39  2.22e+39  5.26e+39  0.00e+00  9.90e+39  3.85e+38  4.12e+39  0.00e+00  1.45e+39  3.46e+39  1.92e+38  0.00e+00  1.03e+36  5.24e+39 
5.072e+14   58      0        1  1.06e+10  0.00e+00  0.00e+00  1.02e+44  1.34e-14  6.88e+09  2.57e+04  3.39e+04  1.38e-01  2.71e+15  3.30e+12  7.81e+39  1.20e+40  3.97e+38  2.39e+39  2.26e+39  6.92e+39  0.00e+00  8.62e+39  3.34e+38  3.00e+39  0.00e+00  1.39e+39  3.42e+39  1.82e+38  0.00e+00  8.86e+35  6.87e+39 
5.351e+14   59      0        0  1.05e+10  0.00e+00  0.00e+00  1.19e+44  1.24e-14  6.34e+09  2.38e+04  3.33e+04  1.25e-01  2.66e+15  2.78e+12  1.20e+40  1.37e+40  3.56e+38  5.19e+39  2.06e+39  6.10e+39  0.00e+00  1.28e+40  2.82e+38  7.40e+39  0.00e+00  1.31e+39  3.33e+39  1.74e+38  0.00e+00  1.31e+36  6.06e+39 
5.646e+14   60      0        0  1.04e+10  0.00e+00  0.00e+00  1.40e+44  1.14e-14  5.83e+09  2.30e+04  3.29e+04  1.11e-01  2.62e+15  2.34e+12  1.03e+40  1.11e+40  3.18e+38  4.38e+39  1.83e+39  4.52e+39  0.00e+00  1.10e+40  2.47e+38  5.71e+39  0.00e+00  1.27e+39  3.28e+39  1.75e+38  0.00e+00  2.38e+36  4.52e+39 
5.957e+14   61      0        0  1.03e+10  0.00e+00  0.00e+00  1.64e+44  1.05e-14  5.35e+09  2.26e+04  3.25e+04  9.70e-02  2.59e+15  1.95e+12  9.29e+39  1.00e+40  2.82e+38  3.42e+39  1.58e+39  4.73e+39  0.00e+00  9.97e+39  2.17e+38  4.84e+39  0.00e+00  1.23e+39  3.21e+39  1.69e+38  0.00e+00  2.67e+36  4.73e+39 
6.285e+14   62      0        0  1.02e+10  0.00e+00  0.00e+00  1.93e+44  9.52e-15  4.86e+09  2.23e+04  3.21e+04  8.31e-02  2.56e+15  1.60e+12  8.42e+39  8.95e+39  2.44e+38  2.74e+39  1.32e+39  4.65e+39  0.00e+00  9.06e+39  1.88e+38  4.13e+39  0.00e+00  1.18e+39  3.11e+39  1.74e+38  0.00e+00  2.33e+36  4.64e+39 
6.631e+14   63      0        0  1.01e+10  0.00e+00  0.00e+00  2.26e+44  8.59e-15  4.38e+09  2.19e+04  3.18e+04  6.96e-02  2.54e+15  1.28e+12  7.35e+39  7.88e+39  2.04e+38  2.00e+39  1.05e+39  4.62e+39  0.00e+00  7.95e+39  1.56e+38  3.29e+39  0.00e+00  1.11e+39  2.95e+39  1.71e+38  0.00e+00  2.61e+36  4.62e+39 
6.996e+14   64      0        0  1.00e+10  0.00e+00  0.00e+00  2.65e+44  7.69e-15  3.92e+09  2.15e+04  3.13e+04  5.59e-02  2.50e+15  9.71e+11  6.37e+39  6.98e+39  1.61e+38  1.31e+39  7.90e+38  4.72e+39  0.00e+00  6.91e+39  1.22e+38  2.58e+39  0.00e+00  1.03e+39  2.76e+39  1.62e+38  0.00e+00  3.04e+36  4.72e+39 
7.381e+14   65     -1        0  9.95e+09  0.00e+00  0.00e+00  0.00e+00  0.00e+00  0.00e+00  0.00e+00  0.00e+00  0.00e+00  0.00e+00  0.00e+00  0.00e+00  0.00e+00  0.00e+00  0.00e+00  0.00e+00  0.00e+00  0.00e+00  0.00e+00  0.00e+00  0.00e+00  0.00e+00  0.00e+00  0.00e+00  0.00e+00  0.00e+00  0.00e+00  0.00e+00 
7.787e+14   66     -1        0  9.95e+09  0.00e+00  0.00e+00  0.00e+00  0.00e+00  0.00e+00  0.00e+00  0.00e+00  0.00e+00  0.00e+00  0.00e+00  0.00e+00  0.00e+00  0.00e+00  0.00e+00  0.00e+00  0.00e+00  0.00e+00  0.00e+00  0.00e+00  0.00e+00  0.00e+00  0.00e+00  0.00e+00  0.00e+00  0.00e+00  0.00e+00  0.00e+00 
