       r    i inwind      i01      i02 
2.27e+13    0     -1 0.00e+00 0.00e+00 
2.39e+13    1      0 8.79e-02 2.02e+10 
2.52e+13    2      0 1.06e-01 1.99e+10 
2.66e+13    3      0 9.71e-02 1.99e+10 
2.81e+13    4      0 9.46e-02 2.00e+10 
2.96e+13    5      0 1.85e-01 2.03e+10 
3.13e+13    6      0 1.17e-01 2.07e+10 
3.30e+13    7      0 1.17e-01 2.14e+10 
3.48e+13    8      0 2.16e-01 2.23e+10 
3.67e+13    9      0 3.17e-01 2.32e+10 
3.87e+13   10      0 1.74e-01 2.43e+10 
4.09e+13   11      0 2.92e-01 2.56e+10 
4.31e+13   12      0 3.94e-01 2.67e+10 
4.55e+13   13      0 5.36e-01 2.78e+10 
4.80e+13   14      0 3.71e-01 2.89e+10 
5.07e+13   15      0 4.44e-01 2.98e+10 
5.34e+13   16      0 5.62e-01 3.06e+10 
5.64e+13   17      0 7.22e-01 3.12e+10 
5.95e+13   18      0 5.11e-01 3.17e+10 
6.28e+13   19      0 8.47e-01 3.19e+10 
6.62e+13   20      0 6.60e-01 3.20e+10 
6.99e+13   21      0 8.81e-01 3.19e+10 
7.37e+13   22      0 8.99e-01 3.16e+10 
7.78e+13   23      0 1.13e+00 3.13e+10 
8.20e+13   24      0 1.12e+00 3.09e+10 
8.66e+13   25      0 1.02e+00 3.04e+10 
9.13e+13   26      0 9.81e-01 2.98e+10 
9.63e+13   27      0 1.34e+00 2.92e+10 
1.02e+14   28      0 1.22e+00 2.86e+10 
1.07e+14   29      0 1.43e+00 2.81e+10 
1.13e+14   30      0 1.15e+00 2.76e+10 
1.19e+14   31      0 1.63e+00 2.71e+10 
1.26e+14   32      0 1.28e+00 2.67e+10 
1.33e+14   33      0 1.76e+00 2.62e+10 
1.40e+14   34      0 1.49e+00 2.56e+10 
1.48e+14   35      0 1.85e+00 2.48e+10 
1.56e+14   36      0 1.56e+00 2.40e+10 
1.65e+14   37      0 2.15e+00 2.31e+10 
1.74e+14   38      0 1.85e+00 2.21e+10 
1.83e+14   39      0 2.05e+00 2.10e+10 
1.93e+14   40      0 2.06e+00 2.00e+10 
2.04e+14   41      0 2.16e+00 1.89e+10 
2.15e+14   42      0 2.16e+00 1.79e+10 
2.27e+14   43      0 2.25e+00 1.68e+10 
2.40e+14   44      0 2.29e+00 1.58e+10 
2.53e+14   45      0 2.35e+00 1.47e+10 
2.67e+14   46      0 2.41e+00 1.37e+10 
2.81e+14   47      0 2.50e+00 1.28e+10 
2.97e+14   48      0 2.60e+00 1.20e+10 
3.13e+14   49      0 2.66e+00 1.12e+10 
3.30e+14   50      0 2.85e+00 1.05e+10 
3.49e+14   51      0 2.90e+00 9.76e+09 
3.68e+14   52      0 3.04e+00 9.08e+09 
3.88e+14   53      0 3.15e+00 8.44e+09 
4.09e+14   54      0 3.21e+00 7.83e+09 
4.32e+14   55      0 3.58e+00 7.25e+09 
4.56e+14   56      0 3.77e+00 6.71e+09 
4.81e+14   57      0 3.74e+00 6.20e+09 
5.07e+14   58      0 4.06e+00 5.74e+09 
5.35e+14   59      0 4.56e+00 5.29e+09 
5.65e+14   60      0 5.02e+00 4.87e+09 
5.96e+14   61      0 5.46e+00 4.46e+09 
6.28e+14   62      0 5.67e+00 4.06e+09 
6.63e+14   63      0 6.17e+00 3.66e+09 
7.00e+14   64      0 7.10e+00 3.28e+09 
7.38e+14   65     -1 0.00e+00 0.00e+00 
7.79e+14   66     -1 0.00e+00 0.00e+00 
