       r    i inwind      i01      i02      i03 
2.27e+13    0     -1 0.00e+00 0.00e+00 0.00e+00 
2.39e+13    1      0 5.06e-30 2.64e-11 1.00e+00 
2.52e+13    2      0 5.14e-30 3.86e-11 1.00e+00 
2.66e+13    3      0 5.15e-30 4.02e-11 1.00e+00 
2.81e+13    4      0 5.11e-30 5.51e-11 1.00e+00 
2.96e+13    5      0 5.05e-30 5.32e-11 1.00e+00 
3.13e+13    6      0 4.94e-30 6.06e-11 1.00e+00 
3.30e+13    7      0 4.78e-30 7.69e-11 1.00e+00 
3.48e+13    8      0 4.59e-30 9.30e-11 1.00e+00 
3.67e+13    9      0 4.40e-30 1.29e-10 1.00e+00 
3.87e+13   10      0 4.21e-30 1.61e-10 1.00e+00 
4.09e+13   11      0 4.00e-30 2.14e-10 1.00e+00 
4.31e+13   12      0 3.83e-30 2.72e-10 1.00e+00 
4.55e+13   13      0 3.68e-30 3.25e-10 1.00e+00 
4.80e+13   14      0 3.54e-30 4.24e-10 1.00e+00 
5.07e+13   15      0 3.43e-30 5.37e-10 1.00e+00 
5.34e+13   16      0 3.34e-30 7.22e-10 1.00e+00 
5.64e+13   17      0 3.28e-30 9.08e-10 1.00e+00 
5.95e+13   18      0 3.23e-30 1.17e-09 1.00e+00 
6.28e+13   19      0 1.51e-20 1.55e-09 1.00e+00 
6.62e+13   20      0 2.16e-20 1.89e-09 1.00e+00 
6.99e+13   21      0 3.38e-20 2.52e-09 1.00e+00 
7.37e+13   22      0 5.37e-20 3.42e-09 1.00e+00 
7.78e+13   23      0 8.32e-20 4.47e-09 1.00e+00 
8.20e+13   24      0 1.35e-19 6.22e-09 1.00e+00 
8.66e+13   25      0 2.40e-19 8.22e-09 1.00e+00 
9.13e+13   26      0 3.82e-19 1.10e-08 1.00e+00 
9.63e+13   27      0 5.91e-19 1.44e-08 1.00e+00 
1.02e+14   28      0 8.42e-19 1.77e-08 1.00e+00 
1.07e+14   29      0 1.23e-18 2.22e-08 1.00e+00 
1.13e+14   30      0 1.92e-18 2.89e-08 1.00e+00 
1.19e+14   31      0 2.65e-18 3.42e-08 1.00e+00 
1.26e+14   32      0 3.97e-18 4.39e-08 1.00e+00 
1.33e+14   33      0 5.56e-18 5.27e-08 1.00e+00 
1.40e+14   34      0 7.75e-18 6.36e-08 1.00e+00 
1.48e+14   35      0 1.10e-17 7.82e-08 1.00e+00 
1.56e+14   36      0 1.57e-17 9.71e-08 1.00e+00 
1.65e+14   37      0 2.05e-17 1.12e-07 1.00e+00 
1.74e+14   38      0 2.79e-17 1.34e-07 1.00e+00 
1.83e+14   39      0 4.04e-17 1.68e-07 1.00e+00 
1.93e+14   40      0 5.24e-17 1.97e-07 1.00e+00 
2.04e+14   41      0 6.75e-17 2.25e-07 1.00e+00 
2.15e+14   42      0 9.00e-17 2.68e-07 1.00e+00 
2.27e+14   43      0 1.28e-16 3.36e-07 1.00e+00 
2.40e+14   44      0 1.73e-16 4.07e-07 1.00e+00 
2.53e+14   45      0 2.45e-16 5.14e-07 1.00e+00 
2.67e+14   46      0 3.36e-16 6.31e-07 1.00e+00 
2.81e+14   47      0 4.75e-16 7.95e-07 1.00e+00 
2.97e+14   48      0 6.43e-16 9.62e-07 1.00e+00 
3.13e+14   49      0 9.06e-16 1.21e-06 1.00e+00 
3.30e+14   50      0 1.25e-15 1.49e-06 1.00e+00 
3.49e+14   51      0 1.85e-15 1.95e-06 1.00e+00 
3.68e+14   52      0 2.53e-15 2.39e-06 1.00e+00 
3.88e+14   53      0 3.60e-15 3.03e-06 1.00e+00 
4.09e+14   54      0 5.49e-15 4.14e-06 1.00e+00 
4.32e+14   55      0 8.41e-15 5.65e-06 1.00e+00 
4.56e+14   56      0 1.28e-14 7.69e-06 1.00e+00 
4.81e+14   57      0 2.26e-14 1.22e-05 1.00e+00 
5.07e+14   58      0 5.23e-14 2.46e-05 1.00e+00 
5.35e+14   59      0 7.28e-13 2.91e-04 1.00e+00 
5.65e+14   60      0 5.90e-12 2.10e-03 9.98e-01 
5.96e+14   61      0 1.11e-11 3.44e-03 9.97e-01 
6.28e+14   62      0 1.75e-11 4.70e-03 9.95e-01 
6.63e+14   63      0 3.87e-11 8.90e-03 9.91e-01 
7.00e+14   64      0 6.92e-11 1.31e-02 9.87e-01 
7.38e+14   65     -1 0.00e+00 0.00e+00 0.00e+00 
7.79e+14   66     -1 0.00e+00 0.00e+00 0.00e+00 
