  i            r          v_r          rho          t_e          t_r
--- ------------ ------------ ------------ ------------ ------------
  0 3.667632e+12 5.177911e+07 0.000000e+00 0.000000e+00 0.000000e+00
  1 3.869505e+12 3.925683e+08 1.302040e-11 5.246384e+00 5.829316e+00
  2 4.082491e+12 9.109993e+08 1.239816e-11 5.235055e+00 5.816728e+00
  3 4.307199e+12 1.545078e+09 1.171437e-11 5.223722e+00 5.804136e+00
  4 4.544276e+12 2.198679e+09 1.096387e-11 5.212270e+00 5.791411e+00
  5 4.794401e+12 2.842677e+09 1.022267e-11 5.200670e+00 5.778522e+00
  6 5.058295e+12 3.457514e+09 9.547122e-12 5.189278e+00 5.765865e+00
  7 5.336713e+12 4.037258e+09 8.962932e-12 5.178122e+00 5.753468e+00
  8 5.630456e+12 4.615610e+09 8.479394e-12 5.166610e+00 5.740678e+00
  9 5.940368e+12 5.189710e+09 8.013695e-12 5.155673e+00 5.728525e+00
 10 6.267337e+12 5.720639e+09 7.591374e-12 5.144654e+00 5.716282e+00
 11 6.612304e+12 6.187269e+09 7.207466e-12 5.134063e+00 5.704514e+00
 12 6.976258e+12 6.619637e+09 6.844408e-12 5.123607e+00 5.692896e+00
 13 7.360245e+12 6.969542e+09 6.510846e-12 5.112458e+00 5.680509e+00
 14 7.765367e+12 7.262540e+09 6.208487e-12 5.101165e+00 5.667961e+00
 15 8.192788e+12 7.529034e+09 5.939000e-12 5.090331e+00 5.655923e+00
 16 8.643735e+12 7.754814e+09 5.701545e-12 5.079310e+00 5.643678e+00
 17 9.119503e+12 7.924840e+09 5.488824e-12 5.068117e+00 5.631241e+00
 18 9.621459e+12 8.063808e+09 5.294877e-12 5.057114e+00 5.619015e+00
 19 1.015104e+13 8.169860e+09 5.111577e-12 5.046257e+00 5.606952e+00
 20 1.070978e+13 8.224825e+09 4.932795e-12 5.034906e+00 5.594340e+00
 21 1.129926e+13 8.231245e+09 4.765185e-12 5.023482e+00 5.581647e+00
 22 1.192120e+13 8.201467e+09 4.604951e-12 5.012449e+00 5.569388e+00
 23 1.257736e+13 8.134886e+09 4.457033e-12 5.001524e+00 5.557249e+00
 24 1.326965e+13 8.023112e+09 4.318739e-12 4.990300e+00 5.544778e+00
 25 1.400003e+13 7.874615e+09 4.171349e-12 4.979598e+00 5.532887e+00
 26 1.477062e+13 7.700420e+09 4.024769e-12 4.969625e+00 5.521805e+00
 27 1.558363e+13 7.493480e+09 3.873365e-12 4.959182e+00 5.510202e+00
 28 1.644138e+13 7.254312e+09 3.716690e-12 4.948960e+00 5.498844e+00
 29 1.734634e+13 7.007958e+09 3.561703e-12 4.939585e+00 5.488428e+00
 30 1.830112e+13 6.732291e+09 3.411129e-12 4.929340e+00 5.477045e+00
 31 1.930845e+13 6.442570e+09 3.266858e-12 4.919430e+00 5.466033e+00
 32 2.037123e+13 6.153954e+09 3.130489e-12 4.909438e+00 5.454931e+00
 33 2.149250e+13 5.840827e+09 3.003137e-12 4.899506e+00 5.443895e+00
 34 2.267549e+13 5.546562e+09 2.880802e-12 4.889791e+00 5.433102e+00
 35 2.392359e+13 5.239610e+09 2.760905e-12 4.879394e+00 5.421549e+00
 36 2.524039e+13 4.924481e+09 2.648928e-12 4.868531e+00 5.409479e+00
 37 2.662967e+13 4.628685e+09 2.541427e-12 4.857911e+00 5.397679e+00
 38 2.809542e+13 4.342754e+09 2.436572e-12 4.846830e+00 5.385367e+00
 39 2.964185e+13 4.057754e+09 2.329268e-12 4.834872e+00 5.372080e+00
 40 3.127339e+13 3.778464e+09 2.215216e-12 4.823043e+00 5.358937e+00
 41 3.299474e+13 3.531460e+09 2.102389e-12 4.811584e+00 5.346204e+00
 42 3.481084e+13 3.309439e+09 1.986041e-12 4.799343e+00 5.332604e+00
 43 3.672690e+13 3.090410e+09 1.864002e-12 4.786496e+00 5.318329e+00
 44 3.874842e+13 2.910783e+09 1.736963e-12 4.773766e+00 5.304184e+00
 45 4.088120e+13 2.746656e+09 1.608260e-12 4.761123e+00 5.290136e+00
 46 4.313139e+13 2.613314e+09 1.484633e-12 4.748164e+00 5.275738e+00
 47 4.550542e+13 2.508616e+09 1.361136e-12 4.734942e+00 5.261046e+00
 48 4.801013e+13 2.411334e+09 1.244376e-12 4.721581e+00 5.246201e+00
 49 5.065270e+13 2.346698e+09 1.140305e-12 4.707936e+00 5.231040e+00
 50 5.344072e+13 2.283331e+09 1.045982e-12 4.694087e+00 5.215652e+00
 51 5.638221e+13 2.234066e+09 9.590268e-13 4.680499e+00 5.200555e+00
 52 5.948559e+13 2.202255e+09 8.795746e-13 4.666381e+00 5.184867e+00
 53 6.275980e+13 2.170056e+09 8.057976e-13 4.652397e+00 5.169330e+00
 54 6.621422e+13 2.159119e+09 7.372373e-13 4.638846e+00 5.154273e+00
 55 6.985878e+13 2.152761e+09 6.742619e-13 4.625300e+00 5.139222e+00
 56 7.370394e+13 2.153866e+09 6.166473e-13 4.612098e+00 5.124553e+00
 57 7.776075e+13 2.164662e+09 5.643898e-13 4.598888e+00 5.109875e+00
 58 8.204086e+13 2.173484e+09 5.164606e-13 4.586441e+00 5.096045e+00
 59 8.655655e+13 2.185177e+09 4.722883e-13 4.574451e+00 5.082723e+00
 60 9.132079e+13 2.205281e+09 4.320242e-13 4.562397e+00 5.069330e+00
 61 9.634727e+13 2.220339e+09 3.940541e-13 4.551300e+00 5.057000e+00
 62 1.016504e+14 2.237448e+09 3.616961e-13 4.540346e+00 5.044829e+00
 63 1.072454e+14 2.259385e+09 3.318275e-13 4.529624e+00 5.032916e+00
 64 1.131484e+14 2.266839e+09 3.045130e-13 4.519293e+00 5.021436e+00
 65 1.193764e+14 2.289348e+09 2.805783e-13 4.509036e+00 5.010040e+00
 66 1.259471e+14 2.299532e+09 2.579465e-13 4.499118e+00 4.999020e+00
 67 1.328794e+14 2.305163e+09 2.367963e-13 4.489457e+00 4.988285e+00
 68 1.401934e+14 2.320264e+09 2.160655e-13 4.479793e+00 4.977548e+00
 69 1.479099e+14 2.316726e+09 1.963150e-13 4.470540e+00 4.967267e+00
 70 1.560512e+14 2.318132e+09 1.792227e-13 4.461529e+00 4.957254e+00
 71 1.646405e+14 2.307847e+09 1.642970e-13 4.452200e+00 4.946889e+00
 72 1.737027e+14 2.292343e+09 1.506108e-13 4.443494e+00 4.937216e+00
 73 1.832636e+14 2.280095e+09 1.388819e-13 4.434421e+00 4.927135e+00
 74 1.933508e+14 2.256488e+09 1.283932e-13 4.425370e+00 4.917078e+00
 75 2.039932e+14 2.231739e+09 1.189302e-13 4.416717e+00 4.907463e+00
 76 2.152214e+14 2.195683e+09 1.100076e-13 4.407693e+00 4.897436e+00
 77 2.270676e+14 2.160944e+09 1.023587e-13 4.398661e+00 4.887401e+00
 78 2.395658e+14 2.128168e+09 9.561811e-14 4.389470e+00 4.877188e+00
 79 2.527520e+14 2.068453e+09 9.018503e-14 4.380438e+00 4.867154e+00
 80 2.666639e+14 2.028715e+09 8.572194e-14 4.371447e+00 4.857163e+00
 81 2.813417e+14 1.978908e+09 8.160907e-14 4.361874e+00 4.846526e+00
 82 2.968273e+14 1.925510e+09 7.943180e-14 4.352140e+00 4.835711e+00
 83 3.131652e+14 1.883300e+09 7.742454e-14 4.341989e+00 4.824433e+00
 84 3.304024e+14 1.818121e+09 7.581993e-14 4.331516e+00 4.812795e+00
 85 3.485884e+14 1.779076e+09 7.443222e-14 4.320649e+00 4.800721e+00
 86 3.677754e+14 1.763517e+09 7.255373e-14 4.308773e+00 4.787525e+00
 87 3.880185e+14 1.737603e+09 6.545614e-14 4.295823e+00 4.773136e+00
 88 4.093758e+14 1.742421e+09 5.518459e-14 4.282720e+00 4.758578e+00
 89 4.319086e+14 1.769754e+09 4.692578e-14 4.269594e+00 4.743993e+00
 90 4.556817e+14 1.762207e+09 4.130473e-14 4.256231e+00 4.729145e+00
 91 4.807634e+14 1.804849e+09 3.777224e-14 4.242170e+00 4.713523e+00
 92 5.072255e+14 1.855337e+09 3.557764e-14 4.226939e+00 4.696599e+00
 93 5.351442e+14 1.865751e+09 3.058316e-14 4.208862e+00 4.676513e+00
 94 5.645996e+14 1.958540e+09 2.514588e-14 4.190276e+00 4.655863e+00
 95 5.956763e+14 2.065760e+09 2.130316e-14 4.171529e+00 4.635032e+00
 96 6.284634e+14 2.122488e+09 1.817269e-14 4.152056e+00 4.613396e+00
 97 6.630553e+14 2.221381e+09 1.435055e-14 4.132110e+00 4.591233e+00
 98 6.995512e+14 2.339537e+09 1.144196e-14 4.114204e+00 4.571337e+00
 99 7.380558e+14 0.000000e+00 0.000000e+00 0.000000e+00 0.000000e+00
100 7.786799e+14 0.000000e+00 0.000000e+00 0.000000e+00 0.000000e+00
