       r    i inwind      i01      i02      i03      i04      i05      i06      i07      i08      i09 
7.00e+12    0     -1 0.00e+00 0.00e+00 0.00e+00 0.00e+00 0.00e+00 0.00e+00 0.00e+00 0.00e+00 0.00e+00 
7.35e+12    1      0 1.00e-20 1.00e-20 1.00e-20 1.00e-20 1.00e-20 1.00e-20 3.75e-18 6.54e-09 1.00e+00 
7.72e+12    2      0 1.00e-20 1.00e-20 1.00e-20 1.00e-20 1.00e-20 1.00e-20 5.95e-18 8.34e-09 1.00e+00 
8.10e+12    3      0 1.00e-20 1.00e-20 1.00e-20 1.00e-20 1.00e-20 1.00e-20 8.81e-18 1.03e-08 1.00e+00 
8.51e+12    4      0 1.00e-20 1.00e-20 1.00e-20 1.00e-20 1.00e-20 1.00e-20 1.30e-17 1.26e-08 1.00e+00 
8.93e+12    5      0 1.00e-20 1.00e-20 1.00e-20 1.00e-20 1.00e-20 1.00e-20 1.89e-17 1.54e-08 1.00e+00 
9.37e+12    6      0 1.00e-20 1.00e-20 1.00e-20 1.00e-20 1.00e-20 1.00e-20 2.78e-17 1.89e-08 1.00e+00 
9.84e+12    7      0 1.00e-20 1.00e-20 1.00e-20 1.00e-20 1.00e-20 1.00e-20 4.15e-17 2.34e-08 1.00e+00 
1.03e+13    8      0 1.00e-20 1.00e-20 1.00e-20 1.00e-20 1.00e-20 1.00e-20 6.26e-17 2.91e-08 1.00e+00 
1.08e+13    9      0 1.00e-20 1.00e-20 1.00e-20 1.00e-20 1.00e-20 1.00e-20 9.50e-17 3.63e-08 1.00e+00 
1.14e+13   10      0 1.00e-20 1.00e-20 1.00e-20 1.00e-20 1.00e-20 1.00e-20 1.45e-16 4.54e-08 1.00e+00 
1.19e+13   11      0 1.00e-20 1.00e-20 1.00e-20 1.00e-20 1.00e-20 1.00e-20 2.22e-16 5.70e-08 1.00e+00 
1.25e+13   12      0 1.00e-20 1.00e-20 1.00e-20 1.00e-20 1.00e-20 1.00e-20 3.44e-16 7.18e-08 1.00e+00 
1.32e+13   13      0 1.00e-20 1.00e-20 1.00e-20 1.00e-20 1.00e-20 1.00e-20 5.46e-16 9.17e-08 1.00e+00 
1.38e+13   14      0 1.00e-20 1.00e-20 1.00e-20 1.00e-20 1.00e-20 1.00e-20 8.61e-16 1.17e-07 1.00e+00 
1.45e+13   15      0 1.00e-20 1.00e-20 1.00e-20 1.00e-20 1.00e-20 1.00e-20 1.36e-15 1.49e-07 1.00e+00 
1.52e+13   16      0 1.00e-20 1.00e-20 1.00e-20 1.00e-20 1.00e-20 1.00e-20 2.20e-15 1.92e-07 1.00e+00 
1.60e+13   17      0 1.00e-20 1.00e-20 1.00e-20 1.00e-20 1.00e-20 1.00e-20 3.70e-15 2.53e-07 1.00e+00 
1.68e+13   18      0 1.00e-20 1.00e-20 1.00e-20 1.00e-20 1.00e-20 1.00e-20 6.26e-15 3.34e-07 1.00e+00 
1.76e+13   19      0 1.00e-20 1.00e-20 1.00e-20 1.00e-20 1.00e-20 1.00e-20 1.07e-14 4.43e-07 1.00e+00 
1.85e+13   20      0 1.00e-20 1.00e-20 1.00e-20 1.00e-20 1.00e-20 1.00e-20 1.88e-14 5.98e-07 1.00e+00 
1.94e+13   21      0 1.00e-20 1.00e-20 1.00e-20 1.00e-20 1.00e-20 1.00e-20 3.43e-14 8.23e-07 1.00e+00 
2.04e+13   22      0 1.00e-20 1.00e-20 1.00e-20 1.00e-20 1.00e-20 1.00e-20 6.16e-14 1.12e-06 1.00e+00 
2.14e+13   23      0 1.00e-20 1.00e-20 1.00e-20 1.00e-20 1.00e-20 1.00e-20 1.14e-13 1.55e-06 1.00e+00 
2.25e+13   24      0 1.00e-20 1.00e-20 1.00e-20 1.00e-20 1.00e-20 1.00e-20 2.21e-13 2.21e-06 1.00e+00 
2.36e+13   25      0 1.00e-20 1.00e-20 1.00e-20 1.00e-20 1.00e-20 1.00e-20 4.44e-13 3.20e-06 1.00e+00 
2.48e+13   26      0 1.00e-20 1.00e-20 1.00e-20 1.00e-20 1.00e-20 1.00e-20 9.02e-13 4.65e-06 1.00e+00 
2.60e+13   27      0 1.00e-20 1.00e-20 1.00e-20 1.00e-20 1.00e-20 1.00e-20 1.84e-12 6.80e-06 1.00e+00 
2.73e+13   28      0 1.00e-20 1.00e-20 1.00e-20 1.00e-20 1.00e-20 1.00e-20 3.88e-12 1.01e-05 1.00e+00 
2.86e+13   29      0 1.00e-20 1.00e-20 1.00e-20 1.00e-20 1.00e-20 1.00e-20 8.74e-12 1.54e-05 1.00e+00 
3.01e+13   30      0 1.00e-20 1.00e-20 1.00e-20 1.00e-20 1.00e-20 1.00e-20 2.11e-11 2.46e-05 1.00e+00 
3.16e+13   31      0 1.00e-20 1.00e-20 1.00e-20 1.00e-20 1.00e-20 1.00e-20 5.16e-11 3.95e-05 1.00e+00 
3.31e+13   32      0 1.00e-20 1.00e-20 1.00e-20 1.00e-20 1.00e-20 1.03e-20 1.20e-10 6.17e-05 1.00e+00 
3.48e+13   33      0 1.00e-20 1.00e-20 1.00e-20 1.00e-20 1.00e-20 3.07e-20 3.00e-10 1.00e-04 1.00e+00 
3.65e+13   34      0 1.00e-20 1.00e-20 1.00e-20 1.00e-20 1.00e-20 9.86e-20 7.91e-10 1.67e-04 1.00e+00 
3.83e+13   35      0 1.00e-20 1.00e-20 1.00e-20 1.00e-20 1.00e-20 3.27e-19 2.13e-09 2.81e-04 1.00e+00 
4.02e+13   36      0 1.00e-20 1.00e-20 1.00e-20 1.00e-20 1.00e-20 9.69e-19 5.32e-09 4.56e-04 1.00e+00 
4.22e+13   37      0 1.00e-20 1.00e-20 1.00e-20 1.00e-20 1.00e-20 2.99e-18 1.37e-08 7.54e-04 9.99e-01 
4.43e+13   38      0 1.00e-20 1.00e-20 1.00e-20 1.00e-20 1.00e-20 9.16e-18 3.43e-08 1.23e-03 9.99e-01 
4.65e+13   39      0 1.00e-20 1.00e-20 1.00e-20 1.00e-20 1.00e-20 2.74e-17 8.40e-08 1.98e-03 9.98e-01 
4.88e+13   40      0 1.00e-20 1.00e-20 1.00e-20 1.00e-20 1.00e-20 7.49e-17 1.93e-07 3.09e-03 9.97e-01 
5.13e+13   41      0 1.00e-20 1.00e-20 1.00e-20 1.00e-20 1.00e-20 2.24e-16 4.80e-07 5.05e-03 9.95e-01 
5.38e+13   42      0 1.00e-20 1.00e-20 1.00e-20 1.00e-20 1.00e-20 5.79e-16 1.04e-06 7.62e-03 9.92e-01 
5.65e+13   43      0 1.00e-20 1.00e-20 1.00e-20 1.00e-20 1.00e-20 1.67e-15 2.49e-06 1.22e-02 9.88e-01 
5.93e+13   44      0 1.00e-20 1.00e-20 1.00e-20 1.00e-20 1.00e-20 4.54e-15 5.71e-06 1.91e-02 9.81e-01 
6.23e+13   45      0 1.00e-20 1.00e-20 1.00e-20 1.00e-20 1.00e-20 1.35e-14 1.42e-05 3.13e-02 9.69e-01 
6.54e+13   46      0 1.00e-20 1.00e-20 1.00e-20 1.00e-20 1.00e-20 3.77e-14 3.35e-05 4.95e-02 9.50e-01 
6.86e+13   47      0 1.00e-20 1.00e-20 1.00e-20 1.00e-20 1.00e-20 7.23e-14 5.45e-05 6.34e-02 9.37e-01 
7.20e+13   48      0 1.00e-20 1.00e-20 1.00e-20 1.00e-20 1.00e-20 2.39e-13 1.53e-04 1.30e-01 8.69e-01 
7.56e+13   49      0 1.00e-20 1.00e-20 1.00e-20 1.00e-20 2.60e-20 3.73e-12 2.02e-03 9.98e-01 1.51e-18 
7.94e+13   50      0 1.00e-20 1.00e-20 1.00e-20 1.00e-20 5.07e-20 6.22e-12 2.88e-03 9.97e-01 5.18e-19 
8.33e+13   51      0 1.00e-20 1.00e-20 1.00e-20 1.00e-20 1.12e-19 1.18e-11 4.67e-03 9.95e-01 1.84e-19 
8.75e+13   52      0 1.00e-20 1.00e-20 1.00e-20 1.00e-20 3.51e-19 3.21e-11 1.09e-02 9.89e-01 6.82e-20 
9.18e+13   53      0 1.00e-20 1.00e-20 1.00e-20 1.00e-20 4.34e-17 3.44e-09 1.00e+00 9.77e-17 1.00e-20 
9.64e+13   54      0 1.00e-20 1.00e-20 1.00e-20 1.00e-20 5.78e-17 3.97e-09 1.00e+00 4.69e-17 1.00e-20 
1.01e+14   55      0 1.00e-20 1.00e-20 1.00e-20 1.00e-20 7.71e-17 4.61e-09 1.00e+00 2.19e-17 1.00e-20 
1.06e+14   56      0 1.00e-20 1.00e-20 1.00e-20 1.00e-20 1.04e-16 5.37e-09 1.00e+00 1.07e-17 1.00e-20 
1.11e+14   57      0 1.00e-20 1.00e-20 1.00e-20 1.00e-20 1.38e-16 6.21e-09 1.00e+00 5.45e-18 1.00e-20 
1.17e+14   58      0 1.00e-20 1.00e-20 1.00e-20 1.00e-20 9.43e-17 3.68e-09 5.11e-01 4.89e-01 1.00e-20 
1.23e+14   59      0 1.00e-20 1.00e-20 1.00e-20 1.00e-20 2.45e-16 8.32e-09 1.00e+00 1.65e-18 1.00e-20 
1.29e+14   60      0 1.00e-20 1.00e-20 1.00e-20 1.00e-20 3.26e-16 9.62e-09 1.00e+00 9.17e-19 1.00e-20 
1.35e+14   61      0 1.00e-20 1.00e-20 1.00e-20 1.00e-20 4.32e-16 1.11e-08 1.00e+00 5.26e-19 1.00e-20 
1.42e+14   62      0 1.00e-20 1.00e-20 1.00e-20 1.00e-20 5.67e-16 1.27e-08 1.00e+00 2.97e-19 1.00e-20 
1.49e+14   63      0 1.00e-20 1.00e-20 1.00e-20 1.00e-20 2.07e-17 4.09e-10 2.80e-02 9.72e-01 1.00e-20 
1.57e+14   64      0 1.00e-20 1.00e-20 1.00e-20 1.00e-20 9.58e-16 1.66e-08 1.00e+00 1.03e-19 1.00e-20 
1.64e+14   65      0 1.00e-20 1.00e-20 1.00e-20 1.00e-20 1.23e-15 1.89e-08 1.00e+00 5.91e-20 1.00e-20 
1.73e+14   66      0 1.00e-20 1.00e-20 1.00e-20 1.00e-20 1.58e-15 2.15e-08 1.00e+00 3.40e-20 1.00e-20 
1.81e+14   67      0 1.00e-20 1.00e-20 1.00e-20 1.00e-20 2.02e-15 2.43e-08 1.00e+00 1.93e-20 1.00e-20 
1.90e+14   68      0 1.00e-20 1.00e-20 1.00e-20 1.00e-20 2.57e-15 2.75e-08 1.00e+00 1.06e-20 1.00e-20 
2.00e+14   69      0 1.00e-20 1.00e-20 1.00e-20 1.00e-20 3.25e-15 3.10e-08 1.00e+00 1.00e-20 1.00e-20 
2.10e+14   70      0 1.00e-20 1.00e-20 1.00e-20 1.00e-20 2.54e-16 2.17e-09 6.24e-02 9.38e-01 1.00e-20 
2.20e+14   71      0 1.00e-20 1.00e-20 1.00e-20 1.00e-20 5.11e-15 3.90e-08 1.00e+00 1.00e-20 1.00e-20 
2.31e+14   72      0 1.00e-20 1.00e-20 1.00e-20 1.00e-20 6.43e-15 4.39e-08 1.00e+00 1.00e-20 1.00e-20 
2.42e+14   73      0 1.00e-20 1.00e-20 1.00e-20 1.00e-20 8.01e-15 4.91e-08 1.00e+00 1.00e-20 1.00e-20 
2.55e+14   74      0 1.00e-20 1.00e-20 1.00e-20 1.00e-20 9.92e-15 5.47e-08 1.00e+00 1.00e-20 1.00e-20 
2.67e+14   75      0 1.00e-20 1.00e-20 1.00e-20 1.00e-20 1.23e-14 6.10e-08 1.00e+00 1.00e-20 1.00e-20 
2.80e+14   76      0 1.00e-20 1.00e-20 1.00e-20 1.00e-20 1.52e-14 6.79e-08 1.00e+00 1.00e-20 1.00e-20 
2.94e+14   77      0 1.00e-20 1.00e-20 1.00e-20 1.00e-20 1.88e-14 7.58e-08 1.00e+00 1.00e-20 1.00e-20 
3.09e+14   78      0 1.00e-20 1.00e-20 1.00e-20 1.00e-20 2.33e-14 8.46e-08 1.00e+00 1.00e-20 1.00e-20 
3.24e+14   79      0 1.00e-20 1.00e-20 1.00e-20 1.00e-20 2.89e-14 9.45e-08 1.00e+00 1.00e-20 1.00e-20 
3.41e+14   80      0 1.00e-20 1.00e-20 1.00e-20 1.00e-20 3.58e-14 1.06e-07 1.00e+00 1.00e-20 1.00e-20 
3.58e+14   81      0 1.00e-20 1.00e-20 1.00e-20 1.00e-20 4.44e-14 1.18e-07 1.00e+00 1.00e-20 1.00e-20 
3.75e+14   82      0 1.00e-20 1.00e-20 1.00e-20 1.00e-20 5.49e-14 1.31e-07 1.00e+00 1.00e-20 1.00e-20 
3.94e+14   83      0 1.00e-20 1.00e-20 1.00e-20 1.00e-20 6.85e-14 1.47e-07 1.00e+00 1.00e-20 1.00e-20 
4.14e+14   84      0 1.00e-20 1.00e-20 1.00e-20 1.00e-20 8.48e-14 1.64e-07 1.00e+00 1.00e-20 1.00e-20 
4.34e+14   85      0 1.00e-20 1.00e-20 1.00e-20 1.00e-20 1.05e-13 1.83e-07 1.00e+00 1.00e-20 1.00e-20 
4.56e+14   86      0 1.00e-20 1.00e-20 1.00e-20 1.35e-20 1.31e-13 2.04e-07 1.00e+00 1.00e-20 1.00e-20 
4.78e+14   87      0 1.00e-20 1.00e-20 1.00e-20 1.87e-20 1.64e-13 2.30e-07 1.00e+00 1.00e-20 1.00e-20 
5.02e+14   88      0 1.00e-20 1.00e-20 1.00e-20 2.59e-20 2.06e-13 2.58e-07 1.00e+00 1.00e-20 1.00e-20 
5.27e+14   89      0 1.00e-20 1.00e-20 1.00e-20 3.70e-20 2.64e-13 2.93e-07 1.00e+00 1.00e-20 1.00e-20 
5.53e+14   90      0 1.00e-20 1.00e-20 1.00e-20 5.31e-20 3.40e-13 3.33e-07 1.00e+00 1.00e-20 1.00e-20 
5.81e+14   91      0 1.00e-20 1.00e-20 1.00e-20 7.92e-20 4.49e-13 3.84e-07 1.00e+00 1.00e-20 1.00e-20 
6.10e+14   92      0 1.00e-20 1.00e-20 1.00e-20 1.23e-19 6.08e-13 4.47e-07 1.00e+00 1.00e-20 1.00e-20 
6.40e+14   93      0 1.00e-20 1.00e-20 1.00e-20 2.19e-19 9.00e-13 5.46e-07 1.00e+00 1.00e-20 1.00e-20 
6.72e+14   94     -1 0.00e+00 0.00e+00 0.00e+00 0.00e+00 0.00e+00 0.00e+00 0.00e+00 0.00e+00 0.00e+00 
7.06e+14   95     -1 0.00e+00 0.00e+00 0.00e+00 0.00e+00 0.00e+00 0.00e+00 0.00e+00 0.00e+00 0.00e+00 
