       r    i inwind      i01      i02 
7.00e+12    0     -1 0.00e+00 0.00e+00 
7.35e+12    1      0 3.32e-02 8.29e+10 
7.72e+12    2      0 6.60e-02 7.60e+10 
8.10e+12    3      0 5.28e-02 6.97e+10 
8.51e+12    4      0 5.38e-02 6.42e+10 
8.93e+12    5      0 2.22e-02 5.93e+10 
9.37e+12    6      0 2.06e-02 5.51e+10 
9.84e+12    7      0 1.51e-02 5.13e+10 
1.03e+13    8      0 2.64e-02 4.78e+10 
1.08e+13    9      0 1.14e-02 4.46e+10 
1.14e+13   10      0 2.15e-02 4.20e+10 
1.19e+13   11      0 2.77e-02 3.97e+10 
1.25e+13   12      0 1.93e-02 3.75e+10 
1.32e+13   13      0 1.95e-02 3.57e+10 
1.38e+13   14      0 1.92e-02 3.38e+10 
1.45e+13   15      0 1.00e-02 3.20e+10 
1.52e+13   16      0 1.01e-02 3.02e+10 
1.60e+13   17      0 1.38e-02 2.86e+10 
1.68e+13   18      0 1.09e-02 2.72e+10 
1.76e+13   19      0 1.34e-02 2.58e+10 
1.85e+13   20      0 1.23e-02 2.46e+10 
1.94e+13   21      0 6.44e-03 2.34e+10 
2.04e+13   22      0 5.21e-03 2.24e+10 
2.14e+13   23      0 1.03e-02 2.16e+10 
2.25e+13   24      0 8.32e-03 2.09e+10 
2.36e+13   25      0 4.31e-03 2.03e+10 
2.48e+13   26      0 5.64e-03 1.98e+10 
2.60e+13   27      0 9.92e-03 1.94e+10 
2.73e+13   28      0 1.13e-02 1.92e+10 
2.86e+13   29      0 5.92e-03 1.93e+10 
3.01e+13   30      0 1.15e-02 1.95e+10 
3.16e+13   31      0 7.44e-03 1.99e+10 
3.31e+13   32      0 1.19e-02 1.99e+10 
3.48e+13   33      0 7.68e-03 2.03e+10 
3.65e+13   34      0 1.01e-02 2.12e+10 
3.83e+13   35      0 9.91e-03 2.24e+10 
4.02e+13   36      0 1.82e-02 2.28e+10 
4.22e+13   37      0 2.07e-02 2.35e+10 
4.43e+13   38      0 1.78e-02 2.47e+10 
4.65e+13   39      0 2.75e-02 2.60e+10 
4.88e+13   40      0 2.11e-02 2.65e+10 
5.13e+13   41      0 4.16e-02 2.73e+10 
5.38e+13   42      0 3.81e-02 2.79e+10 
5.65e+13   43      0 4.71e-02 2.87e+10 
5.93e+13   44      0 5.63e-02 2.90e+10 
6.23e+13   45      0 4.39e-02 2.95e+10 
6.54e+13   46      0 4.54e-02 2.97e+10 
6.86e+13   47      0 5.78e-02 2.97e+10 
7.20e+13   48      0 5.18e-02 2.95e+10 
7.56e+13   49      0 6.92e-02 2.95e+10 
7.94e+13   50      0 5.95e-02 2.93e+10 
8.33e+13   51      0 6.05e-02 2.90e+10 
8.75e+13   52      0 6.92e-02 2.86e+10 
9.18e+13   53      0 6.78e-02 2.82e+10 
9.64e+13   54      0 6.18e-02 2.77e+10 
1.01e+14   55      0 7.38e-02 2.72e+10 
1.06e+14   56      0 5.09e-02 2.69e+10 
1.11e+14   57      0 6.75e-02 2.65e+10 
1.17e+14   58      0 7.23e-02 2.61e+10 
1.23e+14   59      0 8.32e-02 2.58e+10 
1.29e+14   60      0 7.44e-02 2.55e+10 
1.35e+14   61      0 6.60e-02 2.51e+10 
1.42e+14   62      0 6.32e-02 2.45e+10 
1.49e+14   63      0 9.45e-02 2.39e+10 
1.57e+14   64      0 7.10e-02 2.32e+10 
1.64e+14   65      0 8.06e-02 2.25e+10 
1.73e+14   66      0 5.63e-02 2.17e+10 
1.81e+14   67      0 6.68e-02 2.08e+10 
1.90e+14   68      0 7.45e-02 1.99e+10 
2.00e+14   69      0 6.07e-02 1.90e+10 
2.10e+14   70      0 7.85e-02 1.81e+10 
2.20e+14   71      0 6.89e-02 1.71e+10 
2.31e+14   72      0 6.76e-02 1.62e+10 
2.42e+14   73      0 6.39e-02 1.53e+10 
2.55e+14   74      0 5.10e-02 1.44e+10 
2.67e+14   75      0 5.36e-02 1.35e+10 
2.80e+14   76      0 4.83e-02 1.27e+10 
2.94e+14   77      0 5.99e-02 1.20e+10 
3.09e+14   78      0 5.24e-02 1.13e+10 
3.24e+14   79      0 5.45e-02 1.06e+10 
3.41e+14   80      0 4.98e-02 9.94e+09 
3.58e+14   81      0 5.31e-02 9.33e+09 
3.75e+14   82      0 5.41e-02 8.73e+09 
3.94e+14   83      0 5.30e-02 8.16e+09 
4.14e+14   84      0 4.31e-02 7.64e+09 
4.34e+14   85      0 4.70e-02 7.14e+09 
4.56e+14   86      0 4.28e-02 6.64e+09 
4.78e+14   87      0 4.45e-02 6.18e+09 
5.02e+14   88      0 5.08e-02 5.77e+09 
5.27e+14   89      0 5.56e-02 5.38e+09 
5.53e+14   90      0 4.50e-02 4.98e+09 
5.81e+14   91      0 5.21e-02 4.63e+09 
6.10e+14   92      0 5.68e-02 4.27e+09 
6.40e+14   93      0 5.43e-02 3.92e+09 
6.72e+14   94     -1 0.00e+00 0.00e+00 
7.06e+14   95     -1 0.00e+00 0.00e+00 
