       r    i inwind      i01      i02      i03      i04      i05      i06      i07      i08      i09 
7.00e+12    0     -1 0.00e+00 0.00e+00 0.00e+00 0.00e+00 0.00e+00 0.00e+00 0.00e+00 0.00e+00 0.00e+00 
7.35e+12    1      0 7.05e-13 7.05e-13 7.05e-13 7.05e-13 7.05e-13 7.05e-13 2.64e-10 4.61e-01 7.05e+07 
7.72e+12    2      0 6.47e-13 6.47e-13 6.47e-13 6.47e-13 6.47e-13 6.47e-13 3.85e-10 5.39e-01 6.47e+07 
8.10e+12    3      0 5.93e-13 5.93e-13 5.93e-13 5.93e-13 5.93e-13 5.93e-13 5.23e-10 6.09e-01 5.93e+07 
8.51e+12    4      0 5.46e-13 5.46e-13 5.46e-13 5.46e-13 5.46e-13 5.46e-13 7.10e-10 6.90e-01 5.46e+07 
8.93e+12    5      0 5.05e-13 5.05e-13 5.05e-13 5.05e-13 5.05e-13 5.05e-13 9.55e-10 7.78e-01 5.05e+07 
9.37e+12    6      0 4.69e-13 4.69e-13 4.69e-13 4.69e-13 4.69e-13 4.69e-13 1.31e-09 8.87e-01 4.69e+07 
9.84e+12    7      0 4.37e-13 4.37e-13 4.37e-13 4.37e-13 4.37e-13 4.37e-13 1.81e-09 1.02e+00 4.37e+07 
1.03e+13    8      0 4.06e-13 4.06e-13 4.06e-13 4.06e-13 4.06e-13 4.06e-13 2.54e-09 1.18e+00 4.06e+07 
1.08e+13    9      0 3.80e-13 3.80e-13 3.80e-13 3.80e-13 3.80e-13 3.80e-13 3.61e-09 1.38e+00 3.80e+07 
1.14e+13   10      0 3.57e-13 3.57e-13 3.57e-13 3.57e-13 3.57e-13 3.57e-13 5.18e-09 1.62e+00 3.57e+07 
1.19e+13   11      0 3.38e-13 3.38e-13 3.38e-13 3.38e-13 3.38e-13 3.38e-13 7.50e-09 1.92e+00 3.38e+07 
1.25e+13   12      0 3.20e-13 3.20e-13 3.20e-13 3.20e-13 3.20e-13 3.20e-13 1.10e-08 2.30e+00 3.20e+07 
1.32e+13   13      0 3.04e-13 3.04e-13 3.04e-13 3.04e-13 3.04e-13 3.04e-13 1.66e-08 2.78e+00 3.04e+07 
1.38e+13   14      0 2.88e-13 2.88e-13 2.88e-13 2.88e-13 2.88e-13 2.88e-13 2.48e-08 3.36e+00 2.88e+07 
1.45e+13   15      0 2.73e-13 2.73e-13 2.73e-13 2.73e-13 2.73e-13 2.73e-13 3.70e-08 4.05e+00 2.73e+07 
1.52e+13   16      0 2.57e-13 2.57e-13 2.57e-13 2.57e-13 2.57e-13 2.57e-13 5.67e-08 4.94e+00 2.57e+07 
1.60e+13   17      0 2.44e-13 2.44e-13 2.44e-13 2.44e-13 2.44e-13 2.44e-13 9.00e-08 6.15e+00 2.44e+07 
1.68e+13   18      0 2.31e-13 2.31e-13 2.31e-13 2.31e-13 2.31e-13 2.31e-13 1.45e-07 7.72e+00 2.31e+07 
1.76e+13   19      0 2.20e-13 2.20e-13 2.20e-13 2.20e-13 2.20e-13 2.20e-13 2.35e-07 9.75e+00 2.20e+07 
1.85e+13   20      0 2.09e-13 2.09e-13 2.09e-13 2.09e-13 2.09e-13 2.09e-13 3.93e-07 1.25e+01 2.09e+07 
1.94e+13   21      0 1.99e-13 1.99e-13 1.99e-13 1.99e-13 1.99e-13 1.99e-13 6.83e-07 1.64e+01 1.99e+07 
2.04e+13   22      0 1.91e-13 1.91e-13 1.91e-13 1.91e-13 1.91e-13 1.91e-13 1.18e-06 2.14e+01 1.91e+07 
2.14e+13   23      0 1.84e-13 1.84e-13 1.84e-13 1.84e-13 1.84e-13 1.84e-13 2.09e-06 2.86e+01 1.84e+07 
2.25e+13   24      0 1.78e-13 1.78e-13 1.78e-13 1.78e-13 1.78e-13 1.78e-13 3.93e-06 3.93e+01 1.78e+07 
2.36e+13   25      0 1.73e-13 1.73e-13 1.73e-13 1.73e-13 1.73e-13 1.73e-13 7.67e-06 5.52e+01 1.73e+07 
2.48e+13   26      0 1.69e-13 1.69e-13 1.69e-13 1.69e-13 1.69e-13 1.69e-13 1.52e-05 7.84e+01 1.69e+07 
2.60e+13   27      0 1.65e-13 1.65e-13 1.65e-13 1.65e-13 1.65e-13 1.65e-13 3.04e-05 1.12e+02 1.65e+07 
2.73e+13   28      0 1.63e-13 1.63e-13 1.63e-13 1.63e-13 1.63e-13 1.63e-13 6.33e-05 1.64e+02 1.63e+07 
2.86e+13   29      0 1.64e-13 1.64e-13 1.64e-13 1.64e-13 1.64e-13 1.64e-13 1.43e-04 2.53e+02 1.64e+07 
3.01e+13   30      0 1.66e-13 1.66e-13 1.66e-13 1.66e-13 1.66e-13 1.66e-13 3.50e-04 4.09e+02 1.66e+07 
3.16e+13   31      0 1.69e-13 1.69e-13 1.69e-13 1.69e-13 1.69e-13 1.69e-13 8.73e-04 6.69e+02 1.69e+07 
3.31e+13   32      0 1.70e-13 1.70e-13 1.70e-13 1.70e-13 1.70e-13 1.75e-13 2.04e-03 1.05e+03 1.70e+07 
3.48e+13   33      0 1.73e-13 1.73e-13 1.73e-13 1.73e-13 1.73e-13 5.31e-13 5.19e-03 1.74e+03 1.73e+07 
3.65e+13   34      0 1.81e-13 1.81e-13 1.81e-13 1.81e-13 1.81e-13 1.78e-12 1.43e-02 3.01e+03 1.81e+07 
3.83e+13   35      0 1.91e-13 1.91e-13 1.91e-13 1.91e-13 1.91e-13 6.24e-12 4.07e-02 5.36e+03 1.91e+07 
4.02e+13   36      0 1.94e-13 1.94e-13 1.94e-13 1.94e-13 1.94e-13 1.88e-11 1.03e-01 8.86e+03 1.94e+07 
4.22e+13   37      0 2.00e-13 2.00e-13 2.00e-13 2.00e-13 2.00e-13 5.98e-11 2.74e-01 1.51e+04 2.00e+07 
4.43e+13   38      0 2.10e-13 2.10e-13 2.10e-13 2.10e-13 2.10e-13 1.92e-10 7.21e-01 2.58e+04 2.10e+07 
4.65e+13   39      0 2.21e-13 2.21e-13 2.21e-13 2.21e-13 2.21e-13 6.06e-10 1.86e+00 4.37e+04 2.21e+07 
4.88e+13   40      0 2.26e-13 2.26e-13 2.26e-13 2.26e-13 2.26e-13 1.69e-09 4.35e+00 6.99e+04 2.25e+07 
5.13e+13   41      0 2.32e-13 2.32e-13 2.32e-13 2.32e-13 2.32e-13 5.20e-09 1.11e+01 1.17e+05 2.31e+07 
5.38e+13   42      0 2.38e-13 2.38e-13 2.38e-13 2.38e-13 2.38e-13 1.38e-08 2.47e+01 1.81e+05 2.36e+07 
5.65e+13   43      0 2.44e-13 2.44e-13 2.44e-13 2.44e-13 2.44e-13 4.07e-08 6.07e+01 2.98e+05 2.41e+07 
5.93e+13   44      0 2.47e-13 2.47e-13 2.47e-13 2.47e-13 2.47e-13 1.12e-07 1.41e+02 4.71e+05 2.42e+07 
6.23e+13   45      0 2.51e-13 2.51e-13 2.51e-13 2.51e-13 2.51e-13 3.40e-07 3.58e+02 7.86e+05 2.44e+07 
6.54e+13   46      0 2.53e-13 2.53e-13 2.53e-13 2.53e-13 2.53e-13 9.54e-07 8.47e+02 1.25e+06 2.40e+07 
6.86e+13   47      0 2.53e-13 2.53e-13 2.53e-13 2.53e-13 2.53e-13 1.83e-06 1.38e+03 1.60e+06 2.37e+07 
7.20e+13   48      0 2.51e-13 2.51e-13 2.51e-13 2.51e-13 2.51e-13 5.99e-06 3.85e+03 3.27e+06 2.18e+07 
7.56e+13   49      0 2.51e-13 2.51e-13 2.51e-13 2.51e-13 6.53e-13 9.35e-05 5.08e+04 2.50e+07 3.79e-11 
7.94e+13   50      0 2.49e-13 2.49e-13 2.49e-13 2.49e-13 1.26e-12 1.55e-04 7.17e+04 2.49e+07 1.29e-11 
8.33e+13   51      0 2.47e-13 2.47e-13 2.47e-13 2.47e-13 2.76e-12 2.92e-04 1.15e+05 2.46e+07 4.55e-12 
8.75e+13   52      0 2.44e-13 2.44e-13 2.44e-13 2.44e-13 8.55e-12 7.81e-04 2.65e+05 2.41e+07 1.66e-12 
9.18e+13   53      0 2.40e-13 2.40e-13 2.40e-13 2.40e-13 1.04e-09 8.24e-02 2.40e+07 2.34e-09 2.40e-13 
9.64e+13   54      0 2.36e-13 2.36e-13 2.36e-13 2.36e-13 1.36e-09 9.37e-02 2.36e+07 1.11e-09 2.36e-13 
1.01e+14   55      0 2.32e-13 2.32e-13 2.32e-13 2.32e-13 1.79e-09 1.07e-01 2.32e+07 5.08e-10 2.32e-13 
1.06e+14   56      0 2.29e-13 2.29e-13 2.29e-13 2.29e-13 2.37e-09 1.23e-01 2.29e+07 2.46e-10 2.29e-13 
1.11e+14   57      0 2.26e-13 2.26e-13 2.26e-13 2.26e-13 3.12e-09 1.40e-01 2.26e+07 1.23e-10 2.26e-13 
1.17e+14   58      0 2.22e-13 2.22e-13 2.22e-13 2.22e-13 2.10e-09 8.18e-02 1.14e+07 1.09e+07 2.22e-13 
1.23e+14   59      0 2.19e-13 2.19e-13 2.19e-13 2.19e-13 5.38e-09 1.83e-01 2.19e+07 3.62e-11 2.19e-13 
1.29e+14   60      0 2.17e-13 2.17e-13 2.17e-13 2.17e-13 7.07e-09 2.09e-01 2.17e+07 1.99e-11 2.17e-13 
1.35e+14   61      0 2.13e-13 2.13e-13 2.13e-13 2.13e-13 9.21e-09 2.37e-01 2.13e+07 1.12e-11 2.13e-13 
1.42e+14   62      0 2.09e-13 2.09e-13 2.09e-13 2.09e-13 1.18e-08 2.66e-01 2.09e+07 6.21e-12 2.09e-13 
1.49e+14   63      0 2.04e-13 2.04e-13 2.04e-13 2.04e-13 4.23e-10 8.33e-03 5.70e+05 1.98e+07 2.04e-13 
1.57e+14   64      0 1.98e-13 1.98e-13 1.98e-13 1.98e-13 1.90e-08 3.29e-01 1.98e+07 2.03e-12 1.98e-13 
1.64e+14   65      0 1.92e-13 1.92e-13 1.92e-13 1.92e-13 2.36e-08 3.62e-01 1.92e+07 1.13e-12 1.92e-13 
1.73e+14   66      0 1.84e-13 1.84e-13 1.84e-13 1.84e-13 2.91e-08 3.96e-01 1.84e+07 6.27e-13 1.84e-13 
1.81e+14   67      0 1.77e-13 1.77e-13 1.77e-13 1.77e-13 3.58e-08 4.31e-01 1.77e+07 3.42e-13 1.77e-13 
1.90e+14   68      0 1.70e-13 1.70e-13 1.70e-13 1.70e-13 4.36e-08 4.66e-01 1.70e+07 1.80e-13 1.70e-13 
2.00e+14   69      0 1.62e-13 1.62e-13 1.62e-13 1.62e-13 5.24e-08 5.01e-01 1.62e+07 1.62e-13 1.62e-13 
2.10e+14   70      0 1.54e-13 1.54e-13 1.54e-13 1.54e-13 3.90e-09 3.33e-02 9.59e+05 1.44e+07 1.54e-13 
2.20e+14   71      0 1.46e-13 1.46e-13 1.46e-13 1.46e-13 7.45e-08 5.69e-01 1.46e+07 1.46e-13 1.46e-13 
2.31e+14   72      0 1.38e-13 1.38e-13 1.38e-13 1.38e-13 8.88e-08 6.06e-01 1.38e+07 1.38e-13 1.38e-13 
2.42e+14   73      0 1.30e-13 1.30e-13 1.30e-13 1.30e-13 1.04e-07 6.40e-01 1.30e+07 1.30e-13 1.30e-13 
2.55e+14   74      0 1.23e-13 1.23e-13 1.23e-13 1.23e-13 1.22e-07 6.71e-01 1.23e+07 1.23e-13 1.23e-13 
2.67e+14   75      0 1.15e-13 1.15e-13 1.15e-13 1.15e-13 1.42e-07 7.03e-01 1.15e+07 1.15e-13 1.15e-13 
2.80e+14   76      0 1.08e-13 1.08e-13 1.08e-13 1.08e-13 1.64e-07 7.34e-01 1.08e+07 1.08e-13 1.08e-13 
2.94e+14   77      0 1.02e-13 1.02e-13 1.02e-13 1.02e-13 1.91e-07 7.72e-01 1.02e+07 1.02e-13 1.02e-13 
3.09e+14   78      0 9.58e-14 9.58e-14 9.58e-14 9.58e-14 2.23e-07 8.10e-01 9.58e+06 9.58e-14 9.58e-14 
3.24e+14   79      0 9.00e-14 9.00e-14 9.00e-14 9.00e-14 2.60e-07 8.51e-01 9.00e+06 9.00e-14 9.00e-14 
3.41e+14   80      0 8.46e-14 8.46e-14 8.46e-14 8.46e-14 3.03e-07 8.93e-01 8.46e+06 8.46e-14 8.46e-14 
3.58e+14   81      0 7.94e-14 7.94e-14 7.94e-14 7.94e-14 3.53e-07 9.35e-01 7.94e+06 7.94e-14 7.94e-14 
3.75e+14   82      0 7.43e-14 7.43e-14 7.43e-14 7.43e-14 4.08e-07 9.74e-01 7.43e+06 7.43e-14 7.43e-14 
3.94e+14   83      0 6.95e-14 6.95e-14 6.95e-14 6.95e-14 4.76e-07 1.02e+00 6.95e+06 6.95e-14 6.95e-14 
4.14e+14   84      0 6.50e-14 6.50e-14 6.50e-14 6.50e-14 5.51e-07 1.06e+00 6.50e+06 6.50e-14 6.50e-14 
4.34e+14   85      0 6.08e-14 6.08e-14 6.08e-14 6.08e-14 6.38e-07 1.11e+00 6.08e+06 6.08e-14 6.08e-14 
4.56e+14   86      0 5.65e-14 5.65e-14 5.65e-14 7.65e-14 7.39e-07 1.15e+00 5.65e+06 5.65e-14 5.65e-14 
4.78e+14   87      0 5.26e-14 5.26e-14 5.26e-14 9.84e-14 8.64e-07 1.21e+00 5.26e+06 5.26e-14 5.26e-14 
5.02e+14   88      0 4.91e-14 4.91e-14 4.91e-14 1.27e-13 1.01e-06 1.26e+00 4.91e+06 4.91e-14 4.91e-14 
5.27e+14   89      0 4.58e-14 4.58e-14 4.58e-14 1.69e-13 1.21e-06 1.34e+00 4.58e+06 4.58e-14 4.58e-14 
5.53e+14   90      0 4.24e-14 4.24e-14 4.24e-14 2.25e-13 1.44e-06 1.41e+00 4.24e+06 4.24e-14 4.24e-14 
5.81e+14   91      0 3.94e-14 3.94e-14 3.94e-14 3.12e-13 1.77e-06 1.51e+00 3.94e+06 3.94e-14 3.94e-14 
6.10e+14   92      0 3.64e-14 3.64e-14 3.64e-14 4.49e-13 2.21e-06 1.63e+00 3.64e+06 3.64e-14 3.64e-14 
6.40e+14   93      0 3.34e-14 3.34e-14 3.34e-14 7.30e-13 3.00e-06 1.82e+00 3.34e+06 3.34e-14 3.34e-14 
6.72e+14   94     -1 0.00e+00 0.00e+00 0.00e+00 0.00e+00 0.00e+00 0.00e+00 0.00e+00 0.00e+00 0.00e+00 
7.06e+14   95     -1 0.00e+00 0.00e+00 0.00e+00 0.00e+00 0.00e+00 0.00e+00 0.00e+00 0.00e+00 0.00e+00 
