        r    i inwind converge       v_x       v_y       v_z       vol       rho        ne       t_e   t_e_old      dt_e  dt_e_old       t_r   t_r_old         w  heat_tot heat_tot_old  cool_tot      ntot        ip    nioniz      gain macro_bf_in macro_bf_out 
4.310e+12    0     -1        0  4.89e+07  0.00e+00  0.00e+00  0.00e+00  0.00e+00  0.00e+00  0.00e+00  0.00e+00  0.00e+00  0.00e+00  0.00e+00  0.00e+00  0.00e+00  0.00e+00  0.00e+00  0.00e+00  0.00e+00  0.00e+00  0.00e+00  0.00e+00  0.00e+00  0.00e+00 
4.525e+12    1      0        0  2.06e+08  0.00e+00  0.00e+00  6.08e+37  1.36e-12  6.95e+11  9.49e+05  9.49e+05 -3.61e+02  8.42e+02  9.67e+05  9.68e+05  5.77e-01  2.06e+42  2.06e+42  2.06e+42  1.25e+07  1.85e+07  1.25e+07  6.99e-01  0.00e+00  0.00e+00 
4.750e+12    2      0        0  4.51e+08  0.00e+00  0.00e+00  7.04e+37  1.23e-12  6.31e+11  9.31e+05  9.32e+05  3.24e+02  3.27e+02  9.52e+05  9.52e+05  5.15e-01  1.78e+42  1.78e+42  1.78e+42  1.22e+07  1.74e+07  1.21e+07  8.00e-01  0.00e+00  0.00e+00 
4.986e+12    3      0        0  7.34e+08  0.00e+00  0.00e+00  8.15e+37  1.12e-12  5.73e+11  9.13e+05  9.14e+05  1.09e+02  3.79e+02  9.35e+05  9.36e+05  4.67e-01  1.55e+42  1.55e+42  1.55e+42  1.19e+07  1.66e+07  1.18e+07  8.00e-01  0.00e+00  0.00e+00 
5.234e+12    4      0        0  1.07e+09  0.00e+00  0.00e+00  9.43e+37  9.97e-13  5.11e+11  8.95e+05  8.95e+05 -2.37e+02  5.53e+02  9.18e+05  9.18e+05  4.27e-01  1.33e+42  1.33e+42  1.33e+42  1.16e+07  1.62e+07  1.16e+07  6.99e-01  0.00e+00  0.00e+00 
5.495e+12    5      0        0  1.47e+09  0.00e+00  0.00e+00  1.09e+38  8.87e-13  4.55e+11  8.74e+05  8.75e+05  2.01e+01  8.10e+01  8.99e+05  8.99e+05  3.95e-01  1.14e+42  1.14e+42  1.14e+42  1.14e+07  1.59e+07  1.14e+07  8.00e-01  0.00e+00  0.00e+00 
5.768e+12    6      0        0  1.93e+09  0.00e+00  0.00e+00  1.26e+38  7.93e-13  4.07e+11  8.52e+05  8.52e+05  3.48e+02  2.20e+02  8.78e+05  8.78e+05  3.70e-01  9.78e+41  9.78e+41  9.78e+41  1.12e+07  1.56e+07  1.12e+07  8.00e-01  0.00e+00  0.00e+00 
6.055e+12    7      0        0  2.49e+09  0.00e+00  0.00e+00  1.46e+38  7.08e-13  3.63e+11  8.28e+05  8.28e+05  2.42e+01  2.17e+02  8.54e+05  8.54e+05  3.51e-01  8.37e+41  8.37e+41  8.37e+41  1.11e+07  1.54e+07  1.10e+07  8.00e-01  0.00e+00  0.00e+00 
6.356e+12    8      0        0  3.13e+09  0.00e+00  0.00e+00  1.70e+38  6.35e-13  3.26e+11  8.01e+05  8.01e+05 -3.07e+02  4.36e+02  8.29e+05  8.29e+05  3.38e-01  7.19e+41  7.19e+41  7.19e+41  1.10e+07  1.52e+07  1.10e+07  6.99e-01  0.00e+00  0.00e+00 
6.672e+12    9      0        0  3.85e+09  0.00e+00  0.00e+00  1.97e+38  5.77e-13  2.96e+11  7.74e+05  7.74e+05 -3.68e+02  4.14e+02  8.04e+05  8.03e+05  3.28e-01  6.28e+41  6.28e+41  6.28e+41  1.10e+07  1.48e+07  1.09e+07  6.99e-01  0.00e+00  0.00e+00 
7.004e+12   10      0        0  4.58e+09  0.00e+00  0.00e+00  2.29e+38  5.30e-13  2.72e+11  7.47e+05  7.47e+05 -2.75e+02 -1.94e+02  7.79e+05  7.78e+05  3.20e-01  5.57e+41  5.57e+41  5.57e+41  1.10e+07  1.44e+07  1.09e+07  7.69e-01  0.00e+00  0.00e+00 
7.353e+12   11      0        0  5.26e+09  0.00e+00  0.00e+00  2.66e+38  4.94e-13  2.53e+11  7.21e+05  7.21e+05  2.49e+02 -4.92e+02  7.54e+05  7.54e+05  3.15e-01  5.04e+41  5.04e+41  5.04e+41  1.10e+07  1.39e+07  1.09e+07  4.90e-01  0.00e+00  0.00e+00 
7.719e+12   12      0        0  5.90e+09  0.00e+00  0.00e+00  3.09e+38  4.62e-13  2.37e+11  6.96e+05  6.95e+05 -2.00e+02 -3.94e+02  7.30e+05  7.30e+05  3.12e-01  4.60e+41  4.60e+41  4.59e+41  1.10e+07  1.34e+07  1.09e+07  7.69e-01  0.00e+00  0.00e+00 
8.103e+12   13      0        0  6.53e+09  0.00e+00  0.00e+00  3.59e+38  4.41e-13  2.26e+11  6.71e+05  6.71e+05 -1.01e+02 -4.27e+02  7.07e+05  7.07e+05  3.10e-01  4.29e+41  4.29e+41  4.29e+41  1.11e+07  1.27e+07  1.10e+07  7.69e-01  0.00e+00  0.00e+00 
8.506e+12   14      0        0  7.12e+09  0.00e+00  0.00e+00  4.17e+38  4.27e-13  2.19e+11  6.47e+05  6.47e+05  1.19e+02 -1.95e+02  6.85e+05  6.85e+05  3.09e-01  4.09e+41  4.09e+41  4.09e+41  1.12e+07  1.20e+07  1.10e+07  4.90e-01  0.00e+00  0.00e+00 
8.929e+12   15      0        0  7.69e+09  0.00e+00  0.00e+00  4.85e+38  4.18e-13  2.14e+11  6.23e+05  6.23e+05 -1.40e+02 -2.95e+02  6.63e+05  6.63e+05  3.10e-01  3.94e+41  3.94e+41  3.94e+41  1.13e+07  1.12e+07  1.11e+07  7.69e-01  0.00e+00  0.00e+00 
9.373e+12   16      0        0  8.29e+09  0.00e+00  0.00e+00  5.64e+38  4.09e-13  2.10e+11  5.99e+05  5.99e+05 -2.60e+02 -7.80e+01  6.41e+05  6.41e+05  3.13e-01  3.82e+41  3.82e+41  3.82e+41  1.14e+07  1.04e+07  1.12e+07  7.69e-01  0.00e+00  0.00e+00 
9.839e+12   17      0        0  8.85e+09  0.00e+00  0.00e+00  6.57e+38  4.07e-13  2.09e+11  5.77e+05  5.77e+05 -3.18e+02 -4.63e+01  6.21e+05  6.21e+05  3.16e-01  3.79e+41  3.79e+41  3.79e+41  1.16e+07  9.64e+06  1.13e+07  7.69e-01  0.00e+00  0.00e+00 
1.033e+13   18      0        0  9.37e+09  0.00e+00  0.00e+00  7.64e+38  4.11e-13  2.11e+11  5.56e+05  5.57e+05 -9.62e+01  1.42e+02  6.01e+05  6.01e+05  3.20e-01  3.82e+41  3.82e+41  3.82e+41  1.17e+07  8.80e+06  1.15e+07  6.99e-01  0.00e+00  0.00e+00 
1.084e+13   19      0        0  9.84e+09  0.00e+00  0.00e+00  8.89e+38  4.22e-13  2.16e+11  5.36e+05  5.36e+05 -1.76e+02  5.96e+01  5.82e+05  5.82e+05  3.26e-01  3.92e+41  3.92e+41  3.92e+41  1.19e+07  7.94e+06  1.16e+07  8.00e-01  0.00e+00  0.00e+00 
1.138e+13   20      0        0  1.03e+10  0.00e+00  0.00e+00  1.04e+39  4.31e-13  2.21e+11  5.16e+05  5.16e+05 -4.17e+02  2.73e+02  5.63e+05  5.63e+05  3.32e-01  4.01e+41  4.01e+41  4.01e+41  1.21e+07  7.19e+06  1.17e+07  8.00e-01  0.00e+00  0.00e+00 
1.195e+13   21      0        0  1.08e+10  0.00e+00  0.00e+00  1.20e+39  4.46e-13  2.29e+11  4.97e+05  4.97e+05 -2.25e+02 -2.68e+02  5.46e+05  5.46e+05  3.38e-01  4.17e+41  4.17e+41  4.17e+41  1.22e+07  6.44e+06  1.19e+07  7.69e-01  0.00e+00  0.00e+00 
1.254e+13   22      0        0  1.12e+10  0.00e+00  0.00e+00  1.40e+39  4.64e-13  2.38e+11  4.80e+05  4.79e+05 -1.72e+02 -2.38e+02  5.29e+05  5.29e+05  3.43e-01  4.36e+41  4.36e+41  4.36e+41  1.24e+07  5.73e+06  1.20e+07  7.69e-01  0.00e+00  0.00e+00 
1.317e+13   23      0        0  1.16e+10  0.00e+00  0.00e+00  1.63e+39  4.83e-13  2.48e+11  4.62e+05  4.62e+05 -9.72e+01 -1.41e+02  5.12e+05  5.12e+05  3.49e-01  4.57e+41  4.57e+41  4.57e+41  1.26e+07  5.10e+06  1.21e+07  7.69e-01  0.00e+00  0.00e+00 
1.382e+13   24      0        0  1.20e+10  0.00e+00  0.00e+00  1.90e+39  5.00e-13  2.57e+11  4.46e+05  4.45e+05 -3.68e+02  2.96e+02  4.96e+05  4.95e+05  3.56e-01  4.76e+41  4.76e+41  4.76e+41  1.27e+07  4.56e+06  1.23e+07  8.00e-01  0.00e+00  0.00e+00 
1.451e+13   25      0        0  1.23e+10  0.00e+00  0.00e+00  2.21e+39  5.19e-13  2.66e+11  4.29e+05  4.29e+05 -3.67e+02  2.11e+02  4.80e+05  4.80e+05  3.63e-01  4.96e+41  4.96e+41  4.96e+41  1.29e+07  4.07e+06  1.24e+07  8.00e-01  0.00e+00  0.00e+00 
1.523e+13   26      0        0  1.27e+10  0.00e+00  0.00e+00  2.57e+39  5.41e-13  2.77e+11  4.14e+05  4.14e+05 -3.25e+01 -7.58e+01  4.65e+05  4.65e+05  3.69e-01  5.18e+41  5.18e+41  5.18e+41  1.31e+07  3.61e+06  1.25e+07  7.69e-01  0.00e+00  0.00e+00 
1.599e+13   27      0        0  1.29e+10  0.00e+00  0.00e+00  2.98e+39  5.57e-13  2.86e+11  3.99e+05  3.99e+05 -2.97e+02  5.26e+01  4.50e+05  4.50e+05  3.76e-01  5.34e+41  5.34e+41  5.34e+41  1.33e+07  3.24e+06  1.26e+07  8.00e-01  0.00e+00  0.00e+00 
1.678e+13   28      0        0  1.32e+10  0.00e+00  0.00e+00  3.47e+39  5.73e-13  2.94e+11  3.85e+05  3.85e+05  1.05e+02  7.04e+02  4.35e+05  4.35e+05  3.83e-01  5.48e+41  5.48e+41  5.48e+41  1.34e+07  2.90e+06  1.27e+07  8.00e-01  0.00e+00  0.00e+00 
1.762e+13   29      0        0  1.35e+10  0.00e+00  0.00e+00  4.03e+39  5.85e-13  3.00e+11  3.71e+05  3.71e+05  1.81e+02 -1.67e+00  4.20e+05  4.20e+05  3.91e-01  5.58e+41  5.58e+41  5.57e+41  1.36e+07  2.61e+06  1.28e+07  4.24e-01  0.00e+00  0.00e+00 
1.850e+13   30      0        0  1.37e+10  0.00e+00  0.00e+00  4.68e+39  6.00e-13  3.08e+11  3.58e+05  3.58e+05 -1.02e+01  1.11e+02  4.06e+05  4.06e+05  3.99e-01  5.68e+41  5.68e+41  5.68e+41  1.38e+07  2.34e+06  1.29e+07  2.70e-01  0.00e+00  0.00e+00 
1.942e+13   31      0        0  1.39e+10  0.00e+00  0.00e+00  5.43e+39  6.06e-13  3.11e+11  3.45e+05  3.45e+05 -7.48e+02 -5.21e+02  3.92e+05  3.92e+05  4.08e-01  5.69e+41  5.69e+41  5.69e+41  1.39e+07  2.12e+06  1.30e+07  8.00e-01  0.00e+00  0.00e+00 
2.038e+13   32      0        0  1.40e+10  0.00e+00  0.00e+00  6.30e+39  6.14e-13  3.15e+11  3.32e+05  3.33e+05 -4.46e+02 -2.85e+03  3.78e+05  3.78e+05  4.18e-01  5.72e+41  5.72e+41  5.72e+41  1.41e+07  1.92e+06  1.30e+07  8.00e-01  0.00e+00  0.00e+00 
2.140e+13   33      0        0  1.42e+10  0.00e+00  0.00e+00  7.31e+39  6.18e-13  3.17e+11  3.21e+05  3.21e+05 -1.16e+03  3.12e+02  3.64e+05  3.64e+05  4.27e-01  5.70e+41  5.70e+41  5.70e+41  1.43e+07  1.75e+06  1.31e+07  7.69e-01  0.00e+00  0.00e+00 
2.246e+13   34      0        0  1.43e+10  0.00e+00  0.00e+00  8.47e+39  6.21e-13  3.18e+11  3.10e+05  3.10e+05  3.76e+02 -1.20e+03  3.51e+05  3.51e+05  4.37e-01  5.68e+41  5.68e+41  5.68e+41  1.45e+07  1.59e+06  1.32e+07  6.99e-01  0.00e+00  0.00e+00 
2.358e+13   35      0        0  1.44e+10  0.00e+00  0.00e+00  9.81e+39  6.21e-13  3.18e+11  2.99e+05  2.99e+05 -2.13e+02 -1.51e+03  3.39e+05  3.38e+05  4.48e-01  5.62e+41  5.62e+41  5.63e+41  1.47e+07  1.45e+06  1.33e+07  8.00e-01  0.00e+00  0.00e+00 
2.475e+13   36      0        0  1.44e+10  0.00e+00  0.00e+00  1.14e+40  6.20e-13  3.18e+11  2.89e+05  2.89e+05 -3.01e+02 -1.75e+03  3.26e+05  3.26e+05  4.60e-01  5.56e+41  5.56e+41  5.56e+41  1.50e+07  1.33e+06  1.34e+07  8.00e-01  0.00e+00  0.00e+00 
2.598e+13   37      0        0  1.44e+10  0.00e+00  0.00e+00  1.31e+40  6.18e-13  3.17e+11  2.80e+05  2.80e+05 -4.33e+02 -1.68e+03  3.15e+05  3.14e+05  4.71e-01  5.51e+41  5.51e+41  5.51e+41  1.52e+07  1.22e+06  1.35e+07  8.00e-01  0.00e+00  0.00e+00 
2.728e+13   38      0        0  1.44e+10  0.00e+00  0.00e+00  1.52e+40  6.14e-13  3.15e+11  2.71e+05  2.71e+05 -6.84e+02 -1.96e+03  3.04e+05  3.03e+05  4.83e-01  5.44e+41  5.44e+41  5.44e+41  1.55e+07  1.12e+06  1.36e+07  8.00e-01  0.00e+00  0.00e+00 
2.863e+13   39      0        0  1.43e+10  0.00e+00  0.00e+00  1.75e+40  6.09e-13  3.12e+11  2.63e+05  2.63e+05 -5.47e+02 -1.88e+03  2.93e+05  2.93e+05  4.95e-01  5.39e+41  5.39e+41  5.39e+41  1.58e+07  1.04e+06  1.37e+07  8.00e-01  0.00e+00  0.00e+00 
3.006e+13   40      0        0  1.42e+10  0.00e+00  0.00e+00  2.02e+40  6.01e-13  3.08e+11  2.56e+05  2.56e+05 -4.89e+02 -1.89e+03  2.83e+05  2.83e+05  5.06e-01  5.32e+41  5.32e+41  5.32e+41  1.61e+07  9.63e+05  1.39e+07  8.00e-01  0.00e+00  0.00e+00 
3.155e+13   41      0        0  1.41e+10  0.00e+00  0.00e+00  2.33e+40  5.95e-13  3.05e+11  2.50e+05  2.51e+05  1.21e+03 -2.01e+03  2.74e+05  2.73e+05  5.16e-01  5.28e+41  5.28e+41  5.28e+41  1.65e+07  8.90e+05  1.40e+07  6.99e-01  0.00e+00  0.00e+00 
3.312e+13   42      0        0  1.39e+10  0.00e+00  0.00e+00  2.69e+40  5.86e-13  3.00e+11  2.44e+05  2.44e+05 -3.19e+02 -2.21e+03  2.65e+05  2.64e+05  5.26e-01  5.24e+41  5.24e+41  5.25e+41  1.68e+07  8.29e+05  1.42e+07  8.00e-01  0.00e+00  0.00e+00 
3.477e+13   43      0        0  1.37e+10  0.00e+00  0.00e+00  3.09e+40  5.74e-13  2.94e+11  2.39e+05  2.38e+05 -4.10e+02 -1.96e+03  2.57e+05  2.56e+05  5.35e-01  5.19e+41  5.19e+41  5.18e+41  1.72e+07  7.74e+05  1.44e+07  8.00e-01  0.00e+00  0.00e+00 
3.650e+13   44      0        0  1.34e+10  0.00e+00  0.00e+00  3.56e+40  5.65e-13  2.90e+11  2.34e+05  2.34e+05 -3.35e+02 -1.79e+03  2.49e+05  2.48e+05  5.43e-01  5.17e+41  5.17e+41  5.16e+41  1.76e+07  7.22e+05  1.46e+07  8.00e-01  0.00e+00  0.00e+00 
3.832e+13   45      0        0  1.31e+10  0.00e+00  0.00e+00  4.09e+40  5.53e-13  2.83e+11  2.30e+05  2.29e+05 -5.70e+02 -1.62e+03  2.41e+05  2.41e+05  5.49e-01  5.12e+41  5.12e+41  5.12e+41  1.81e+07  6.75e+05  1.47e+07  8.00e-01  0.00e+00  0.00e+00 
4.022e+13   46      0        0  1.27e+10  0.00e+00  0.00e+00  4.71e+40  5.41e-13  2.77e+11  2.25e+05  2.25e+05 -4.16e+02 -1.60e+03  2.35e+05  2.34e+05  5.54e-01  5.08e+41  5.08e+41  5.08e+41  1.85e+07  6.33e+05  1.49e+07  8.00e-01  0.00e+00  0.00e+00 
4.222e+13   47      0        0  1.24e+10  0.00e+00  0.00e+00  5.41e+40  5.29e-13  2.71e+11  2.22e+05  2.22e+05 -5.03e+02 -1.54e+03  2.28e+05  2.28e+05  5.56e-01  5.06e+41  5.06e+41  5.06e+41  1.90e+07  5.92e+05  1.51e+07  8.00e-01  0.00e+00  0.00e+00 
4.432e+13   48      0        0  1.20e+10  0.00e+00  0.00e+00  6.22e+40  5.14e-13  2.63e+11  2.18e+05  2.18e+05 -3.60e+02 -1.70e+03  2.22e+05  2.22e+05  5.58e-01  4.99e+41  4.99e+41  4.99e+41  1.94e+07  5.56e+05  1.53e+07  8.00e-01  0.00e+00  0.00e+00 
4.653e+13   49      0        0  1.16e+10  0.00e+00  0.00e+00  7.15e+40  4.98e-13  2.55e+11  2.14e+05  2.14e+05 -3.57e+02 -1.65e+03  2.16e+05  2.16e+05  5.59e-01  4.92e+41  4.92e+41  4.92e+41  1.98e+07  5.24e+05  1.54e+07  8.00e-01  0.00e+00  0.00e+00 
4.884e+13   50      0        0  1.12e+10  0.00e+00  0.00e+00  8.23e+40  4.81e-13  2.46e+11  2.11e+05  2.11e+05 -2.78e+02 -1.54e+03  2.10e+05  2.10e+05  5.57e-01  4.82e+41  4.82e+41  4.82e+41  2.03e+07  4.95e+05  1.55e+07  8.00e-01  0.00e+00  0.00e+00 
5.127e+13   51      0        0  1.08e+10  0.00e+00  0.00e+00  9.47e+40  4.65e-13  2.38e+11  2.07e+05  2.07e+05 -1.39e+02 -1.54e+03  2.05e+05  2.05e+05  5.57e-01  4.74e+41  4.74e+41  4.74e+41  2.07e+07  4.66e+05  1.56e+07  8.00e-01  0.00e+00  0.00e+00 
5.382e+13   52      0        0  1.04e+10  0.00e+00  0.00e+00  1.09e+41  4.46e-13  2.28e+11  2.04e+05  2.04e+05 -4.82e+02 -1.34e+03  1.99e+05  1.99e+05  5.53e-01  4.62e+41  4.62e+41  4.62e+41  2.11e+07  4.41e+05  1.57e+07  8.00e-01  0.00e+00  0.00e+00 
5.650e+13   53      0        0  1.01e+10  0.00e+00  0.00e+00  1.26e+41  4.26e-13  2.18e+11  2.00e+05  2.00e+05 -2.03e+02 -1.23e+03  1.94e+05  1.94e+05  5.48e-01  4.48e+41  4.48e+41  4.48e+41  2.15e+07  4.18e+05  1.58e+07  8.00e-01  0.00e+00  0.00e+00 
5.931e+13   54      0        0  9.74e+09  0.00e+00  0.00e+00  1.45e+41  4.07e-13  2.08e+11  1.97e+05  1.97e+05 -1.59e+02 -1.23e+03  1.90e+05  1.89e+05  5.42e-01  4.34e+41  4.34e+41  4.34e+41  2.18e+07  3.97e+05  1.58e+07  8.00e-01  0.00e+00  0.00e+00 
6.226e+13   55      0        0  9.38e+09  0.00e+00  0.00e+00  1.67e+41  3.89e-13  1.99e+11  1.93e+05  1.93e+05 -2.10e+02 -1.31e+03  1.85e+05  1.85e+05  5.33e-01  4.21e+41  4.21e+41  4.21e+41  2.22e+07  3.75e+05  1.59e+07  8.00e-01  0.00e+00  0.00e+00 
6.536e+13   56      0        0  9.04e+09  0.00e+00  0.00e+00  1.92e+41  3.69e-13  1.89e+11  1.90e+05  1.90e+05 -2.22e+02 -1.30e+03  1.81e+05  1.80e+05  5.24e-01  4.05e+41  4.05e+41  4.05e+41  2.25e+07  3.57e+05  1.59e+07  8.00e-01  0.00e+00  0.00e+00 
6.861e+13   57      0        0  8.73e+09  0.00e+00  0.00e+00  2.21e+41  3.50e-13  1.79e+11  1.87e+05  1.87e+05 -2.89e+02 -1.17e+03  1.76e+05  1.76e+05  5.15e-01  3.88e+41  3.88e+41  3.88e+41  2.27e+07  3.39e+05  1.58e+07  8.00e-01  0.00e+00  0.00e+00 
7.203e+13   58      0        0  8.44e+09  0.00e+00  0.00e+00  2.55e+41  3.31e-13  1.69e+11  1.83e+05  1.83e+05 -2.81e+02 -1.21e+03  1.72e+05  1.72e+05  5.03e-01  3.71e+41  3.71e+41  3.71e+41  2.30e+07  3.23e+05  1.58e+07  8.00e-01  0.00e+00  0.00e+00 
7.561e+13   59      0        0  8.13e+09  0.00e+00  0.00e+00  2.94e+41  3.13e-13  1.60e+11  1.80e+05  1.80e+05 -4.67e+02 -1.13e+03  1.68e+05  1.68e+05  4.90e-01  3.55e+41  3.55e+41  3.55e+41  2.32e+07  3.07e+05  1.57e+07  8.00e-01  0.00e+00  0.00e+00 
7.937e+13   60      0        0  7.83e+09  0.00e+00  0.00e+00  3.40e+41  2.96e-13  1.51e+11  1.76e+05  1.76e+05 -4.98e+02 -1.20e+03  1.65e+05  1.65e+05  4.77e-01  3.38e+41  3.38e+41  3.38e+41  2.34e+07  2.91e+05  1.56e+07  8.00e-01  0.00e+00  0.00e+00 
8.332e+13   61      0        0  7.56e+09  0.00e+00  0.00e+00  3.92e+41  2.79e-13  1.43e+11  1.73e+05  1.73e+05 -5.80e+02 -1.32e+03  1.61e+05  1.61e+05  4.62e-01  3.22e+41  3.22e+41  3.22e+41  2.35e+07  2.77e+05  1.55e+07  8.00e-01  0.00e+00  0.00e+00 
8.746e+13   62      0        0  7.32e+09  0.00e+00  0.00e+00  4.53e+41  2.62e-13  1.34e+11  1.70e+05  1.70e+05 -2.65e+02 -1.38e+03  1.58e+05  1.58e+05  4.47e-01  3.05e+41  3.05e+41  3.05e+41  2.37e+07  2.64e+05  1.53e+07  8.00e-01  0.00e+00  0.00e+00 
9.181e+13   63      0        0  7.06e+09  0.00e+00  0.00e+00  5.23e+41  2.46e-13  1.26e+11  1.67e+05  1.67e+05 -2.85e+02 -1.41e+03  1.54e+05  1.54e+05  4.31e-01  2.88e+41  2.88e+41  2.88e+41  2.37e+07  2.51e+05  1.52e+07  8.00e-01  0.00e+00  0.00e+00 
9.638e+13   64      0        0  6.83e+09  0.00e+00  0.00e+00  6.03e+41  2.31e-13  1.18e+11  1.63e+05  1.63e+05 -1.78e+02 -1.56e+03  1.51e+05  1.51e+05  4.15e-01  2.73e+41  2.73e+41  2.73e+41  2.38e+07  2.38e+05  1.50e+07  8.00e-01  0.00e+00  0.00e+00 
1.012e+14   65      0        0  6.59e+09  0.00e+00  0.00e+00  6.97e+41  2.17e-13  1.11e+11  1.60e+05  1.60e+05 -2.88e+02 -1.59e+03  1.48e+05  1.48e+05  3.99e-01  2.59e+41  2.59e+41  2.59e+41  2.38e+07  2.26e+05  1.48e+07  8.00e-01  0.00e+00  0.00e+00 
1.062e+14   66      0        0  6.38e+09  0.00e+00  0.00e+00  8.05e+41  2.04e-13  1.04e+11  1.57e+05  1.57e+05 -1.57e+02 -1.59e+03  1.45e+05  1.45e+05  3.81e-01  2.44e+41  2.44e+41  2.44e+41  2.38e+07  2.14e+05  1.46e+07  8.00e-01  0.00e+00  0.00e+00 
1.115e+14   67      0        0  6.18e+09  0.00e+00  0.00e+00  9.30e+41  1.91e-13  9.76e+10  1.54e+05  1.54e+05 -2.20e+02 -1.51e+03  1.43e+05  1.42e+05  3.65e-01  2.30e+41  2.30e+41  2.30e+41  2.38e+07  2.03e+05  1.44e+07  8.00e-01  0.00e+00  0.00e+00 
1.170e+14   68      0        0  6.01e+09  0.00e+00  0.00e+00  1.07e+42  1.79e-13  9.15e+10  1.51e+05  1.51e+05 -4.39e+02 -1.33e+03  1.40e+05  1.40e+05  3.49e-01  2.17e+41  2.17e+41  2.17e+41  2.37e+07  1.92e+05  1.41e+07  8.00e-01  0.00e+00  0.00e+00 
1.229e+14   69      0        0  5.83e+09  0.00e+00  0.00e+00  1.24e+42  1.68e-13  8.59e+10  1.48e+05  1.48e+05 -7.45e+01 -1.35e+03  1.37e+05  1.37e+05  3.32e-01  2.05e+41  2.05e+41  2.05e+41  2.37e+07  1.82e+05  1.39e+07  8.00e-01  0.00e+00  0.00e+00 
1.290e+14   70      0        0  5.66e+09  0.00e+00  0.00e+00  1.43e+42  1.57e-13  8.06e+10  1.45e+05  1.45e+05 -1.54e+01 -1.46e+03  1.35e+05  1.35e+05  3.15e-01  1.93e+41  1.93e+41  1.93e+41  2.35e+07  1.72e+05  1.36e+07  8.00e-01  0.00e+00  0.00e+00 
1.354e+14   71      0        0  5.50e+09  0.00e+00  0.00e+00  1.66e+42  1.47e-13  7.55e+10  1.42e+05  1.42e+05 -6.87e+01 -1.45e+03  1.32e+05  1.32e+05  2.99e-01  1.81e+41  1.81e+41  1.81e+41  2.34e+07  1.62e+05  1.33e+07  8.00e-01  0.00e+00  0.00e+00 
1.421e+14   72      0        0  5.39e+09  0.00e+00  0.00e+00  1.92e+42  1.39e-13  7.09e+10  1.39e+05  1.39e+05 -2.34e+02 -1.52e+03  1.30e+05  1.30e+05  2.83e-01  1.71e+41  1.71e+41  1.71e+41  2.32e+07  1.52e+05  1.31e+07  8.00e-01  0.00e+00  0.00e+00 
1.492e+14   73      0        0  5.28e+09  0.00e+00  0.00e+00  2.22e+42  1.30e-13  6.66e+10  1.36e+05  1.36e+05  1.61e+01 -1.63e+03  1.28e+05  1.28e+05  2.67e-01  1.62e+41  1.62e+41  1.62e+41  2.30e+07  1.43e+05  1.28e+07  6.99e-01  0.00e+00  0.00e+00 
1.566e+14   74      0        0  5.16e+09  0.00e+00  0.00e+00  2.56e+42  1.22e-13  6.26e+10  1.33e+05  1.33e+05  5.60e+01 -1.55e+03  1.25e+05  1.25e+05  2.51e-01  1.53e+41  1.53e+41  1.53e+41  2.28e+07  1.34e+05  1.25e+07  6.99e-01  0.00e+00  0.00e+00 
1.644e+14   75      0        0  5.05e+09  0.00e+00  0.00e+00  2.96e+42  1.15e-13  5.90e+10  1.30e+05  1.30e+05 -1.48e+02 -1.48e+03  1.23e+05  1.23e+05  2.36e-01  1.44e+41  1.44e+41  1.44e+41  2.25e+07  1.25e+05  1.21e+07  8.00e-01  0.00e+00  0.00e+00 
1.726e+14   76      0        0  4.94e+09  0.00e+00  0.00e+00  3.42e+42  1.08e-13  5.54e+10  1.27e+05  1.27e+05 -8.48e+01 -1.56e+03  1.21e+05  1.21e+05  2.22e-01  1.35e+41  1.35e+41  1.35e+41  2.22e+07  1.17e+05  1.18e+07  8.00e-01  0.00e+00  0.00e+00 
1.812e+14   77      0        0  4.87e+09  0.00e+00  0.00e+00  3.96e+42  1.01e-13  5.18e+10  1.24e+05  1.25e+05  5.03e+01 -1.59e+03  1.19e+05  1.19e+05  2.08e-01  1.26e+41  1.26e+41  1.26e+41  2.19e+07  1.10e+05  1.15e+07  6.99e-01  0.00e+00  0.00e+00 
1.902e+14   78      0        0  4.81e+09  0.00e+00  0.00e+00  4.58e+42  9.43e-14  4.83e+10  1.22e+05  1.22e+05 -9.82e+01 -1.31e+03  1.17e+05  1.17e+05  1.94e-01  1.18e+41  1.18e+41  1.18e+41  2.15e+07  1.03e+05  1.11e+07  8.00e-01  0.00e+00  0.00e+00 
1.997e+14   79      0        0  4.73e+09  0.00e+00  0.00e+00  5.29e+42  8.76e-14  4.49e+10  1.19e+05  1.19e+05 -1.71e+01 -1.42e+03  1.15e+05  1.15e+05  1.81e-01  1.09e+41  1.09e+41  1.09e+41  2.11e+07  9.68e+04  1.08e+07  8.00e-01  0.00e+00  0.00e+00 
2.096e+14   80      0        0  4.66e+09  0.00e+00  0.00e+00  6.12e+42  8.12e-14  4.16e+10  1.16e+05  1.16e+05 -1.83e+02 -1.30e+03  1.13e+05  1.13e+05  1.68e-01  1.01e+41  1.01e+41  1.01e+41  2.07e+07  9.12e+04  1.04e+07  8.00e-01  0.00e+00  0.00e+00 
2.200e+14   81      0        0  4.59e+09  0.00e+00  0.00e+00  7.08e+42  7.49e-14  3.84e+10  1.13e+05  1.14e+05  1.00e+02 -1.17e+03  1.12e+05  1.12e+05  1.55e-01  9.28e+40  9.28e+40  9.28e+40  2.02e+07  8.61e+04  1.01e+07  6.99e-01  0.00e+00  0.00e+00 
2.310e+14   82      0        0  4.54e+09  0.00e+00  0.00e+00  8.19e+42  6.89e-14  3.53e+10  1.11e+05  1.10e+05 -2.92e+02 -1.09e+03  1.10e+05  1.10e+05  1.43e-01  8.52e+40  8.52e+40  8.52e+40  1.98e+07  8.15e+04  9.72e+06  8.00e-01  0.00e+00  0.00e+00 
2.425e+14   83      0        0  4.52e+09  0.00e+00  0.00e+00  9.47e+42  6.38e-14  3.27e+10  1.08e+05  1.08e+05 -3.11e+01 -1.19e+03  1.08e+05  1.08e+05  1.33e-01  7.87e+40  7.87e+40  7.87e+40  1.94e+07  7.67e+04  9.39e+06  8.00e-01  0.00e+00  0.00e+00 
2.545e+14   84      0        0  4.48e+09  0.00e+00  0.00e+00  1.09e+43  5.91e-14  3.03e+10  1.06e+05  1.06e+05  8.57e+01 -1.11e+03  1.07e+05  1.07e+05  1.22e-01  7.28e+40  7.28e+40  7.28e+40  1.89e+07  7.20e+04  9.06e+06  6.99e-01  0.00e+00  0.00e+00 
2.672e+14   85      0        0  4.42e+09  0.00e+00  0.00e+00  1.27e+43  5.47e-14  2.80e+10  1.03e+05  1.03e+05 -2.56e+02 -1.12e+03  1.05e+05  1.05e+05  1.12e-01  6.73e+40  6.73e+40  6.73e+40  1.85e+07  6.76e+04  8.74e+06  8.00e-01  0.00e+00  0.00e+00 
2.805e+14   86      0        0  4.40e+09  0.00e+00  0.00e+00  1.46e+43  5.05e-14  2.59e+10  1.01e+05  1.01e+05  2.10e+02 -1.30e+03  1.04e+05  1.04e+05  1.03e-01  6.23e+40  6.23e+40  6.23e+40  1.80e+07  6.36e+04  8.41e+06  6.99e-01  0.00e+00  0.00e+00 
2.944e+14   87      0        0  4.38e+09  0.00e+00  0.00e+00  1.69e+43  4.67e-14  2.39e+10  9.83e+04  9.89e+04  7.46e+02 -1.30e+03  1.03e+05  1.03e+05  9.37e-02  5.76e+40  5.76e+40  5.76e+40  1.75e+07  5.96e+04  8.10e+06  6.99e-01  0.00e+00  0.00e+00 
3.091e+14   88      0        0  4.36e+09  0.00e+00  0.00e+00  1.96e+43  4.32e-14  2.21e+10  9.64e+04  9.62e+04 -7.65e+01 -9.00e+02  1.01e+05  1.01e+05  8.54e-02  5.35e+40  5.35e+40  5.35e+40  1.70e+07  5.59e+04  7.79e+06  8.00e-01  0.00e+00  0.00e+00 
3.244e+14   89      0        0  4.33e+09  0.00e+00  0.00e+00  2.27e+43  3.99e-14  2.04e+10  9.38e+04  9.44e+04  4.53e+02 -1.08e+03  1.00e+05  1.00e+05  7.74e-02  4.93e+40  4.93e+40  4.93e+40  1.65e+07  5.24e+04  7.48e+06  6.99e-01  0.00e+00  0.00e+00 
3.406e+14   90      0        0  4.31e+09  0.00e+00  0.00e+00  2.62e+43  3.70e-14  1.90e+10  9.22e+04  9.18e+04 -2.38e+02 -9.87e+02  9.90e+04  9.89e+04  7.00e-02  4.61e+40  4.61e+40  4.61e+40  1.60e+07  4.87e+04  7.17e+06  8.00e-01  0.00e+00  0.00e+00 
3.575e+14   91      0        0  4.28e+09  0.00e+00  0.00e+00  3.03e+43  3.41e-14  1.75e+10  8.97e+04  8.98e+04 -1.31e+02 -1.10e+03  9.80e+04  9.79e+04  6.29e-02  4.24e+40  4.24e+40  4.24e+40  1.54e+07  4.55e+04  6.86e+06  8.00e-01  0.00e+00  0.00e+00 
3.753e+14   92      0        0  4.27e+09  0.00e+00  0.00e+00  3.51e+43  3.14e-14  1.61e+10  8.72e+04  8.77e+04  4.60e+02 -1.70e+03  9.70e+04  9.69e+04  5.63e-02  3.89e+40  3.89e+40  3.89e+40  1.49e+07  4.26e+04  6.55e+06  6.99e-01  0.00e+00  0.00e+00 
3.940e+14   93      0        0  4.28e+09  0.00e+00  0.00e+00  4.06e+43  2.88e-14  1.47e+10  8.62e+04  8.64e+04 -1.14e+02 -1.19e+03  9.60e+04  9.60e+04  5.03e-02  3.59e+40  3.59e+40  3.59e+40  1.43e+07  3.98e+04  6.24e+06  8.00e-01  0.00e+00  0.00e+00 
4.136e+14   94      0        0  4.24e+09  0.00e+00  0.00e+00  4.69e+43  2.63e-14  1.34e+10  8.39e+04  8.42e+04  6.07e+01 -1.34e+03  9.51e+04  9.51e+04  4.45e-02  3.26e+40  3.26e+40  3.26e+40  1.37e+07  3.71e+04  5.93e+06  6.99e-01  0.00e+00  0.00e+00 
4.342e+14   95      0        0  4.24e+09  0.00e+00  0.00e+00  5.43e+43  2.40e-14  1.23e+10  8.19e+04  8.29e+04  4.34e+02 -1.31e+03  9.43e+04  9.42e+04  3.92e-02  2.96e+40  2.96e+40  2.96e+40  1.31e+07  3.46e+04  5.62e+06  6.99e-01  0.00e+00  0.00e+00 
4.558e+14   96      0        0  4.25e+09  0.00e+00  0.00e+00  6.28e+43  2.18e-14  1.12e+10  8.17e+04  8.17e+04  2.59e+01 -1.21e+03  9.36e+04  9.34e+04  3.42e-02  2.71e+40  2.71e+40  2.71e+40  1.24e+07  3.22e+04  5.31e+06  6.99e-01  0.00e+00  0.00e+00 
4.784e+14   97      0        0  4.19e+09  0.00e+00  0.00e+00  7.26e+43  1.96e-14  1.01e+10  7.83e+04  7.94e+04  1.53e+03 -2.40e+03  9.29e+04  9.26e+04  2.97e-02  2.39e+40  2.39e+40  2.39e+40  1.18e+07  3.00e+04  5.00e+06  6.99e-01  0.00e+00  0.00e+00 
5.022e+14   98      0        0  4.23e+09  0.00e+00  0.00e+00  8.41e+43  1.77e-14  9.06e+09  7.74e+04  7.81e+04  7.46e+02 -1.95e+03  9.22e+04  9.19e+04  2.56e-02  2.14e+40  2.14e+40  2.14e+40  1.11e+07  2.79e+04  4.69e+06  6.99e-01  0.00e+00  0.00e+00 
5.272e+14   99      0        0  4.25e+09  0.00e+00  0.00e+00  9.72e+43  1.58e-14  8.08e+09  7.81e+04  7.79e+04  4.01e+02 -1.78e+03  9.17e+04  9.14e+04  2.18e-02  1.91e+40  1.91e+40  1.91e+40  1.05e+07  2.59e+04  4.39e+06  6.99e-01  0.00e+00  0.00e+00 
5.535e+14  100      0        0  4.21e+09  0.00e+00  0.00e+00  1.12e+44  1.39e-14  7.13e+09  7.39e+04  7.48e+04  5.00e+02 -1.35e+03  9.11e+04  9.08e+04  1.84e-02  1.61e+40  1.61e+40  1.61e+40  9.81e+06  2.42e+04  4.08e+06  6.99e-01  0.00e+00  0.00e+00 
5.810e+14  101      0        0  4.29e+09  0.00e+00  0.00e+00  1.30e+44  1.22e-14  6.26e+09  7.45e+04  7.49e+04  1.33e+01 -7.39e+02  9.05e+04  9.05e+04  1.53e-02  1.39e+40  1.39e+40  1.39e+40  9.13e+06  2.24e+04  3.78e+06  6.99e-01  0.00e+00  0.00e+00 
6.099e+14  102      0        0  4.31e+09  0.00e+00  0.00e+00  1.51e+44  1.06e-14  5.44e+09  7.45e+04  7.36e+04 -1.33e+03 -2.41e+01  9.00e+04  9.00e+04  1.24e-02  1.17e+40  1.17e+40  1.17e+40  8.44e+06  2.05e+04  3.48e+06  8.00e-01  0.00e+00  0.00e+00 
6.402e+14  103      0        0  4.32e+09  0.00e+00  0.00e+00  1.74e+44  9.15e-15  4.68e+09  7.13e+04  7.14e+04 -2.93e+02 -1.04e+03  8.97e+04  8.97e+04  9.67e-03  9.40e+39  9.40e+39  9.40e+39  7.70e+06  1.83e+04  3.16e+06  8.00e-01  0.00e+00  0.00e+00 
6.721e+14  104     -1        0  4.40e+09  0.00e+00  0.00e+00  0.00e+00  0.00e+00  0.00e+00  0.00e+00  0.00e+00  0.00e+00  0.00e+00  0.00e+00  0.00e+00  0.00e+00  0.00e+00  0.00e+00  0.00e+00  0.00e+00  0.00e+00  0.00e+00  0.00e+00  0.00e+00  0.00e+00 
7.055e+14  105     -1        0  4.43e+09  0.00e+00  0.00e+00  0.00e+00  0.00e+00  0.00e+00  0.00e+00  0.00e+00  0.00e+00  0.00e+00  0.00e+00  0.00e+00  0.00e+00  0.00e+00  0.00e+00  0.00e+00  0.00e+00  0.00e+00  0.00e+00  0.00e+00  0.00e+00  0.00e+00 
