       r    i inwind      i01      i02 
4.31e+12    0     -1 0.00e+00 0.00e+00 
4.52e+12    1      0 2.76e-12 1.00e+00 
4.75e+12    2      0 2.82e-12 1.00e+00 
4.99e+12    3      0 2.11e-12 1.00e+00 
5.23e+12    4      0 1.43e-12 1.00e+00 
5.49e+12    5      0 1.58e-12 1.00e+00 
5.77e+12    6      0 1.07e-12 1.00e+00 
6.05e+12    7      0 6.71e-13 1.00e+00 
6.36e+12    8      0 1.14e-12 1.00e+00 
6.67e+12    9      0 4.33e-13 1.00e+00 
7.00e+12   10      0 4.56e-13 1.00e+00 
7.35e+12   11      0 7.54e-13 1.00e+00 
7.72e+12   12      0 7.01e-13 1.00e+00 
8.10e+12   13      0 5.70e-13 1.00e+00 
8.51e+12   14      0 6.91e-13 1.00e+00 
8.93e+12   15      0 3.74e-13 1.00e+00 
9.37e+12   16      0 7.65e-13 1.00e+00 
9.84e+12   17      0 4.20e-13 1.00e+00 
1.03e+13   18      0 5.68e-13 1.00e+00 
1.08e+13   19      0 1.05e-12 1.00e+00 
1.14e+13   20      0 1.01e-12 1.00e+00 
1.19e+13   21      0 4.95e-13 1.00e+00 
1.25e+13   22      0 1.25e-12 1.00e+00 
1.32e+13   23      0 1.14e-12 1.00e+00 
1.38e+13   24      0 1.26e-12 1.00e+00 
1.45e+13   25      0 1.50e-12 1.00e+00 
1.52e+13   26      0 1.12e-12 1.00e+00 
1.60e+13   27      0 1.86e-12 1.00e+00 
1.68e+13   28      0 1.94e-12 1.00e+00 
1.76e+13   29      0 1.05e-12 1.00e+00 
1.85e+13   30      0 1.54e-12 1.00e+00 
1.94e+13   31      0 1.37e-12 1.00e+00 
2.04e+13   32      0 1.30e-12 1.00e+00 
2.14e+13   33      0 2.59e-12 1.00e+00 
2.25e+13   34      0 1.91e-12 1.00e+00 
2.36e+13   35      0 1.89e-12 1.00e+00 
2.48e+13   36      0 3.17e-12 1.00e+00 
2.60e+13   37      0 1.83e-12 1.00e+00 
2.73e+13   38      0 3.43e-12 1.00e+00 
2.86e+13   39      0 2.90e-12 1.00e+00 
3.01e+13   40      0 2.32e-12 1.00e+00 
3.16e+13   41      0 2.28e-12 1.00e+00 
3.31e+13   42      0 3.98e-12 1.00e+00 
3.48e+13   43      0 2.69e-12 1.00e+00 
3.65e+13   44      0 2.55e-12 1.00e+00 
3.83e+13   45      0 2.88e-12 1.00e+00 
4.02e+13   46      0 3.09e-12 1.00e+00 
4.22e+13   47      0 3.11e-12 1.00e+00 
4.43e+13   48      0 3.47e-12 1.00e+00 
4.65e+13   49      0 3.64e-12 1.00e+00 
4.88e+13   50      0 3.89e-12 1.00e+00 
5.13e+13   51      0 3.64e-12 1.00e+00 
5.38e+13   52      0 3.47e-12 1.00e+00 
5.65e+13   53      0 4.32e-12 1.00e+00 
5.93e+13   54      0 4.43e-12 1.00e+00 
6.23e+13   55      0 3.68e-12 1.00e+00 
6.54e+13   56      0 3.64e-12 1.00e+00 
6.86e+13   57      0 4.39e-12 1.00e+00 
7.20e+13   58      0 4.79e-12 1.00e+00 
7.56e+13   59      0 4.49e-12 1.00e+00 
7.94e+13   60      0 4.77e-12 1.00e+00 
8.33e+13   61      0 5.18e-12 1.00e+00 
8.75e+13   62      0 5.66e-12 1.00e+00 
9.18e+13   63      0 5.18e-12 1.00e+00 
9.64e+13   64      0 4.86e-12 1.00e+00 
1.01e+14   65      0 4.65e-12 1.00e+00 
1.06e+14   66      0 5.27e-12 1.00e+00 
1.11e+14   67      0 5.46e-12 1.00e+00 
1.17e+14   68      0 5.44e-12 1.00e+00 
1.23e+14   69      0 5.59e-12 1.00e+00 
1.29e+14   70      0 5.56e-12 1.00e+00 
1.35e+14   71      0 6.70e-12 1.00e+00 
1.42e+14   72      0 5.92e-12 1.00e+00 
1.49e+14   73      0 6.66e-12 1.00e+00 
1.57e+14   74      0 7.62e-12 1.00e+00 
1.64e+14   75      0 8.32e-12 1.00e+00 
1.73e+14   76      0 8.72e-12 1.00e+00 
1.81e+14   77      0 9.03e-12 1.00e+00 
1.90e+14   78      0 9.54e-12 1.00e+00 
2.00e+14   79      0 1.05e-11 1.00e+00 
2.10e+14   80      0 1.08e-11 1.00e+00 
2.20e+14   81      0 1.15e-11 1.00e+00 
2.31e+14   82      0 1.19e-11 1.00e+00 
2.42e+14   83      0 1.28e-11 1.00e+00 
2.55e+14   84      0 1.35e-11 1.00e+00 
2.67e+14   85      0 1.42e-11 1.00e+00 
2.80e+14   86      0 1.48e-11 1.00e+00 
2.94e+14   87      0 1.70e-11 1.00e+00 
3.09e+14   88      0 1.75e-11 1.00e+00 
3.24e+14   89      0 1.84e-11 1.00e+00 
3.41e+14   90      0 2.13e-11 1.00e+00 
3.58e+14   91      0 2.20e-11 1.00e+00 
3.75e+14   92      0 2.36e-11 1.00e+00 
3.94e+14   93      0 2.70e-11 1.00e+00 
4.14e+14   94      0 2.86e-11 1.00e+00 
4.34e+14   95      0 3.19e-11 1.00e+00 
4.56e+14   96      0 3.65e-11 1.00e+00 
4.78e+14   97      0 3.74e-11 1.00e+00 
5.02e+14   98      0 4.29e-11 1.00e+00 
5.27e+14   99      0 5.01e-11 1.00e+00 
5.53e+14  100      0 5.05e-11 1.00e+00 
5.81e+14  101      0 6.27e-11 1.00e+00 
6.10e+14  102      0 6.83e-11 1.00e+00 
6.40e+14  103      0 7.80e-11 1.00e+00 
6.72e+14  104     -1 0.00e+00 0.00e+00 
7.06e+14  105     -1 0.00e+00 0.00e+00 
