       r    i inwind      i01      i02      i03      i04      i05      i06      i07      i08      i09 
4.31e+12    0     -1 0.00e+00 0.00e+00 0.00e+00 0.00e+00 0.00e+00 0.00e+00 0.00e+00 0.00e+00 0.00e+00 
4.52e+12    1      0 4.92e-12 4.92e-12 4.92e-12 4.92e-12 4.92e-12 4.92e-12 5.03e-08 1.67e+01 4.92e+08 
4.75e+12    2      0 4.47e-12 4.47e-12 4.47e-12 4.47e-12 4.47e-12 4.47e-12 6.42e-08 1.81e+01 4.47e+08 
4.99e+12    3      0 4.06e-12 4.06e-12 4.06e-12 4.06e-12 4.06e-12 4.06e-12 8.15e-08 1.97e+01 4.06e+08 
5.23e+12    4      0 3.62e-12 3.62e-12 3.62e-12 3.62e-12 3.62e-12 3.62e-12 9.90e-08 2.07e+01 3.62e+08 
5.49e+12    5      0 3.22e-12 3.22e-12 3.22e-12 3.22e-12 3.22e-12 3.22e-12 1.24e-07 2.21e+01 3.22e+08 
5.77e+12    6      0 2.88e-12 2.88e-12 2.88e-12 2.88e-12 2.88e-12 2.88e-12 1.63e-07 2.43e+01 2.88e+08 
6.05e+12    7      0 2.57e-12 2.57e-12 2.57e-12 2.57e-12 2.57e-12 2.57e-12 2.27e-07 2.75e+01 2.57e+08 
6.36e+12    8      0 2.31e-12 2.31e-12 2.31e-12 2.31e-12 2.31e-12 2.31e-12 3.31e-07 3.20e+01 2.31e+08 
6.67e+12    9      0 2.09e-12 2.09e-12 2.09e-12 2.09e-12 2.09e-12 2.09e-12 5.19e-07 3.89e+01 2.09e+08 
7.00e+12   10      0 1.92e-12 1.92e-12 1.92e-12 1.92e-12 1.92e-12 1.92e-12 8.56e-07 4.89e+01 1.92e+08 
7.35e+12   11      0 1.79e-12 1.79e-12 1.79e-12 1.79e-12 1.79e-12 1.79e-12 1.47e-06 6.31e+01 1.79e+08 
7.72e+12   12      0 1.68e-12 1.68e-12 1.68e-12 1.68e-12 1.68e-12 1.68e-12 2.56e-06 8.22e+01 1.68e+08 
8.10e+12   13      0 1.60e-12 1.60e-12 1.60e-12 1.60e-12 1.60e-12 1.60e-12 4.74e-06 1.11e+02 1.60e+08 
8.51e+12   14      0 1.55e-12 1.55e-12 1.55e-12 1.55e-12 1.55e-12 1.55e-12 9.21e-06 1.56e+02 1.55e+08 
8.93e+12   15      0 1.52e-12 1.52e-12 1.52e-12 1.52e-12 1.52e-12 1.52e-12 1.89e-05 2.26e+02 1.52e+08 
9.37e+12   16      0 1.48e-12 1.48e-12 1.48e-12 1.48e-12 1.48e-12 1.48e-12 3.96e-05 3.32e+02 1.48e+08 
9.84e+12   17      0 1.48e-12 1.48e-12 1.48e-12 1.48e-12 1.48e-12 1.48e-12 8.57e-05 4.98e+02 1.48e+08 
1.03e+13   18      0 1.49e-12 1.49e-12 1.49e-12 1.49e-12 1.49e-12 1.49e-12 1.93e-04 7.66e+02 1.49e+08 
1.08e+13   19      0 1.53e-12 1.53e-12 1.53e-12 1.53e-12 1.53e-12 1.53e-12 4.63e-04 1.23e+03 1.53e+08 
1.14e+13   20      0 1.56e-12 1.56e-12 1.56e-12 1.56e-12 1.56e-12 1.56e-12 1.10e-03 1.95e+03 1.56e+08 
1.19e+13   21      0 1.62e-12 1.62e-12 1.62e-12 1.62e-12 1.62e-12 1.62e-12 2.68e-03 3.18e+03 1.62e+08 
1.25e+13   22      0 1.68e-12 1.68e-12 1.68e-12 1.68e-12 1.68e-12 1.68e-12 6.61e-03 5.20e+03 1.68e+08 
1.32e+13   23      0 1.75e-12 1.75e-12 1.75e-12 1.75e-12 1.75e-12 3.47e-12 1.66e-02 8.59e+03 1.75e+08 
1.38e+13   24      0 1.82e-12 1.82e-12 1.82e-12 1.82e-12 1.82e-12 1.06e-11 4.21e-02 1.43e+04 1.82e+08 
1.45e+13   25      0 1.89e-12 1.89e-12 1.89e-12 1.89e-12 1.89e-12 3.28e-11 1.07e-01 2.37e+04 1.89e+08 
1.52e+13   26      0 1.96e-12 1.96e-12 1.96e-12 1.96e-12 1.96e-12 1.07e-10 2.86e-01 4.06e+04 1.96e+08 
1.60e+13   27      0 2.02e-12 2.02e-12 2.02e-12 2.02e-12 2.02e-12 3.21e-10 7.05e-01 6.59e+04 2.02e+08 
1.68e+13   28      0 2.08e-12 2.08e-12 2.08e-12 2.08e-12 2.08e-12 1.02e-09 1.83e+00 1.10e+05 2.08e+08 
1.76e+13   29      0 2.13e-12 2.13e-12 2.13e-12 2.13e-12 2.13e-12 3.18e-09 4.69e+00 1.83e+05 2.12e+08 
1.85e+13   30      0 2.18e-12 2.18e-12 2.18e-12 2.18e-12 2.18e-12 1.06e-08 1.28e+01 3.14e+05 2.17e+08 
1.94e+13   31      0 2.20e-12 2.20e-12 2.20e-12 2.20e-12 2.20e-12 3.08e-08 3.05e+01 4.96e+05 2.19e+08 
2.04e+13   32      0 2.23e-12 2.23e-12 2.23e-12 2.23e-12 2.23e-12 9.66e-08 7.81e+01 8.17e+05 2.22e+08 
2.14e+13   33      0 2.24e-12 2.24e-12 2.24e-12 2.24e-12 2.24e-12 3.15e-07 2.08e+02 1.37e+06 2.23e+08 
2.25e+13   34      0 2.25e-12 2.25e-12 2.25e-12 2.25e-12 2.25e-12 1.06e-06 5.77e+02 2.36e+06 2.23e+08 
2.36e+13   35      0 2.25e-12 2.25e-12 2.25e-12 2.25e-12 2.25e-12 3.30e-06 1.47e+03 3.84e+06 2.21e+08 
2.48e+13   36      0 2.25e-12 2.25e-12 2.25e-12 2.25e-12 4.17e-12 3.99e-04 1.46e+05 2.25e+08 4.46e-07 
2.60e+13   37      0 2.24e-12 2.24e-12 2.24e-12 2.24e-12 9.39e-12 7.47e-04 2.24e+05 2.24e+08 1.36e-07 
2.73e+13   38      0 2.23e-12 2.23e-12 2.23e-12 2.23e-12 1.94e-11 1.29e-03 3.18e+05 2.23e+08 4.17e-08 
2.86e+13   39      0 2.21e-12 2.21e-12 2.21e-12 2.21e-12 4.52e-11 2.51e-03 5.12e+05 2.21e+08 1.31e-08 
3.01e+13   40      0 2.18e-12 2.18e-12 2.18e-12 2.18e-12 8.99e-11 4.20e-03 7.13e+05 2.17e+08 4.26e-09 
3.16e+13   41      0 2.16e-12 2.16e-12 2.16e-12 2.16e-12 1.67e-10 6.56e-03 9.28e+05 2.15e+08 1.48e-09 
3.31e+13   42      0 2.13e-12 2.13e-12 2.13e-12 2.13e-12 3.38e-10 1.13e-02 1.34e+06 2.11e+08 5.59e-10 
3.48e+13   43      0 2.09e-12 2.09e-12 2.09e-12 2.09e-12 7.28e-08 2.08e+00 2.09e+08 4.52e-07 2.09e-12 
3.65e+13   44      0 2.05e-12 2.05e-12 2.05e-12 2.05e-12 9.96e-08 2.43e+00 2.05e+08 2.06e-07 2.05e-12 
3.83e+13   45      0 2.01e-12 2.01e-12 2.01e-12 2.01e-12 1.33e-07 2.79e+00 2.01e+08 9.93e-08 2.01e-12 
4.02e+13   46      0 1.96e-12 1.96e-12 1.96e-12 1.96e-12 1.76e-07 3.19e+00 1.96e+08 4.81e-08 1.96e-12 
4.22e+13   47      0 1.92e-12 1.92e-12 1.92e-12 1.92e-12 2.33e-07 3.64e+00 1.92e+08 2.42e-08 1.92e-12 
4.43e+13   48      0 1.87e-12 1.87e-12 1.87e-12 1.87e-12 3.04e-07 4.13e+00 1.87e+08 1.20e-08 1.87e-12 
4.65e+13   49      0 1.81e-12 1.81e-12 1.81e-12 1.81e-12 3.95e-07 4.65e+00 1.81e+08 5.79e-09 1.81e-12 
4.88e+13   50      0 1.74e-12 1.74e-12 1.74e-12 1.74e-12 5.04e-07 5.19e+00 1.74e+08 2.80e-09 1.74e-12 
5.13e+13   51      0 1.69e-12 1.69e-12 1.69e-12 1.69e-12 6.51e-07 5.82e+00 1.69e+08 1.32e-09 1.69e-12 
5.38e+13   52      0 1.62e-12 1.62e-12 1.62e-12 1.62e-12 8.18e-07 6.42e+00 1.62e+08 6.11e-10 1.62e-12 
5.65e+13   53      0 1.55e-12 1.55e-12 1.55e-12 1.55e-12 1.03e-06 7.07e+00 1.55e+08 2.60e-10 1.55e-12 
5.93e+13   54      0 1.48e-12 1.48e-12 1.48e-12 1.48e-12 1.29e-06 7.76e+00 1.48e+08 1.15e-10 1.48e-12 
6.23e+13   55      0 1.41e-12 1.41e-12 1.41e-12 1.41e-12 1.61e-06 8.51e+00 1.41e+08 5.34e-11 1.41e-12 
6.54e+13   56      0 1.34e-12 1.34e-12 1.34e-12 1.34e-12 1.98e-06 9.25e+00 1.34e+08 2.26e-11 1.34e-12 
6.86e+13   57      0 1.27e-12 1.27e-12 1.27e-12 1.27e-12 2.44e-06 1.00e+01 1.27e+08 8.85e-12 1.27e-12 
7.20e+13   58      0 1.20e-12 1.20e-12 1.20e-12 1.20e-12 2.96e-06 1.08e+01 1.20e+08 3.50e-12 1.20e-12 
7.56e+13   59      0 1.14e-12 1.14e-12 1.14e-12 1.14e-12 3.62e-06 1.16e+01 1.14e+08 1.38e-12 1.14e-12 
7.94e+13   60      0 1.07e-12 1.07e-12 1.07e-12 1.07e-12 4.42e-06 1.26e+01 1.07e+08 1.07e-12 1.07e-12 
8.33e+13   61      0 1.01e-12 1.01e-12 1.01e-12 1.01e-12 5.35e-06 1.35e+01 1.01e+08 1.01e-12 1.01e-12 
8.75e+13   62      0 9.50e-13 9.50e-13 9.50e-13 9.50e-13 6.44e-06 1.44e+01 9.50e+07 9.50e-13 9.50e-13 
9.18e+13   63      0 8.92e-13 8.92e-13 8.92e-13 8.92e-13 7.76e-06 1.54e+01 8.92e+07 8.92e-13 8.92e-13 
9.64e+13   64      0 8.38e-13 8.38e-13 8.38e-13 8.38e-13 9.33e-06 1.64e+01 8.38e+07 8.38e-13 8.38e-13 
1.01e+14   65      0 7.88e-13 7.88e-13 7.88e-13 1.10e-12 1.12e-05 1.76e+01 7.88e+07 7.88e-13 7.88e-13 
1.06e+14   66      0 7.40e-13 7.40e-13 7.40e-13 1.46e-12 1.36e-05 1.88e+01 7.40e+07 7.40e-13 7.40e-13 
1.11e+14   67      0 6.92e-13 6.92e-13 6.92e-13 1.92e-12 1.63e-05 2.00e+01 6.92e+07 6.92e-13 6.92e-13 
1.17e+14   68      0 6.49e-13 6.49e-13 6.49e-13 2.56e-12 1.97e-05 2.14e+01 6.49e+07 6.49e-13 6.49e-13 
1.23e+14   69      0 6.09e-13 6.09e-13 6.09e-13 3.38e-12 2.36e-05 2.28e+01 6.09e+07 6.09e-13 6.09e-13 
1.29e+14   70      0 5.71e-13 5.71e-13 5.71e-13 4.47e-12 2.84e-05 2.43e+01 5.71e+07 5.71e-13 5.71e-13 
1.35e+14   71      0 5.35e-13 5.35e-13 5.35e-13 5.99e-12 3.46e-05 2.62e+01 5.35e+07 5.35e-13 5.35e-13 
1.42e+14   72      0 5.03e-13 5.03e-13 5.03e-13 7.99e-12 4.17e-05 2.80e+01 5.03e+07 5.03e-13 5.03e-13 
1.49e+14   73      0 4.72e-13 4.72e-13 4.72e-13 1.07e-11 5.07e-05 3.00e+01 4.72e+07 4.72e-13 4.72e-13 
1.57e+14   74      0 4.44e-13 4.44e-13 4.44e-13 1.44e-11 6.16e-05 3.22e+01 4.44e+07 4.44e-13 4.44e-13 
1.64e+14   75      0 4.18e-13 4.18e-13 4.18e-13 1.98e-11 7.62e-05 3.50e+01 4.18e+07 4.18e-13 4.18e-13 
1.73e+14   76      0 3.93e-13 3.93e-13 3.93e-13 2.71e-11 9.39e-05 3.78e+01 3.93e+07 3.93e-13 3.93e-13 
1.81e+14   77      0 3.67e-13 3.67e-13 3.67e-13 3.69e-11 1.16e-04 4.09e+01 3.67e+07 3.67e-13 3.67e-13 
1.90e+14   78      0 3.42e-13 3.42e-13 3.42e-13 4.89e-11 1.39e-04 4.35e+01 3.42e+07 3.42e-13 3.42e-13 
2.00e+14   79      0 3.18e-13 3.18e-13 3.18e-13 6.43e-11 1.66e-04 4.61e+01 3.18e+07 3.18e-13 3.18e-13 
2.10e+14   80      0 2.95e-13 2.95e-13 2.95e-13 8.32e-11 1.97e-04 4.86e+01 2.95e+07 2.95e-13 2.95e-13 
2.20e+14   81      0 2.72e-13 2.72e-13 2.72e-13 1.06e-10 2.29e-04 5.07e+01 2.72e+07 2.72e-13 2.72e-13 
2.31e+14   82      0 2.50e-13 2.50e-13 2.50e-13 1.34e-10 2.67e-04 5.29e+01 2.50e+07 2.50e-13 2.50e-13 
2.42e+14   83      0 2.32e-13 2.32e-13 2.32e-13 1.75e-10 3.18e-04 5.61e+01 2.32e+07 2.32e-13 2.32e-13 
2.55e+14   84      0 2.14e-13 2.14e-13 2.14e-13 2.25e-10 3.75e-04 5.89e+01 2.14e+07 2.14e-13 2.14e-13 
2.67e+14   85      0 1.99e-13 1.99e-13 1.99e-13 2.92e-10 4.45e-04 6.23e+01 1.99e+07 1.99e-13 1.99e-13 
2.80e+14   86      0 1.83e-13 1.83e-13 1.83e-13 3.64e-10 5.11e-04 6.44e+01 1.83e+07 1.83e-13 1.83e-13 
2.94e+14   87      0 1.70e-13 1.70e-13 1.70e-13 4.67e-10 6.01e-04 6.79e+01 1.70e+07 1.70e-13 1.70e-13 
3.09e+14   88      0 1.57e-13 1.57e-13 1.57e-13 5.96e-10 7.03e-04 7.11e+01 1.57e+07 1.57e-13 1.57e-13 
3.24e+14   89      0 1.45e-13 1.45e-13 1.45e-13 7.59e-10 8.24e-04 7.47e+01 1.45e+07 1.45e-13 1.45e-13 
3.41e+14   90      0 1.34e-13 1.34e-13 1.34e-13 9.88e-10 9.77e-04 7.89e+01 1.34e+07 1.34e-13 1.34e-13 
3.58e+14   91      0 1.24e-13 1.24e-13 1.24e-13 1.25e-09 1.14e-03 8.27e+01 1.24e+07 1.24e-13 1.24e-13 
3.75e+14   92      0 1.14e-13 1.14e-13 1.14e-13 1.54e-09 1.30e-03 8.55e+01 1.14e+07 1.14e-13 1.14e-13 
3.94e+14   93      0 1.04e-13 1.04e-13 1.04e-13 1.91e-09 1.48e-03 8.79e+01 1.04e+07 1.04e-13 1.04e-13 
4.14e+14   94      0 9.54e-14 9.54e-14 9.54e-14 2.36e-09 1.69e-03 9.10e+01 9.54e+06 9.54e-14 9.54e-14 
4.34e+14   95      0 8.70e-14 8.70e-14 8.70e-14 2.90e-09 1.92e-03 9.32e+01 8.70e+06 8.70e-14 8.70e-14 
4.56e+14   96      0 7.91e-14 7.91e-14 7.91e-14 3.51e-09 2.12e-03 9.36e+01 7.91e+06 7.91e-14 7.91e-14 
4.78e+14   97      0 7.13e-14 7.13e-14 7.13e-14 4.27e-09 2.42e-03 9.73e+01 7.13e+06 7.13e-14 7.13e-14 
5.02e+14   98      0 6.43e-14 6.43e-14 6.43e-14 5.21e-09 2.71e-03 9.82e+01 6.42e+06 6.43e-14 6.43e-14 
5.27e+14   99      0 5.73e-14 5.73e-14 5.73e-14 6.14e-09 2.92e-03 9.62e+01 5.73e+06 5.73e-14 5.73e-14 
5.53e+14  100      0 5.06e-14 5.06e-14 5.06e-14 7.23e-09 3.24e-03 9.75e+01 5.06e+06 5.06e-14 5.06e-14 
5.81e+14  101      0 4.44e-14 4.44e-14 4.44e-14 8.56e-09 3.46e-03 9.39e+01 4.44e+06 4.44e-14 4.44e-14 
6.10e+14  102      0 3.86e-14 3.86e-14 3.86e-14 1.01e-08 3.70e-03 9.07e+01 3.86e+06 3.86e-14 3.86e-14 
6.40e+14  103      0 3.32e-14 3.32e-14 3.32e-14 1.27e-08 4.21e-03 9.11e+01 3.32e+06 3.32e-14 3.32e-14 
6.72e+14  104     -1 0.00e+00 0.00e+00 0.00e+00 0.00e+00 0.00e+00 0.00e+00 0.00e+00 0.00e+00 0.00e+00 
7.06e+14  105     -1 0.00e+00 0.00e+00 0.00e+00 0.00e+00 0.00e+00 0.00e+00 0.00e+00 0.00e+00 0.00e+00 
