       r    i inwind      i01      i02      i03 
4.31e+12    0     -1 0.00e+00 0.00e+00 0.00e+00 
4.52e+12    1      0 1.77e-31 6.95e-12 1.00e+00 
4.75e+12    2      0 1.95e-31 6.31e-12 1.00e+00 
4.99e+12    3      0 2.15e-31 6.38e-12 1.00e+00 
5.23e+12    4      0 2.41e-31 4.38e-12 1.00e+00 
5.49e+12    5      0 2.70e-31 3.63e-12 1.00e+00 
5.77e+12    6      0 3.03e-31 3.17e-12 1.00e+00 
6.05e+12    7      0 3.39e-31 3.21e-12 1.00e+00 
6.36e+12    8      0 3.78e-31 3.19e-12 1.00e+00 
6.67e+12    9      0 4.16e-31 2.06e-12 1.00e+00 
7.00e+12   10      0 4.53e-31 2.60e-12 1.00e+00 
7.35e+12   11      0 4.85e-31 2.90e-12 1.00e+00 
7.72e+12   12      0 5.19e-31 3.39e-12 1.00e+00 
8.10e+12   13      0 5.44e-31 2.74e-12 1.00e+00 
8.51e+12   14      0 5.62e-31 3.06e-12 1.00e+00 
8.93e+12   15      0 5.75e-31 2.48e-12 1.00e+00 
9.37e+12   16      0 5.87e-31 2.47e-12 1.00e+00 
9.84e+12   17      0 5.89e-31 3.68e-12 1.00e+00 
1.03e+13   18      0 5.83e-31 3.92e-12 1.00e+00 
1.08e+13   19      0 5.69e-31 3.30e-12 1.00e+00 
1.14e+13   20      0 5.57e-31 3.91e-12 1.00e+00 
1.19e+13   21      0 5.38e-31 3.26e-12 1.00e+00 
1.25e+13   22      0 5.17e-31 4.55e-12 1.00e+00 
1.32e+13   23      0 4.97e-31 4.48e-12 1.00e+00 
1.38e+13   24      0 4.79e-31 4.83e-12 1.00e+00 
1.45e+13   25      0 4.62e-31 6.35e-12 1.00e+00 
1.52e+13   26      0 4.43e-31 7.61e-12 1.00e+00 
1.60e+13   27      0 4.31e-31 7.10e-12 1.00e+00 
1.68e+13   28      0 4.19e-31 8.58e-12 1.00e+00 
1.76e+13   29      0 4.10e-31 6.59e-12 1.00e+00 
1.85e+13   30      0 4.00e-31 9.79e-12 1.00e+00 
1.94e+13   31      0 3.96e-31 9.68e-12 1.00e+00 
2.04e+13   32      0 3.91e-31 1.18e-11 1.00e+00 
2.14e+13   33      0 3.88e-31 9.28e-12 1.00e+00 
2.25e+13   34      0 3.86e-31 1.38e-11 1.00e+00 
2.36e+13   35      0 3.87e-31 1.12e-11 1.00e+00 
2.48e+13   36      0 3.87e-31 1.44e-11 1.00e+00 
2.60e+13   37      0 3.88e-31 1.56e-11 1.00e+00 
2.73e+13   38      0 3.91e-31 1.67e-11 1.00e+00 
2.86e+13   39      0 3.94e-31 2.29e-11 1.00e+00 
3.01e+13   40      0 3.99e-31 2.25e-11 1.00e+00 
3.16e+13   41      0 4.03e-31 2.12e-11 1.00e+00 
3.31e+13   42      0 4.09e-31 2.38e-11 1.00e+00 
3.48e+13   43      0 4.18e-31 2.83e-11 1.00e+00 
3.65e+13   44      0 4.24e-31 2.85e-11 1.00e+00 
3.83e+13   45      0 4.34e-31 2.97e-11 1.00e+00 
4.02e+13   46      0 4.44e-31 3.24e-11 1.00e+00 
4.22e+13   47      0 4.54e-31 3.73e-11 1.00e+00 
4.43e+13   48      0 4.67e-31 4.19e-11 1.00e+00 
4.65e+13   49      0 4.81e-31 4.30e-11 1.00e+00 
4.88e+13   50      0 4.99e-31 4.55e-11 1.00e+00 
5.13e+13   51      0 5.16e-31 4.94e-11 1.00e+00 
5.38e+13   52      0 5.38e-31 5.22e-11 1.00e+00 
5.65e+13   53      0 5.62e-31 5.36e-11 1.00e+00 
5.93e+13   54      0 5.89e-31 6.16e-11 1.00e+00 
6.23e+13   55      0 6.17e-31 6.65e-11 1.00e+00 
6.54e+13   56      0 6.49e-31 7.20e-11 1.00e+00 
6.86e+13   57      0 6.85e-31 7.45e-11 1.00e+00 
7.20e+13   58      0 7.25e-31 8.63e-11 1.00e+00 
7.56e+13   59      0 7.66e-31 9.47e-11 1.00e+00 
7.94e+13   60      0 8.12e-31 1.03e-10 1.00e+00 
8.33e+13   61      0 8.61e-31 1.14e-10 1.00e+00 
8.75e+13   62      0 9.17e-31 1.19e-10 1.00e+00 
9.18e+13   63      0 9.76e-31 1.40e-10 1.00e+00 
9.64e+13   64      0 1.04e-30 1.42e-10 1.00e+00 
1.01e+14   65      0 1.11e-30 1.68e-10 1.00e+00 
1.06e+14   66      0 1.18e-30 1.86e-10 1.00e+00 
1.11e+14   67      0 1.26e-30 1.97e-10 1.00e+00 
1.17e+14   68      0 1.34e-30 2.34e-10 1.00e+00 
1.23e+14   69      0 1.43e-30 2.57e-10 1.00e+00 
1.29e+14   70      0 1.52e-30 2.85e-10 1.00e+00 
1.35e+14   71      0 1.63e-30 3.21e-10 1.00e+00 
1.42e+14   72      0 1.73e-30 3.70e-10 1.00e+00 
1.49e+14   73      0 1.84e-30 4.20e-10 1.00e+00 
1.57e+14   74      0 1.96e-30 4.53e-10 1.00e+00 
1.64e+14   75      0 2.08e-30 5.22e-10 1.00e+00 
1.73e+14   76      0 2.22e-30 5.87e-10 1.00e+00 
1.81e+14   77      0 2.37e-30 6.70e-10 1.00e+00 
1.90e+14   78      0 2.54e-30 7.65e-10 1.00e+00 
2.00e+14   79      0 2.74e-30 8.67e-10 1.00e+00 
2.10e+14   80      0 1.29e-20 1.05e-09 1.00e+00 
2.20e+14   81      0 1.54e-20 1.17e-09 1.00e+00 
2.31e+14   82      0 1.81e-20 1.28e-09 1.00e+00 
2.42e+14   83      0 2.22e-20 1.45e-09 1.00e+00 
2.55e+14   84      0 2.71e-20 1.65e-09 1.00e+00 
2.67e+14   85      0 3.28e-20 1.84e-09 1.00e+00 
2.80e+14   86      0 3.91e-20 2.05e-09 1.00e+00 
2.94e+14   87      0 4.79e-20 2.32e-09 1.00e+00 
3.09e+14   88      0 5.94e-20 2.66e-09 1.00e+00 
3.24e+14   89      0 7.19e-20 2.98e-09 1.00e+00 
3.41e+14   90      0 9.05e-20 3.44e-09 1.00e+00 
3.58e+14   91      0 1.09e-19 3.83e-09 1.00e+00 
3.75e+14   92      0 1.53e-19 4.27e-09 1.00e+00 
3.94e+14   93      0 1.94e-19 5.00e-09 1.00e+00 
4.14e+14   94      0 2.38e-19 5.64e-09 1.00e+00 
4.34e+14   95      0 2.82e-19 6.17e-09 1.00e+00 
4.56e+14   96      0 3.52e-19 7.11e-09 1.00e+00 
4.78e+14   97      0 4.19e-19 7.77e-09 1.00e+00 
5.02e+14   98      0 5.11e-19 8.70e-09 1.00e+00 
5.27e+14   99      0 6.22e-19 9.84e-09 1.00e+00 
5.53e+14  100      0 7.56e-19 1.09e-08 1.00e+00 
5.81e+14  101      0 9.24e-19 1.22e-08 1.00e+00 
6.10e+14  102      0 1.14e-18 1.37e-08 1.00e+00 
6.40e+14  103      0 1.53e-18 1.58e-08 1.00e+00 
6.72e+14  104     -1 0.00e+00 0.00e+00 0.00e+00 
7.06e+14  105     -1 0.00e+00 0.00e+00 0.00e+00 
