       r    i inwind      i01      i02      i03      i04      i05      i06      i07      i08      i09 
4.31e+12    0     -1 0.00e+00 0.00e+00 0.00e+00 0.00e+00 0.00e+00 0.00e+00 0.00e+00 0.00e+00 0.00e+00 
4.52e+12    1      0 1.00e-20 1.00e-20 1.00e-20 1.00e-20 1.00e-20 1.00e-20 1.02e-16 3.39e-08 1.00e+00 
4.75e+12    2      0 1.00e-20 1.00e-20 1.00e-20 1.00e-20 1.00e-20 1.00e-20 1.44e-16 4.06e-08 1.00e+00 
4.99e+12    3      0 1.00e-20 1.00e-20 1.00e-20 1.00e-20 1.00e-20 1.00e-20 2.01e-16 4.84e-08 1.00e+00 
5.23e+12    4      0 1.00e-20 1.00e-20 1.00e-20 1.00e-20 1.00e-20 1.00e-20 2.73e-16 5.71e-08 1.00e+00 
5.49e+12    5      0 1.00e-20 1.00e-20 1.00e-20 1.00e-20 1.00e-20 1.00e-20 3.85e-16 6.86e-08 1.00e+00 
5.77e+12    6      0 1.00e-20 1.00e-20 1.00e-20 1.00e-20 1.00e-20 1.00e-20 5.68e-16 8.44e-08 1.00e+00 
6.05e+12    7      0 1.00e-20 1.00e-20 1.00e-20 1.00e-20 1.00e-20 1.00e-20 8.82e-16 1.07e-07 1.00e+00 
6.36e+12    8      0 1.00e-20 1.00e-20 1.00e-20 1.00e-20 1.00e-20 1.00e-20 1.43e-15 1.39e-07 1.00e+00 
6.67e+12    9      0 1.00e-20 1.00e-20 1.00e-20 1.00e-20 1.00e-20 1.00e-20 2.48e-15 1.86e-07 1.00e+00 
7.00e+12   10      0 1.00e-20 1.00e-20 1.00e-20 1.00e-20 1.00e-20 1.00e-20 4.45e-15 2.54e-07 1.00e+00 
7.35e+12   11      0 1.00e-20 1.00e-20 1.00e-20 1.00e-20 1.00e-20 1.00e-20 8.19e-15 3.52e-07 1.00e+00 
7.72e+12   12      0 1.00e-20 1.00e-20 1.00e-20 1.00e-20 1.00e-20 1.00e-20 1.52e-14 4.90e-07 1.00e+00 
8.10e+12   13      0 1.00e-20 1.00e-20 1.00e-20 1.00e-20 1.00e-20 1.00e-20 2.96e-14 6.97e-07 1.00e+00 
8.51e+12   14      0 1.00e-20 1.00e-20 1.00e-20 1.00e-20 1.00e-20 1.00e-20 5.94e-14 1.01e-06 1.00e+00 
8.93e+12   15      0 1.00e-20 1.00e-20 1.00e-20 1.00e-20 1.00e-20 1.00e-20 1.24e-13 1.49e-06 1.00e+00 
9.37e+12   16      0 1.00e-20 1.00e-20 1.00e-20 1.00e-20 1.00e-20 1.00e-20 2.67e-13 2.23e-06 1.00e+00 
9.84e+12   17      0 1.00e-20 1.00e-20 1.00e-20 1.00e-20 1.00e-20 1.00e-20 5.80e-13 3.37e-06 1.00e+00 
1.03e+13   18      0 1.00e-20 1.00e-20 1.00e-20 1.00e-20 1.00e-20 1.00e-20 1.29e-12 5.13e-06 1.00e+00 
1.08e+13   19      0 1.00e-20 1.00e-20 1.00e-20 1.00e-20 1.00e-20 1.00e-20 3.03e-12 8.04e-06 1.00e+00 
1.14e+13   20      0 1.00e-20 1.00e-20 1.00e-20 1.00e-20 1.00e-20 1.00e-20 7.01e-12 1.25e-05 1.00e+00 
1.19e+13   21      0 1.00e-20 1.00e-20 1.00e-20 1.00e-20 1.00e-20 1.00e-20 1.66e-11 1.96e-05 1.00e+00 
1.25e+13   22      0 1.00e-20 1.00e-20 1.00e-20 1.00e-20 1.00e-20 1.00e-20 3.92e-11 3.09e-05 1.00e+00 
1.32e+13   23      0 1.00e-20 1.00e-20 1.00e-20 1.00e-20 1.00e-20 1.98e-20 9.46e-11 4.90e-05 1.00e+00 
1.38e+13   24      0 1.00e-20 1.00e-20 1.00e-20 1.00e-20 1.00e-20 5.85e-20 2.32e-10 7.85e-05 1.00e+00 
1.45e+13   25      0 1.00e-20 1.00e-20 1.00e-20 1.00e-20 1.00e-20 1.74e-19 5.67e-10 1.26e-04 1.00e+00 
1.52e+13   26      0 1.00e-20 1.00e-20 1.00e-20 1.00e-20 1.00e-20 5.46e-19 1.46e-09 2.07e-04 1.00e+00 
1.60e+13   27      0 1.00e-20 1.00e-20 1.00e-20 1.00e-20 1.00e-20 1.59e-18 3.49e-09 3.26e-04 1.00e+00 
1.68e+13   28      0 1.00e-20 1.00e-20 1.00e-20 1.00e-20 1.00e-20 4.90e-18 8.81e-09 5.31e-04 9.99e-01 
1.76e+13   29      0 1.00e-20 1.00e-20 1.00e-20 1.00e-20 1.00e-20 1.50e-17 2.21e-08 8.60e-04 9.99e-01 
1.85e+13   30      0 1.00e-20 1.00e-20 1.00e-20 1.00e-20 1.00e-20 4.88e-17 5.87e-08 1.44e-03 9.99e-01 
1.94e+13   31      0 1.00e-20 1.00e-20 1.00e-20 1.00e-20 1.00e-20 1.40e-16 1.39e-07 2.26e-03 9.98e-01 
2.04e+13   32      0 1.00e-20 1.00e-20 1.00e-20 1.00e-20 1.00e-20 4.33e-16 3.50e-07 3.67e-03 9.96e-01 
2.14e+13   33      0 1.00e-20 1.00e-20 1.00e-20 1.00e-20 1.00e-20 1.40e-15 9.29e-07 6.13e-03 9.94e-01 
2.25e+13   34      0 1.00e-20 1.00e-20 1.00e-20 1.00e-20 1.00e-20 4.72e-15 2.56e-06 1.05e-02 9.90e-01 
2.36e+13   35      0 1.00e-20 1.00e-20 1.00e-20 1.00e-20 1.00e-20 1.46e-14 6.53e-06 1.71e-02 9.83e-01 
2.48e+13   36      0 1.00e-20 1.00e-20 1.00e-20 1.00e-20 1.85e-20 1.77e-12 6.46e-04 9.99e-01 1.98e-15 
2.60e+13   37      0 1.00e-20 1.00e-20 1.00e-20 1.00e-20 4.18e-20 3.33e-12 9.98e-04 9.99e-01 6.06e-16 
2.73e+13   38      0 1.00e-20 1.00e-20 1.00e-20 1.00e-20 8.69e-20 5.77e-12 1.42e-03 9.99e-01 1.87e-16 
2.86e+13   39      0 1.00e-20 1.00e-20 1.00e-20 1.00e-20 2.04e-19 1.13e-11 2.31e-03 9.98e-01 5.94e-17 
3.01e+13   40      0 1.00e-20 1.00e-20 1.00e-20 1.00e-20 4.12e-19 1.92e-11 3.27e-03 9.97e-01 1.95e-17 
3.16e+13   41      0 1.00e-20 1.00e-20 1.00e-20 1.00e-20 7.72e-19 3.04e-11 4.30e-03 9.96e-01 6.87e-18 
3.31e+13   42      0 1.00e-20 1.00e-20 1.00e-20 1.00e-20 1.59e-18 5.32e-11 6.31e-03 9.94e-01 2.63e-18 
3.48e+13   43      0 1.00e-20 1.00e-20 1.00e-20 1.00e-20 3.49e-16 9.98e-09 1.00e+00 2.17e-15 1.00e-20 
3.65e+13   44      0 1.00e-20 1.00e-20 1.00e-20 1.00e-20 4.85e-16 1.18e-08 1.00e+00 1.00e-15 1.00e-20 
3.83e+13   45      0 1.00e-20 1.00e-20 1.00e-20 1.00e-20 6.61e-16 1.39e-08 1.00e+00 4.95e-16 1.00e-20 
4.02e+13   46      0 1.00e-20 1.00e-20 1.00e-20 1.00e-20 8.97e-16 1.62e-08 1.00e+00 2.45e-16 1.00e-20 
4.22e+13   47      0 1.00e-20 1.00e-20 1.00e-20 1.00e-20 1.21e-15 1.90e-08 1.00e+00 1.26e-16 1.00e-20 
4.43e+13   48      0 1.00e-20 1.00e-20 1.00e-20 1.00e-20 1.63e-15 2.21e-08 1.00e+00 6.41e-17 1.00e-20 
4.65e+13   49      0 1.00e-20 1.00e-20 1.00e-20 1.00e-20 2.18e-15 2.57e-08 1.00e+00 3.20e-17 1.00e-20 
4.88e+13   50      0 1.00e-20 1.00e-20 1.00e-20 1.00e-20 2.89e-15 2.97e-08 1.00e+00 1.61e-17 1.00e-20 
5.13e+13   51      0 1.00e-20 1.00e-20 1.00e-20 1.00e-20 3.86e-15 3.45e-08 1.00e+00 7.81e-18 1.00e-20 
5.38e+13   52      0 1.00e-20 1.00e-20 1.00e-20 1.00e-20 5.06e-15 3.97e-08 1.00e+00 3.77e-18 1.00e-20 
5.65e+13   53      0 1.00e-20 1.00e-20 1.00e-20 1.00e-20 6.64e-15 4.57e-08 1.00e+00 1.68e-18 1.00e-20 
5.93e+13   54      0 1.00e-20 1.00e-20 1.00e-20 1.00e-20 8.70e-15 5.25e-08 1.00e+00 7.80e-19 1.00e-20 
6.23e+13   55      0 1.00e-20 1.00e-20 1.00e-20 1.00e-20 1.14e-14 6.03e-08 1.00e+00 3.78e-19 1.00e-20 
6.54e+13   56      0 1.00e-20 1.00e-20 1.00e-20 1.00e-20 1.48e-14 6.89e-08 1.00e+00 1.69e-19 1.00e-20 
6.86e+13   57      0 1.00e-20 1.00e-20 1.00e-20 1.00e-20 1.92e-14 7.88e-08 1.00e+00 6.96e-20 1.00e-20 
7.20e+13   58      0 1.00e-20 1.00e-20 1.00e-20 1.00e-20 2.46e-14 8.98e-08 1.00e+00 2.91e-20 1.00e-20 
7.56e+13   59      0 1.00e-20 1.00e-20 1.00e-20 1.00e-20 3.18e-14 1.02e-07 1.00e+00 1.22e-20 1.00e-20 
7.94e+13   60      0 1.00e-20 1.00e-20 1.00e-20 1.00e-20 4.12e-14 1.17e-07 1.00e+00 1.00e-20 1.00e-20 
8.33e+13   61      0 1.00e-20 1.00e-20 1.00e-20 1.00e-20 5.29e-14 1.33e-07 1.00e+00 1.00e-20 1.00e-20 
8.75e+13   62      0 1.00e-20 1.00e-20 1.00e-20 1.00e-20 6.78e-14 1.52e-07 1.00e+00 1.00e-20 1.00e-20 
9.18e+13   63      0 1.00e-20 1.00e-20 1.00e-20 1.00e-20 8.69e-14 1.72e-07 1.00e+00 1.00e-20 1.00e-20 
9.64e+13   64      0 1.00e-20 1.00e-20 1.00e-20 1.00e-20 1.11e-13 1.96e-07 1.00e+00 1.00e-20 1.00e-20 
1.01e+14   65      0 1.00e-20 1.00e-20 1.00e-20 1.39e-20 1.43e-13 2.23e-07 1.00e+00 1.00e-20 1.00e-20 
1.06e+14   66      0 1.00e-20 1.00e-20 1.00e-20 1.97e-20 1.83e-13 2.54e-07 1.00e+00 1.00e-20 1.00e-20 
1.11e+14   67      0 1.00e-20 1.00e-20 1.00e-20 2.78e-20 2.36e-13 2.89e-07 1.00e+00 1.00e-20 1.00e-20 
1.17e+14   68      0 1.00e-20 1.00e-20 1.00e-20 3.94e-20 3.04e-13 3.30e-07 1.00e+00 1.00e-20 1.00e-20 
1.23e+14   69      0 1.00e-20 1.00e-20 1.00e-20 5.55e-20 3.88e-13 3.75e-07 1.00e+00 1.00e-20 1.00e-20 
1.29e+14   70      0 1.00e-20 1.00e-20 1.00e-20 7.82e-20 4.97e-13 4.26e-07 1.00e+00 1.00e-20 1.00e-20 
1.35e+14   71      0 1.00e-20 1.00e-20 1.00e-20 1.12e-19 6.46e-13 4.89e-07 1.00e+00 1.00e-20 1.00e-20 
1.42e+14   72      0 1.00e-20 1.00e-20 1.00e-20 1.59e-19 8.30e-13 5.56e-07 1.00e+00 1.00e-20 1.00e-20 
1.49e+14   73      0 1.00e-20 1.00e-20 1.00e-20 2.27e-19 1.07e-12 6.35e-07 1.00e+00 1.00e-20 1.00e-20 
1.57e+14   74      0 1.00e-20 1.00e-20 1.00e-20 3.25e-19 1.39e-12 7.26e-07 1.00e+00 1.00e-20 1.00e-20 
1.64e+14   75      0 1.00e-20 1.00e-20 1.00e-20 4.73e-19 1.82e-12 8.37e-07 1.00e+00 1.00e-20 1.00e-20 
1.73e+14   76      0 1.00e-20 1.00e-20 1.00e-20 6.89e-19 2.39e-12 9.64e-07 1.00e+00 1.00e-20 1.00e-20 
1.81e+14   77      0 1.00e-20 1.00e-20 1.00e-20 1.01e-18 3.15e-12 1.11e-06 1.00e+00 1.00e-20 1.00e-20 
1.90e+14   78      0 1.00e-20 1.00e-20 1.00e-20 1.43e-18 4.06e-12 1.27e-06 1.00e+00 1.00e-20 1.00e-20 
2.00e+14   79      0 1.00e-20 1.00e-20 1.00e-20 2.02e-18 5.22e-12 1.45e-06 1.00e+00 1.00e-20 1.00e-20 
2.10e+14   80      0 1.00e-20 1.00e-20 1.00e-20 2.82e-18 6.67e-12 1.65e-06 1.00e+00 1.00e-20 1.00e-20 
2.20e+14   81      0 1.00e-20 1.00e-20 1.00e-20 3.90e-18 8.43e-12 1.86e-06 1.00e+00 1.00e-20 1.00e-20 
2.31e+14   82      0 1.00e-20 1.00e-20 1.00e-20 5.37e-18 1.07e-11 2.11e-06 1.00e+00 1.00e-20 1.00e-20 
2.42e+14   83      0 1.00e-20 1.00e-20 1.00e-20 7.54e-18 1.37e-11 2.42e-06 1.00e+00 1.00e-20 1.00e-20 
2.55e+14   84      0 1.00e-20 1.00e-20 1.00e-20 1.05e-17 1.75e-11 2.75e-06 1.00e+00 1.00e-20 1.00e-20 
2.67e+14   85      0 1.00e-20 1.00e-20 1.00e-20 1.47e-17 2.24e-11 3.14e-06 1.00e+00 1.00e-20 1.00e-20 
2.80e+14   86      0 1.00e-20 1.00e-20 1.00e-20 1.99e-17 2.79e-11 3.51e-06 1.00e+00 1.00e-20 1.00e-20 
2.94e+14   87      0 1.00e-20 1.00e-20 1.00e-20 2.76e-17 3.55e-11 4.01e-06 1.00e+00 1.00e-20 1.00e-20 
3.09e+14   88      0 1.00e-20 1.00e-20 1.00e-20 3.80e-17 4.48e-11 4.54e-06 1.00e+00 1.00e-20 1.00e-20 
3.24e+14   89      0 1.00e-20 1.00e-20 1.00e-20 5.24e-17 5.70e-11 5.16e-06 1.00e+00 1.00e-20 1.00e-20 
3.41e+14   90      0 1.00e-20 1.00e-20 1.00e-20 7.35e-17 7.27e-11 5.87e-06 1.00e+00 1.00e-20 1.00e-20 
3.58e+14   91      0 1.00e-20 1.00e-20 1.00e-20 1.01e-16 9.17e-11 6.68e-06 1.00e+00 1.00e-20 1.00e-20 
3.75e+14   92      0 1.00e-20 1.00e-20 1.00e-20 1.35e-16 1.14e-10 7.51e-06 1.00e+00 1.00e-20 1.00e-20 
3.94e+14   93      0 1.00e-20 1.00e-20 1.00e-20 1.83e-16 1.42e-10 8.42e-06 1.00e+00 1.00e-20 1.00e-20 
4.14e+14   94      0 1.00e-20 1.00e-20 1.00e-20 2.47e-16 1.77e-10 9.55e-06 1.00e+00 1.00e-20 1.00e-20 
4.34e+14   95      0 1.00e-20 1.00e-20 1.00e-20 3.33e-16 2.20e-10 1.07e-05 1.00e+00 1.00e-20 1.00e-20 
4.56e+14   96      0 1.00e-20 1.00e-20 1.00e-20 4.44e-16 2.68e-10 1.18e-05 1.00e+00 1.00e-20 1.00e-20 
4.78e+14   97      0 1.00e-20 1.00e-20 1.00e-20 5.99e-16 3.40e-10 1.36e-05 1.00e+00 1.00e-20 1.00e-20 
5.02e+14   98      0 1.00e-20 1.00e-20 1.00e-20 8.11e-16 4.22e-10 1.53e-05 1.00e+00 1.00e-20 1.00e-20 
5.27e+14   99      0 1.00e-20 1.00e-20 1.00e-20 1.07e-15 5.09e-10 1.68e-05 1.00e+00 1.00e-20 1.00e-20 
5.53e+14  100      0 1.00e-20 1.00e-20 1.00e-20 1.43e-15 6.41e-10 1.93e-05 1.00e+00 1.00e-20 1.00e-20 
5.81e+14  101      0 1.00e-20 1.00e-20 1.00e-20 1.93e-15 7.81e-10 2.12e-05 1.00e+00 1.00e-20 1.00e-20 
6.10e+14  102      0 1.00e-20 1.00e-20 1.00e-20 2.62e-15 9.61e-10 2.35e-05 1.00e+00 1.00e-20 1.00e-20 
6.40e+14  103      0 1.00e-20 1.00e-20 1.00e-20 3.83e-15 1.27e-09 2.74e-05 1.00e+00 1.00e-20 1.00e-20 
6.72e+14  104     -1 0.00e+00 0.00e+00 0.00e+00 0.00e+00 0.00e+00 0.00e+00 0.00e+00 0.00e+00 0.00e+00 
7.06e+14  105     -1 0.00e+00 0.00e+00 0.00e+00 0.00e+00 0.00e+00 0.00e+00 0.00e+00 0.00e+00 0.00e+00 
