       r    i inwind      i01      i02      i03 
2.48e+13    0     -1 0.00e+00 0.00e+00 0.00e+00 
2.60e+13    1      0 1.68e-32 2.50e-10 1.00e+00 
2.73e+13    2      0 1.73e-32 2.00e-10 1.00e+00 
2.86e+13    3      0 1.79e-32 1.76e-10 1.00e+00 
3.01e+13    4      0 1.83e-32 1.63e-10 1.00e+00 
3.16e+13    5      0 1.89e-32 9.53e-11 1.00e+00 
3.31e+13    6      0 1.94e-32 1.15e-10 1.00e+00 
3.48e+13    7      0 1.97e-32 1.82e-10 1.00e+00 
3.65e+13    8      0 1.99e-32 1.43e-10 1.00e+00 
3.83e+13    9      0 2.00e-32 1.19e-10 1.00e+00 
4.02e+13   10      0 2.01e-32 1.50e-10 1.00e+00 
4.22e+13   11      0 2.04e-32 1.18e-10 1.00e+00 
4.43e+13   12      0 2.05e-32 1.17e-10 1.00e+00 
4.65e+13   13      0 2.08e-32 1.40e-10 1.00e+00 
4.88e+13   14      0 2.12e-32 9.75e-11 1.00e+00 
5.13e+13   15      0 2.16e-32 1.36e-10 1.00e+00 
5.38e+13   16      0 2.20e-32 1.18e-10 1.00e+00 
5.65e+13   17      0 2.28e-32 7.87e-11 1.00e+00 
5.93e+13   18      0 2.40e-32 7.70e-11 1.00e+00 
6.23e+13   19      0 2.55e-32 1.17e-10 1.00e+00 
6.54e+13   20      0 2.72e-32 1.47e-10 1.00e+00 
6.86e+13   21      0 3.00e-32 1.89e-10 1.00e+00 
7.20e+13   22      0 3.33e-32 1.40e-10 1.00e+00 
7.56e+13   23      0 3.70e-32 1.35e-10 1.00e+00 
7.94e+13   24      0 4.15e-32 2.27e-10 1.00e+00 
8.33e+13   25      0 4.72e-32 1.93e-10 1.00e+00 
8.75e+13   26      0 5.32e-32 2.22e-10 1.00e+00 
9.18e+13   27      0 5.91e-32 2.01e-10 1.00e+00 
9.64e+13   28      0 6.63e-32 2.05e-10 1.00e+00 
1.01e+14   29      0 7.38e-32 2.19e-10 1.00e+00 
1.06e+14   30      0 8.13e-32 2.48e-10 1.00e+00 
1.11e+14   31      0 8.92e-32 1.88e-10 1.00e+00 
1.17e+14   32      0 9.78e-32 1.36e-10 1.00e+00 
1.23e+14   33      0 1.07e-31 2.25e-10 1.00e+00 
1.29e+14   34      0 1.15e-31 2.42e-10 1.00e+00 
1.35e+14   35      0 1.24e-31 1.87e-10 1.00e+00 
1.42e+14   36      0 1.34e-31 2.80e-10 1.00e+00 
1.49e+14   37      0 1.43e-31 1.60e-10 1.00e+00 
1.57e+14   38      0 1.51e-31 3.25e-10 1.00e+00 
1.64e+14   39      0 1.60e-31 3.61e-10 1.00e+00 
1.73e+14   40      0 1.70e-31 3.47e-10 1.00e+00 
1.81e+14   41      0 1.79e-31 3.67e-10 1.00e+00 
1.90e+14   42      0 1.86e-31 3.87e-10 1.00e+00 
2.00e+14   43      0 1.95e-31 4.18e-10 1.00e+00 
2.10e+14   44      0 2.04e-31 4.94e-10 1.00e+00 
2.20e+14   45      0 2.12e-31 5.15e-10 1.00e+00 
2.31e+14   46      0 2.20e-31 5.68e-10 1.00e+00 
2.42e+14   47      0 2.31e-31 5.48e-10 1.00e+00 
2.55e+14   48      0 2.41e-31 5.62e-10 1.00e+00 
2.67e+14   49      0 2.49e-31 6.62e-10 1.00e+00 
2.80e+14   50      0 2.60e-31 6.68e-10 1.00e+00 
2.94e+14   51      0 2.69e-31 7.64e-10 1.00e+00 
3.09e+14   52      0 2.78e-31 8.82e-10 1.00e+00 
3.24e+14   53      0 2.86e-31 1.03e-09 1.00e+00 
3.41e+14   54      0 2.87e-31 1.46e-09 1.00e+00 
3.58e+14   55      0 2.97e-31 1.81e-09 1.00e+00 
3.75e+14   56      0 1.30e-20 2.34e-09 1.00e+00 
3.94e+14   57      0 7.16e-20 3.68e-09 1.00e+00 
4.14e+14   58      0 3.04e-19 5.78e-09 1.00e+00 
4.34e+14   59      0 1.25e-18 1.08e-08 1.00e+00 
4.56e+14   60      0 3.83e-18 2.61e-08 1.00e+00 
4.78e+14   61      0 1.02e-17 6.25e-08 1.00e+00 
5.02e+14   62      0 3.04e-17 1.68e-07 1.00e+00 
5.27e+14   63      0 9.55e-17 4.91e-07 1.00e+00 
5.53e+14   64      0 1.91e-16 9.13e-07 1.00e+00 
5.81e+14   65      0 4.01e-16 1.98e-06 1.00e+00 
6.10e+14   66      0 7.24e-16 3.46e-06 1.00e+00 
6.40e+14   67      0 2.08e-15 8.62e-06 1.00e+00 
6.72e+14   68     -1 0.00e+00 0.00e+00 0.00e+00 
7.06e+14   69     -1 0.00e+00 0.00e+00 0.00e+00 
