        r      rcen    i inwind converge     nband      nxtot        xj xave_freq  xsd_freq      fmin      fmax  fmin_mod  fmax_mod spec_mod_type  pl_alpha  pl_log_w  exp_temp     exp_w 
2.475e+13 2.537e+13    0     -1        0      0  0.00e+00  0.00e+00  0.00e+00  0.00e+00  0.00e+00  0.00e+00  0.00e+00  0.00e+00  0.00e+00  0.00e+00  0.00e+00  0.00e+00  0.00e+00 
2.598e+13 2.663e+13    1      0        0      0  7.15e+02  1.25e+13  8.32e+14  1.57e+14  2.15e+14  9.90e+14  2.15e+14  1.00e+15  2.00e+00  3.93e+00 -6.02e+01 -8.53e+03  2.58e-04 
2.728e+13 2.795e+13    2      0        0      0  3.00e+03  4.60e+13  7.79e+14  1.94e+14  1.74e+14  9.98e+14  1.74e+14  1.00e+15  2.00e+00  2.49e+00 -3.82e+01 -1.22e+04  3.71e-03 
2.863e+13 2.934e+13    3      0        0      0  6.21e+03  8.93e+13  7.29e+14  2.31e+14  1.26e+14  9.99e+14  1.26e+14  1.00e+15  2.00e+00  1.65e+00 -2.54e+01 -1.67e+04  1.58e-02 
3.006e+13 3.080e+13    4      0        0      0  8.93e+03  1.23e+14  7.58e+14  1.84e+14  1.26e+14  1.00e+15  1.26e+14  1.00e+15  1.00e+00  2.11e+00 -3.21e+01 -1.37e+04  1.35e-02 
3.155e+13 3.234e+13    5      0        0      0  1.46e+04  1.78e+14  7.05e+14  2.50e+14  1.17e+14  1.00e+15  1.17e+14  1.00e+15  2.00e+00  1.35e+00 -2.06e+01 -1.98e+04  4.32e-02 
3.312e+13 3.395e+13    6      0        0      0  2.05e+04  2.17e+14  7.62e+14  2.08e+14  1.17e+14  1.00e+15  1.17e+14  1.00e+15  2.00e+00  2.19e+00 -3.31e+01 -1.32e+04  2.16e-02 
3.477e+13 3.563e+13    7      0        0      0  2.35e+04  1.94e+14  7.90e+14  1.63e+14  1.10e+14  9.99e+14  1.10e+14  1.00e+15  1.00e+00  2.76e+00 -4.15e+01 -1.10e+04  1.09e-02 
3.650e+13 3.741e+13    8      0        0      0  2.78e+04  1.67e+14  7.77e+14  1.82e+14  1.06e+14  1.00e+15  1.06e+14  1.00e+15  1.00e+00  2.48e+00 -3.74e+01 -1.19e+04  1.23e-02 
3.832e+13 3.927e+13    9      0        0      0  3.06e+04  1.63e+14  7.64e+14  1.62e+14  1.09e+14  1.00e+15  1.09e+14  1.00e+15  1.00e+00  2.22e+00 -3.36e+01 -1.30e+04  1.56e-02 
4.022e+13 4.122e+13   10      0        0      0  3.04e+04  1.36e+14  7.33e+14  1.82e+14  1.24e+14  1.00e+15  1.24e+14  1.00e+15  1.00e+00  1.71e+00 -2.61e+01 -1.63e+04  2.27e-02 
4.222e+13 4.327e+13   11      0        0      0  3.63e+04  1.30e+14  7.33e+14  2.08e+14  1.05e+14  1.00e+15  1.05e+14  1.00e+15  1.00e+00  1.72e+00 -2.62e+01 -1.60e+04  2.07e-02 
4.432e+13 4.543e+13   12      0        0      0  4.20e+04  1.06e+14  7.45e+14  1.91e+14  1.02e+14  1.00e+15  1.00e+14  1.00e+15  1.00e+00  1.91e+00 -2.91e+01 -1.46e+04  1.38e-02 
4.653e+13 4.769e+13   13      0        0      0  4.98e+04  1.15e+14  7.38e+14  2.19e+14  1.09e+14  1.00e+15  1.09e+14  1.00e+15  2.00e+00  1.80e+00 -2.76e+01 -1.54e+04  1.68e-02 
4.884e+13 5.006e+13   14      0        0      0  5.69e+04  1.02e+14  7.49e+14  2.11e+14  1.09e+14  1.00e+15  1.09e+14  1.00e+15  2.00e+00  1.97e+00 -3.01e+01 -1.43e+04  1.26e-02 
5.127e+13 5.255e+13   15      0        0      0  7.08e+04  1.18e+14  7.21e+14  2.00e+14  1.04e+14  1.00e+15  1.04e+14  1.00e+15  1.00e+00  1.56e+00 -2.39e+01 -1.73e+04  2.23e-02 
5.382e+13 5.516e+13   16      0        0      0  7.76e+04  1.11e+14  7.15e+14  2.09e+14  1.05e+14  1.00e+15  1.05e+14  1.00e+15  1.00e+00  1.48e+00 -2.28e+01 -1.80e+04  2.26e-02 
5.650e+13 5.791e+13   17      0        0      0  1.04e+05  1.24e+14  7.37e+14  2.18e+14  1.02e+14  1.00e+15  1.00e+14  1.00e+15  2.00e+00  1.79e+00 -2.72e+01 -1.54e+04  1.83e-02 
5.931e+13 6.079e+13   18      0        0      0  1.18e+05  1.30e+14  7.65e+14  2.00e+14  1.06e+14  1.00e+15  1.06e+14  1.00e+15  2.00e+00  2.26e+00 -3.42e+01 -1.28e+04  1.19e-02 
6.226e+13 6.381e+13   19      0        0      0  1.32e+05  1.28e+14  7.65e+14  1.99e+14  1.02e+14  1.00e+15  1.00e+14  1.00e+15  2.00e+00  2.25e+00 -3.42e+01 -1.28e+04  1.17e-02 
6.536e+13 6.699e+13   20      0        0      0  1.44e+05  1.21e+14  7.64e+14  2.05e+14  1.01e+14  1.00e+15  1.00e+14  1.00e+15  2.00e+00  2.22e+00 -3.37e+01 -1.29e+04  1.14e-02 
6.861e+13 7.032e+13   21      0        0      0  1.44e+05  1.12e+14  7.60e+14  1.97e+14  1.00e+14  1.00e+15  1.00e+14  1.00e+15  2.00e+00  2.16e+00 -3.29e+01 -1.32e+04  1.12e-02 
7.203e+13 7.382e+13   22      0        0      0  1.47e+05  1.05e+14  7.59e+14  2.02e+14  1.00e+14  1.00e+15  1.00e+14  1.00e+15  2.00e+00  2.14e+00 -3.26e+01 -1.33e+04  1.08e-02 
7.561e+13 7.749e+13   23      0        0      0  1.41e+05  9.85e+13  7.49e+14  2.08e+14  1.06e+14  1.00e+15  1.06e+14  1.00e+15  2.00e+00  1.97e+00 -3.00e+01 -1.43e+04  1.21e-02 
7.937e+13 8.134e+13   24      0        0      0  1.32e+05  8.53e+13  7.61e+14  1.93e+14  1.00e+14  1.00e+15  1.00e+14  1.00e+15  1.00e+00  2.17e+00 -3.31e+01 -1.32e+04  8.48e-03 
8.332e+13 8.539e+13   25      0        0      0  1.27e+05  7.54e+13  7.69e+14  1.87e+14  1.00e+14  1.00e+15  1.00e+14  1.00e+15  1.00e+00  2.32e+00 -3.54e+01 -1.25e+04  6.45e-03 
8.746e+13 8.964e+13   26      0        0      0  1.24e+05  7.00e+13  7.37e+14  1.95e+14  1.05e+14  1.00e+15  1.05e+14  1.00e+15  1.00e+00  1.79e+00 -2.75e+01 -1.55e+04  1.04e-02 
9.181e+13 9.410e+13   27      0        0      0  1.22e+05  6.36e+13  7.35e+14  1.98e+14  1.09e+14  1.00e+15  1.09e+14  1.00e+15  1.00e+00  1.75e+00 -2.70e+01 -1.58e+04  9.87e-03 
9.638e+13 9.878e+13   28      0        0      0  1.16e+05  5.60e+13  7.32e+14  1.98e+14  1.02e+14  1.00e+15  1.00e+14  1.00e+15  1.00e+00  1.71e+00 -2.65e+01 -1.60e+04  8.94e-03 
1.012e+14 1.037e+14   29      0        0      0  1.17e+05  5.38e+13  7.36e+14  1.96e+14  1.02e+14  1.00e+15  1.00e+14  1.00e+15  1.00e+00  1.78e+00 -2.75e+01 -1.55e+04  7.99e-03 
1.062e+14 1.089e+14   30      0        0      0  1.17e+05  5.22e+13  7.55e+14  1.97e+14  1.02e+14  1.00e+15  1.00e+14  1.00e+15  1.00e+00  2.06e+00 -3.18e+01 -1.37e+04  5.76e-03 
1.115e+14 1.143e+14   31      0        0      0  1.22e+05  5.20e+13  7.50e+14  1.95e+14  1.04e+14  1.00e+15  1.04e+14  1.00e+15  1.00e+00  1.99e+00 -3.06e+01 -1.42e+04  6.25e-03 
1.170e+14 1.200e+14   32      0        0      0  1.18e+05  4.80e+13  7.41e+14  1.95e+14  1.11e+14  1.00e+15  1.11e+14  1.00e+15  1.00e+00  1.84e+00 -2.85e+01 -1.51e+04  6.78e-03 
1.229e+14 1.259e+14   33      0        0      0  1.18e+05  4.52e+13  7.46e+14  1.93e+14  1.03e+14  1.00e+15  1.03e+14  1.00e+15  1.00e+00  1.93e+00 -2.98e+01 -1.45e+04  5.75e-03 
1.290e+14 1.322e+14   34      0        0      0  1.21e+05  4.49e+13  7.48e+14  1.90e+14  1.03e+14  1.00e+15  1.03e+14  1.00e+15  1.00e+00  1.96e+00 -3.03e+01 -1.43e+04  5.56e-03 
1.354e+14 1.388e+14   35      0        0      0  1.20e+05  4.22e+13  7.51e+14  1.81e+14  1.05e+14  1.00e+15  1.05e+14  1.00e+15  1.00e+00  2.00e+00 -3.09e+01 -1.41e+04  5.01e-03 
1.421e+14 1.457e+14   36      0        0      0  1.17e+05  3.69e+13  7.52e+14  1.84e+14  1.07e+14  1.00e+15  1.07e+14  1.00e+15  1.00e+00  2.03e+00 -3.13e+01 -1.40e+04  4.30e-03 
1.492e+14 1.529e+14   37      0        0      0  1.16e+05  3.30e+13  7.47e+14  1.90e+14  1.06e+14  1.00e+15  1.06e+14  1.00e+15  1.00e+00  1.94e+00 -3.01e+01 -1.45e+04  4.18e-03 
1.566e+14 1.605e+14   38      0        0      0  1.18e+05  3.00e+13  7.44e+14  1.88e+14  1.04e+14  1.00e+15  1.04e+14  1.00e+15  1.00e+00  1.89e+00 -2.94e+01 -1.48e+04  4.00e-03 
1.644e+14 1.685e+14   39      0        0      0  1.21e+05  2.79e+13  7.43e+14  1.92e+14  1.04e+14  1.00e+15  1.04e+14  1.00e+15  1.00e+00  1.87e+00 -2.91e+01 -1.49e+04  3.79e-03 
1.726e+14 1.769e+14   40      0        0      0  1.22e+05  2.58e+13  7.42e+14  1.95e+14  1.04e+14  1.00e+15  1.04e+14  1.00e+15  1.00e+00  1.87e+00 -2.91e+01 -1.49e+04  3.52e-03 
1.812e+14 1.857e+14   41      0        0      0  1.24e+05  2.34e+13  7.34e+14  1.94e+14  1.03e+14  1.00e+15  1.03e+14  1.00e+15  1.00e+00  1.74e+00 -2.72e+01 -1.58e+04  3.65e-03 
1.902e+14 1.949e+14   42      0        0      0  1.31e+05  2.25e+13  7.42e+14  1.90e+14  1.02e+14  1.00e+15  1.00e+14  1.00e+15  1.00e+00  1.86e+00 -2.91e+01 -1.49e+04  3.07e-03 
1.997e+14 2.046e+14   43      0        0      0  1.38e+05  2.10e+13  7.45e+14  1.89e+14  1.00e+14  1.00e+15  1.00e+14  1.00e+15  1.00e+00  1.90e+00 -2.97e+01 -1.46e+04  2.74e-03 
2.096e+14 2.148e+14   44      0        0      0  1.42e+05  1.98e+13  7.46e+14  1.86e+14  1.01e+14  1.00e+15  1.00e+14  1.00e+15  1.00e+00  1.92e+00 -3.01e+01 -1.45e+04  2.54e-03 
2.200e+14 2.255e+14   45      0        0      0  1.51e+05  1.87e+13  7.55e+14  1.85e+14  1.01e+14  1.00e+15  1.00e+14  1.00e+15  1.00e+00  2.07e+00 -3.23e+01 -1.37e+04  2.05e-03 
2.310e+14 2.367e+14   46      0        0      0  1.62e+05  1.77e+13  7.55e+14  1.83e+14  1.01e+14  1.00e+15  1.00e+14  1.00e+15  1.00e+00  2.08e+00 -3.25e+01 -1.36e+04  1.93e-03 
2.425e+14 2.485e+14   47      0        0      0  1.70e+05  1.73e+13  7.56e+14  1.88e+14  1.02e+14  1.00e+15  1.02e+14  1.00e+15  1.00e+00  2.08e+00 -3.25e+01 -1.36e+04  1.88e-03 
2.545e+14 2.608e+14   48      0        0      0  1.81e+05  1.62e+13  7.59e+14  1.84e+14  1.02e+14  1.00e+15  1.02e+14  1.00e+15  1.00e+00  2.14e+00 -3.34e+01 -1.33e+04  1.66e-03 
2.672e+14 2.738e+14   49      0        0      0  1.90e+05  1.53e+13  7.63e+14  1.86e+14  1.03e+14  1.00e+15  1.03e+14  1.00e+15  1.00e+00  2.22e+00 -3.46e+01 -1.30e+04  1.45e-03 
2.805e+14 2.874e+14   50      0        0      0  1.99e+05  1.39e+13  7.65e+14  1.82e+14  1.03e+14  1.00e+15  1.03e+14  1.00e+15  1.00e+00  2.26e+00 -3.52e+01 -1.28e+04  1.27e-03 
2.944e+14 3.017e+14   51      0        0      0  2.18e+05  1.36e+13  7.62e+14  1.87e+14  1.01e+14  1.00e+15  1.00e+14  1.00e+15  1.00e+00  2.19e+00 -3.43e+01 -1.31e+04  1.32e-03 
3.091e+14 3.168e+14   52      0        0      0  2.47e+05  1.31e+13  7.63e+14  1.86e+14  1.01e+14  1.00e+15  1.00e+14  1.00e+15  1.00e+00  2.21e+00 -3.45e+01 -1.30e+04  1.25e-03 
3.244e+14 3.325e+14   53      0        0      0  2.69e+05  1.21e+13  7.55e+14  1.92e+14  1.01e+14  1.00e+15  1.00e+14  1.00e+15  1.00e+00  2.07e+00 -3.24e+01 -1.37e+04  1.33e-03 
3.406e+14 3.491e+14   54      0        0      0  3.16e+05  1.14e+13  7.49e+14  1.91e+14  1.01e+14  1.00e+15  1.00e+14  1.00e+15  1.00e+00  1.97e+00 -3.11e+01 -1.42e+04  1.39e-03 
3.575e+14 3.664e+14   55      0        0      0  3.49e+05  1.08e+13  7.47e+14  1.96e+14  1.02e+14  1.00e+15  1.00e+14  1.00e+15  1.00e+00  1.94e+00 -3.06e+01 -1.44e+04  1.36e-03 
3.753e+14 3.847e+14   56      0        0      0  3.75e+05  1.01e+13  7.45e+14  1.98e+14  1.01e+14  1.00e+15  1.00e+14  1.00e+15  1.00e+00  1.91e+00 -3.01e+01 -1.46e+04  1.32e-03 
3.940e+14 4.038e+14   57      0        0      0  4.08e+05  9.51e+12  7.40e+14  2.00e+14  1.00e+14  1.00e+15  1.00e+14  1.00e+15  1.00e+00  1.84e+00 -2.91e+01 -1.51e+04  1.33e-03 
4.136e+14 4.239e+14   58      0        0      0  4.35e+05  8.70e+12  7.48e+14  1.97e+14  1.00e+14  1.00e+15  1.00e+14  1.00e+15  1.00e+00  1.96e+00 -3.10e+01 -1.43e+04  1.07e-03 
4.342e+14 4.450e+14   59      0        0      0  4.45e+05  7.62e+12  7.42e+14  2.00e+14  1.00e+14  1.00e+15  1.00e+14  1.00e+15  1.00e+00  1.87e+00 -2.97e+01 -1.49e+04  1.03e-03 
4.558e+14 4.671e+14   60      0        0      0  4.33e+05  6.41e+12  7.38e+14  1.99e+14  1.00e+14  1.00e+15  1.00e+14  1.00e+15  1.00e+00  1.80e+00 -2.87e+01 -1.53e+04  9.35e-04 
4.784e+14 4.903e+14   61      0        0      0  3.90e+05  5.11e+12  7.31e+14  2.02e+14  1.00e+14  1.00e+15  1.00e+14  1.00e+15  1.00e+00  1.71e+00 -2.75e+01 -1.60e+04  8.18e-04 
5.022e+14 5.147e+14   62      0        0      0  2.87e+05  3.79e+12  7.30e+14  2.01e+14  1.00e+14  1.00e+15  1.00e+14  1.00e+15  1.00e+00  1.69e+00 -2.73e+01 -1.61e+04  6.18e-04 
5.272e+14 5.403e+14   63      0        0      0  1.80e+05  2.66e+12  7.25e+14  2.05e+14  1.00e+14  1.00e+15  1.00e+14  1.00e+15  1.00e+00  1.61e+00 -2.63e+01 -1.68e+04  4.71e-04 
5.535e+14 5.672e+14   64      0        0      0  9.36e+04  1.69e+12  7.25e+14  2.04e+14  1.00e+14  1.00e+15  1.00e+14  1.00e+15  1.00e+00  1.62e+00 -2.66e+01 -1.67e+04  2.98e-04 
5.810e+14 5.954e+14   65      0        0      0  3.78e+04  9.41e+11  7.21e+14  2.14e+14  1.00e+14  1.00e+15  1.00e+14  1.00e+15  1.00e+00  1.56e+00 -2.60e+01 -1.72e+04  1.76e-04 
6.099e+14 6.251e+14   66      0        0      0  1.64e+04  5.11e+11  7.08e+14  2.19e+14  1.00e+14  1.00e+15  1.00e+14  1.00e+15  1.00e+00  1.40e+00 -2.39e+01 -1.89e+04  1.14e-04 
6.402e+14 6.562e+14   67      0        0      0  8.11e+03  2.63e+11  7.13e+14  2.14e+14  1.08e+14  1.00e+15  1.00e+14  1.00e+15  1.00e+00  1.45e+00 -2.50e+01 -1.83e+04  5.53e-05 
6.721e+14 6.888e+14   68     -1        0      0  0.00e+00  0.00e+00  0.00e+00  0.00e+00  0.00e+00  0.00e+00  0.00e+00  0.00e+00  0.00e+00  0.00e+00  0.00e+00  0.00e+00  0.00e+00 
7.055e+14 7.091e+14   69     -1        0      0  0.00e+00  0.00e+00  0.00e+00  0.00e+00  0.00e+00  0.00e+00  0.00e+00  0.00e+00  0.00e+00  0.00e+00  0.00e+00  0.00e+00  0.00e+00 
2.475e+13 2.537e+13    0     -1        0      1  0.00e+00  0.00e+00  0.00e+00  0.00e+00  0.00e+00  0.00e+00  0.00e+00  0.00e+00  0.00e+00  0.00e+00  0.00e+00  0.00e+00  0.00e+00 
2.598e+13 2.663e+13    1      0        0      1  8.42e+04  3.25e+15  2.41e+15  5.62e+14  1.02e+15  3.16e+15  1.02e+15  3.16e+15  2.00e+00  1.88e+00 -2.87e+01 -5.42e+04  2.06e-01 
2.728e+13 2.795e+13    2      0        0      1  1.78e+05  3.51e+15  2.39e+15  5.52e+14  1.01e+15  3.16e+15  1.01e+15  3.16e+15  1.00e+00  1.78e+00 -2.70e+01 -5.70e+04  2.47e-01 
2.863e+13 2.934e+13    3      0        0      1  2.88e+05  3.69e+15  2.39e+15  5.62e+14  1.00e+15  3.16e+15  1.00e+15  3.16e+15  1.00e+00  1.78e+00 -2.71e+01 -5.68e+04  2.56e-01 
3.006e+13 3.080e+13    4      0        0      1  4.17e+05  3.97e+15  2.41e+15  5.41e+14  1.00e+15  3.16e+15  1.00e+15  3.16e+15  1.00e+00  1.93e+00 -2.93e+01 -5.28e+04  2.37e-01 
3.155e+13 3.234e+13    5      0        0      1  5.87e+05  4.39e+15  2.42e+15  5.50e+14  1.00e+15  3.16e+15  1.00e+15  3.16e+15  1.00e+00  1.94e+00 -2.95e+01 -5.24e+04  2.58e-01 
3.312e+13 3.395e+13    6      0        0      1  7.84e+05  4.77e+15  2.41e+15  5.59e+14  1.00e+15  3.16e+15  1.00e+15  3.16e+15  1.00e+00  1.88e+00 -2.85e+01 -5.40e+04  2.98e-01 
3.477e+13 3.563e+13    7      0        0      1  1.04e+06  5.22e+15  2.40e+15  5.44e+14  1.00e+15  3.16e+15  1.00e+15  3.16e+15  1.00e+00  1.86e+00 -2.81e+01 -5.46e+04  3.34e-01 
3.650e+13 3.741e+13    8      0        0      1  1.32e+06  5.37e+15  2.41e+15  5.31e+14  1.00e+15  3.16e+15  1.00e+15  3.16e+15  1.00e+00  1.90e+00 -2.87e+01 -5.36e+04  3.31e-01 
3.832e+13 3.927e+13    9      0        0      1  1.66e+06  5.51e+15  2.43e+15  5.24e+14  1.00e+15  3.16e+15  1.00e+15  3.16e+15  1.00e+00  2.05e+00 -3.11e+01 -4.98e+04  2.87e-01 
4.022e+13 4.122e+13   10      0        0      1  2.07e+06  5.68e+15  2.43e+15  5.30e+14  1.00e+15  3.16e+15  1.00e+15  3.16e+15  1.00e+00  2.06e+00 -3.11e+01 -4.97e+04  2.95e-01 
4.222e+13 4.327e+13   11      0        0      1  2.53e+06  5.80e+15  2.43e+15  5.36e+14  1.00e+15  3.16e+15  1.00e+15  3.16e+15  1.00e+00  2.08e+00 -3.14e+01 -4.93e+04  2.96e-01 
4.432e+13 4.543e+13   12      0        0      1  3.06e+06  5.85e+15  2.45e+15  5.37e+14  1.00e+15  3.16e+15  1.00e+15  3.16e+15  1.00e+00  2.17e+00 -3.29e+01 -4.73e+04  2.70e-01 
4.653e+13 4.769e+13   13      0        0      1  3.74e+06  5.87e+15  2.46e+15  5.34e+14  1.00e+15  3.16e+15  1.00e+15  3.16e+15  1.00e+00  2.25e+00 -3.40e+01 -4.58e+04  2.50e-01 
4.884e+13 5.006e+13   14      0        0      1  4.41e+06  5.77e+15  2.46e+15  5.36e+14  1.00e+15  3.16e+15  1.00e+15  3.16e+15  1.00e+00  2.23e+00 -3.38e+01 -4.61e+04  2.49e-01 
5.127e+13 5.255e+13   15      0        0      1  5.21e+06  5.76e+15  2.45e+15  5.40e+14  1.00e+15  3.16e+15  1.00e+15  3.16e+15  1.00e+00  2.18e+00 -3.30e+01 -4.72e+04  2.64e-01 
5.382e+13 5.516e+13   16      0        0      1  6.07e+06  5.66e+15  2.46e+15  5.38e+14  1.00e+15  3.16e+15  1.00e+15  3.16e+15  1.00e+00  2.23e+00 -3.38e+01 -4.62e+04  2.46e-01 
5.650e+13 5.791e+13   17      0        0      1  6.99e+06  5.59e+15  2.46e+15  5.34e+14  1.00e+15  3.16e+15  1.00e+15  3.16e+15  1.00e+00  2.24e+00 -3.39e+01 -4.60e+04  2.41e-01 
5.931e+13 6.079e+13   18      0        0      1  7.84e+06  5.52e+15  2.46e+15  5.33e+14  1.00e+15  3.16e+15  1.00e+15  3.16e+15  1.00e+00  2.26e+00 -3.43e+01 -4.56e+04  2.32e-01 
6.226e+13 6.381e+13   19      0        0      1  8.64e+06  5.39e+15  2.47e+15  5.23e+14  1.00e+15  3.16e+15  1.00e+15  3.16e+15  1.00e+00  2.34e+00 -3.55e+01 -4.41e+04  2.08e-01 
6.536e+13 6.699e+13   20      0        0      1  9.31e+06  5.26e+15  2.49e+15  5.15e+14  1.00e+15  3.16e+15  1.00e+15  3.16e+15  1.00e+00  2.46e+00 -3.74e+01 -4.22e+04  1.79e-01 
6.861e+13 7.032e+13   21      0        0      1  9.54e+06  4.99e+15  2.49e+15  5.17e+14  1.00e+15  3.16e+15  1.00e+15  3.16e+15  1.00e+00  2.48e+00 -3.76e+01 -4.20e+04  1.68e-01 
7.203e+13 7.382e+13   22      0        0      1  9.79e+06  4.84e+15  2.49e+15  5.13e+14  1.00e+15  3.16e+15  1.00e+15  3.16e+15  1.00e+00  2.54e+00 -3.86e+01 -4.11e+04  1.53e-01 
7.561e+13 7.749e+13   23      0        0      1  9.82e+06  4.63e+15  2.49e+15  5.11e+14  1.00e+15  3.16e+15  1.00e+15  3.16e+15  1.00e+00  2.52e+00 -3.84e+01 -4.13e+04  1.48e-01 
7.937e+13 8.134e+13   24      0        0      1  9.73e+06  4.41e+15  2.49e+15  5.11e+14  1.00e+15  3.16e+15  1.00e+15  3.16e+15  1.00e+00  2.51e+00 -3.81e+01 -4.15e+04  1.44e-01 
8.332e+13 8.539e+13   25      0        0      1  9.34e+06  4.15e+15  2.49e+15  5.10e+14  1.00e+15  3.16e+15  1.00e+15  3.16e+15  1.00e+00  2.50e+00 -3.81e+01 -4.16e+04  1.36e-01 
8.746e+13 8.964e+13   26      0        0      1  8.97e+06  3.84e+15  2.49e+15  5.10e+14  1.00e+15  3.16e+15  1.00e+15  3.16e+15  1.00e+00  2.54e+00 -3.87e+01 -4.10e+04  1.21e-01 
9.181e+13 9.410e+13   27      0        0      1  8.66e+06  3.53e+15  2.50e+15  5.10e+14  1.00e+15  3.16e+15  1.00e+15  3.16e+15  1.00e+00  2.54e+00 -3.88e+01 -4.10e+04  1.10e-01 
9.638e+13 9.878e+13   28      0        0      1  8.24e+06  3.22e+15  2.49e+15  5.11e+14  1.00e+15  3.16e+15  1.00e+15  3.16e+15  1.00e+00  2.52e+00 -3.85e+01 -4.13e+04  1.03e-01 
1.012e+14 1.037e+14   29      0        0      1  7.86e+06  2.95e+15  2.49e+15  5.08e+14  1.00e+15  3.16e+15  1.00e+15  3.16e+15  1.00e+00  2.53e+00 -3.87e+01 -4.11e+04  9.35e-02 
1.062e+14 1.089e+14   30      0        0      1  7.49e+06  2.69e+15  2.49e+15  5.08e+14  1.00e+15  3.16e+15  1.00e+15  3.16e+15  1.00e+00  2.53e+00 -3.87e+01 -4.12e+04  8.55e-02 
1.115e+14 1.143e+14   31      0        0      1  7.18e+06  2.44e+15  2.49e+15  5.07e+14  1.00e+15  3.16e+15  1.00e+15  3.16e+15  1.00e+00  2.50e+00 -3.83e+01 -4.16e+04  7.98e-02 
1.170e+14 1.200e+14   32      0        0      1  6.84e+06  2.20e+15  2.49e+15  5.07e+14  1.00e+15  3.16e+15  1.00e+15  3.16e+15  1.00e+00  2.48e+00 -3.80e+01 -4.19e+04  7.36e-02 
1.229e+14 1.259e+14   33      0        0      1  6.56e+06  1.99e+15  2.49e+15  5.09e+14  1.00e+15  3.16e+15  1.00e+15  3.16e+15  1.00e+00  2.50e+00 -3.85e+01 -4.15e+04  6.50e-02 
1.290e+14 1.322e+14   34      0        0      1  6.35e+06  1.80e+15  2.49e+15  5.09e+14  1.00e+15  3.16e+15  1.00e+15  3.16e+15  1.00e+00  2.54e+00 -3.90e+01 -4.11e+04  5.69e-02 
1.354e+14 1.388e+14   35      0        0      1  6.24e+06  1.66e+15  2.49e+15  5.13e+14  1.00e+15  3.16e+15  1.00e+15  3.16e+15  1.00e+00  2.49e+00 -3.83e+01 -4.17e+04  5.49e-02 
1.421e+14 1.457e+14   36      0        0      1  6.07e+06  1.53e+15  2.49e+15  5.14e+14  1.00e+15  3.16e+15  1.00e+15  3.16e+15  1.00e+00  2.47e+00 -3.81e+01 -4.20e+04  5.15e-02 
1.492e+14 1.529e+14   37      0        0      1  5.96e+06  1.40e+15  2.48e+15  5.13e+14  1.00e+15  3.16e+15  1.00e+15  3.16e+15  1.00e+00  2.45e+00 -3.78e+01 -4.23e+04  4.81e-02 
1.566e+14 1.605e+14   38      0        0      1  5.93e+06  1.28e+15  2.48e+15  5.10e+14  1.00e+15  3.16e+15  1.00e+15  3.16e+15  1.00e+00  2.44e+00 -3.76e+01 -4.26e+04  4.47e-02 
1.644e+14 1.685e+14   39      0        0      1  5.89e+06  1.17e+15  2.48e+15  5.10e+14  1.00e+15  3.16e+15  1.00e+15  3.16e+15  1.00e+00  2.42e+00 -3.74e+01 -4.28e+04  4.16e-02 
1.726e+14 1.769e+14   40      0        0      1  5.88e+06  1.08e+15  2.48e+15  5.11e+14  1.00e+15  3.16e+15  1.00e+15  3.16e+15  1.00e+00  2.41e+00 -3.74e+01 -4.29e+04  3.86e-02 
1.812e+14 1.857e+14   41      0        0      1  5.94e+06  9.94e+14  2.48e+15  5.11e+14  1.00e+15  3.16e+15  1.00e+15  3.16e+15  1.00e+00  2.40e+00 -3.72e+01 -4.32e+04  3.61e-02 
1.902e+14 1.949e+14   42      0        0      1  6.08e+06  9.26e+14  2.48e+15  5.11e+14  1.00e+15  3.16e+15  1.00e+15  3.16e+15  1.00e+00  2.41e+00 -3.73e+01 -4.30e+04  3.34e-02 
1.997e+14 2.046e+14   43      0        0      1  6.16e+06  8.42e+14  2.48e+15  5.09e+14  1.00e+15  3.16e+15  1.00e+15  3.16e+15  1.00e+00  2.39e+00 -3.70e+01 -4.34e+04  3.11e-02 
2.096e+14 2.148e+14   44      0        0      1  6.29e+06  7.75e+14  2.47e+15  5.08e+14  1.00e+15  3.16e+15  1.00e+15  3.16e+15  1.00e+00  2.36e+00 -3.67e+01 -4.38e+04  2.93e-02 
2.200e+14 2.255e+14   45      0        0      1  6.48e+06  7.17e+14  2.47e+15  5.08e+14  1.00e+15  3.16e+15  1.00e+15  3.16e+15  1.00e+00  2.35e+00 -3.65e+01 -4.41e+04  2.76e-02 
2.310e+14 2.367e+14   46      0        0      1  6.74e+06  6.65e+14  2.47e+15  5.10e+14  1.00e+15  3.16e+15  1.00e+15  3.16e+15  1.00e+00  2.33e+00 -3.63e+01 -4.43e+04  2.60e-02 
2.425e+14 2.485e+14   47      0        0      1  6.89e+06  6.14e+14  2.47e+15  5.10e+14  1.00e+15  3.16e+15  1.00e+15  3.16e+15  1.00e+00  2.31e+00 -3.60e+01 -4.47e+04  2.45e-02 
2.545e+14 2.608e+14   48      0        0      1  7.17e+06  5.69e+14  2.46e+15  5.13e+14  1.00e+15  3.16e+15  1.00e+15  3.16e+15  1.00e+00  2.25e+00 -3.51e+01 -4.58e+04  2.42e-02 
2.672e+14 2.738e+14   49      0        0      1  7.55e+06  5.29e+14  2.45e+15  5.14e+14  1.00e+15  3.16e+15  1.00e+15  3.16e+15  1.00e+00  2.21e+00 -3.45e+01 -4.65e+04  2.34e-02 
2.805e+14 2.874e+14   50      0        0      1  7.95e+06  4.93e+14  2.45e+15  5.16e+14  1.00e+15  3.16e+15  1.00e+15  3.16e+15  1.00e+00  2.19e+00 -3.42e+01 -4.70e+04  2.24e-02 
2.944e+14 3.017e+14   51      0        0      1  8.42e+06  4.60e+14  2.44e+15  5.19e+14  1.00e+15  3.16e+15  1.00e+15  3.16e+15  1.00e+00  2.12e+00 -3.32e+01 -4.83e+04  2.23e-02 
3.091e+14 3.168e+14   52      0        0      1  8.91e+06  4.28e+14  2.44e+15  5.19e+14  1.00e+15  3.16e+15  1.00e+15  3.16e+15  1.00e+00  2.09e+00 -3.28e+01 -4.89e+04  2.14e-02 
3.244e+14 3.325e+14   53      0        0      1  9.48e+06  3.96e+14  2.43e+15  5.22e+14  1.00e+15  3.16e+15  1.00e+15  3.16e+15  1.00e+00  2.02e+00 -3.17e+01 -5.05e+04  2.14e-02 
3.406e+14 3.491e+14   54      0        0      1  1.04e+07  3.70e+14  2.42e+15  5.26e+14  1.00e+15  3.16e+15  1.00e+15  3.16e+15  1.00e+00  1.96e+00 -3.08e+01 -5.20e+04  2.13e-02 
3.575e+14 3.664e+14   55      0        0      1  1.10e+07  3.42e+14  2.41e+15  5.31e+14  1.00e+15  3.16e+15  1.00e+15  3.16e+15  1.00e+00  1.89e+00 -2.97e+01 -5.39e+04  2.13e-02 
3.753e+14 3.847e+14   56      0        0      1  1.15e+07  3.11e+14  2.40e+15  5.33e+14  1.00e+15  3.16e+15  1.00e+15  3.16e+15  1.00e+00  1.84e+00 -2.90e+01 -5.52e+04  2.04e-02 
3.940e+14 4.038e+14   57      0        0      1  1.20e+07  2.78e+14  2.39e+15  5.35e+14  1.00e+15  3.16e+15  1.00e+15  3.16e+15  1.00e+00  1.79e+00 -2.84e+01 -5.64e+04  1.91e-02 
4.136e+14 4.239e+14   58      0        0      1  1.21e+07  2.44e+14  2.39e+15  5.36e+14  1.00e+15  3.16e+15  1.00e+15  3.16e+15  1.00e+00  1.76e+00 -2.79e+01 -5.74e+04  1.74e-02 
4.342e+14 4.450e+14   59      0        0      1  1.19e+07  2.09e+14  2.39e+15  5.38e+14  1.00e+15  3.16e+15  1.00e+15  3.16e+15  1.00e+00  1.74e+00 -2.77e+01 -5.81e+04  1.52e-02 
4.558e+14 4.671e+14   60      0        0      1  1.11e+07  1.73e+14  2.38e+15  5.36e+14  1.00e+15  3.16e+15  1.00e+15  3.16e+15  1.00e+00  1.72e+00 -2.74e+01 -5.88e+04  1.29e-02 
4.784e+14 4.903e+14   61      0        0      1  9.71e+06  1.35e+14  2.38e+15  5.35e+14  1.00e+15  3.16e+15  1.00e+15  3.16e+15  1.00e+00  1.70e+00 -2.73e+01 -5.92e+04  1.02e-02 
5.022e+14 5.147e+14   62      0        0      1  7.00e+06  9.73e+13  2.38e+15  5.34e+14  1.00e+15  3.16e+15  1.00e+15  3.16e+15  1.00e+00  1.68e+00 -2.72e+01 -5.99e+04  7.51e-03 
5.272e+14 5.403e+14   63      0        0      1  4.12e+06  6.39e+13  2.38e+15  5.33e+14  1.00e+15  3.16e+15  1.00e+15  3.16e+15  1.00e+00  1.67e+00 -2.71e+01 -6.04e+04  5.01e-03 
5.535e+14 5.672e+14   64      0        0      1  2.07e+06  3.82e+13  2.37e+15  5.33e+14  1.00e+15  3.16e+15  1.00e+15  3.16e+15  1.00e+00  1.64e+00 -2.69e+01 -6.14e+04  3.09e-03 
5.810e+14 5.954e+14   65      0        0      1  8.42e+05  2.16e+13  2.36e+15  5.34e+14  1.00e+15  3.16e+15  1.00e+15  3.16e+15  1.00e+00  1.58e+00 -2.62e+01 -6.36e+04  1.86e-03 
6.099e+14 6.251e+14   66      0        0      1  3.56e+05  1.17e+13  2.36e+15  5.36e+14  1.00e+15  3.16e+15  1.00e+15  3.16e+15  1.00e+00  1.58e+00 -2.65e+01 -6.36e+04  1.01e-03 
6.402e+14 6.562e+14   67      0        0      1  1.77e+05  5.90e+12  2.36e+15  5.37e+14  1.00e+15  3.16e+15  1.00e+15  3.16e+15  1.00e+00  1.54e+00 -2.62e+01 -6.49e+04  5.28e-04 
6.721e+14 6.888e+14   68     -1        0      1  0.00e+00  0.00e+00  0.00e+00  0.00e+00  0.00e+00  0.00e+00  0.00e+00  0.00e+00  0.00e+00  0.00e+00  0.00e+00  0.00e+00  0.00e+00 
7.055e+14 7.091e+14   69     -1        0      1  0.00e+00  0.00e+00  0.00e+00  0.00e+00  0.00e+00  0.00e+00  0.00e+00  0.00e+00  0.00e+00  0.00e+00  0.00e+00  0.00e+00  0.00e+00 
2.475e+13 2.537e+13    0     -1        0      2  0.00e+00  0.00e+00  0.00e+00  0.00e+00  0.00e+00  0.00e+00  0.00e+00  0.00e+00  0.00e+00  0.00e+00  0.00e+00  0.00e+00  0.00e+00 
2.598e+13 2.663e+13    1      0        0      2  2.47e+06  9.84e+16  7.69e+15  1.72e+15  3.16e+15  1.00e+16  3.16e+15  1.00e+16  1.00e+00  2.05e+00 -3.13e+01 -1.58e+05  1.63e+00 
2.728e+13 2.795e+13    2      0        0      2  5.33e+06  1.22e+17  7.78e+15  1.70e+15  3.16e+15  1.00e+16  3.16e+15  1.00e+16  1.00e+00  2.28e+00 -3.48e+01 -1.43e+05  1.60e+00 
2.863e+13 2.934e+13    3      0        0      2  8.76e+06  1.45e+17  7.85e+15  1.69e+15  3.16e+15  1.00e+16  3.16e+15  1.00e+16  2.00e+00  2.43e+00 -3.72e+01 -1.35e+05  1.61e+00 
3.006e+13 3.080e+13    4      0        0      2  1.28e+07  1.66e+17  7.88e+15  1.68e+15  3.16e+15  1.00e+16  3.16e+15  1.00e+16  2.00e+00  2.51e+00 -3.84e+01 -1.31e+05  1.70e+00 
3.155e+13 3.234e+13    5      0        0      2  1.76e+07  1.83e+17  7.90e+15  1.67e+15  3.16e+15  1.00e+16  3.16e+15  1.00e+16  2.00e+00  2.58e+00 -3.94e+01 -1.28e+05  1.75e+00 
3.312e+13 3.395e+13    6      0        0      2  2.32e+07  2.02e+17  7.93e+15  1.67e+15  3.16e+15  1.00e+16  3.16e+15  1.00e+16  2.00e+00  2.64e+00 -4.03e+01 -1.25e+05  1.81e+00 
3.477e+13 3.563e+13    7      0        0      2  3.01e+07  2.17e+17  7.95e+15  1.67e+15  3.16e+15  1.00e+16  3.16e+15  1.00e+16  2.00e+00  2.71e+00 -4.14e+01 -1.22e+05  1.81e+00 
3.650e+13 3.741e+13    8      0        0      2  3.82e+07  2.32e+17  7.96e+15  1.67e+15  3.16e+15  1.00e+16  3.16e+15  1.00e+16  2.00e+00  2.73e+00 -4.18e+01 -1.21e+05  1.88e+00 
3.832e+13 3.927e+13    9      0        0      2  4.80e+07  2.44e+17  7.96e+15  1.67e+15  3.16e+15  1.00e+16  3.16e+15  1.00e+16  2.00e+00  2.72e+00 -4.16e+01 -1.22e+05  2.00e+00 
4.022e+13 4.122e+13   10      0        0      2  5.90e+07  2.54e+17  7.96e+15  1.67e+15  3.16e+15  1.00e+16  3.16e+15  1.00e+16  2.00e+00  2.74e+00 -4.18e+01 -1.21e+05  2.05e+00 
4.222e+13 4.327e+13   11      0        0      2  7.13e+07  2.62e+17  7.96e+15  1.67e+15  3.16e+15  1.00e+16  3.16e+15  1.00e+16  2.00e+00  2.72e+00 -4.15e+01 -1.22e+05  2.16e+00 
4.432e+13 4.543e+13   12      0        0      2  8.56e+07  2.66e+17  7.94e+15  1.67e+15  3.16e+15  1.00e+16  3.16e+15  1.00e+16  2.00e+00  2.68e+00 -4.09e+01 -1.23e+05  2.28e+00 
4.653e+13 4.769e+13   13      0        0      2  1.02e+08  2.69e+17  7.93e+15  1.66e+15  3.16e+15  1.00e+16  3.16e+15  1.00e+16  2.00e+00  2.65e+00 -4.04e+01 -1.25e+05  2.39e+00 
4.884e+13 5.006e+13   14      0        0      2  1.18e+08  2.71e+17  7.91e+15  1.66e+15  3.16e+15  1.00e+16  3.16e+15  1.00e+16  2.00e+00  2.60e+00 -3.96e+01 -1.27e+05  2.54e+00 
5.127e+13 5.255e+13   15      0        0      2  1.35e+08  2.69e+17  7.89e+15  1.67e+15  3.16e+15  1.00e+16  3.16e+15  1.00e+16  2.00e+00  2.54e+00 -3.86e+01 -1.30e+05  2.68e+00 
5.382e+13 5.516e+13   16      0        0      2  1.53e+08  2.63e+17  7.86e+15  1.67e+15  3.16e+15  1.00e+16  3.16e+15  1.00e+16  1.00e+00  2.46e+00 -3.74e+01 -1.33e+05  2.84e+00 
5.650e+13 5.791e+13   17      0        0      2  1.69e+08  2.54e+17  7.82e+15  1.68e+15  3.16e+15  1.00e+16  3.16e+15  1.00e+16  1.00e+00  2.35e+00 -3.57e+01 -1.39e+05  3.07e+00 
5.931e+13 6.079e+13   18      0        0      2  1.80e+08  2.41e+17  7.77e+15  1.69e+15  3.16e+15  1.00e+16  3.16e+15  1.00e+16  1.00e+00  2.25e+00 -3.41e+01 -1.45e+05  3.24e+00 
6.226e+13 6.381e+13   19      0        0      2  1.88e+08  2.27e+17  7.72e+15  1.70e+15  3.16e+15  1.00e+16  3.16e+15  1.00e+16  1.00e+00  2.12e+00 -3.21e+01 -1.53e+05  3.47e+00 
6.536e+13 6.699e+13   20      0        0      2  1.92e+08  2.10e+17  7.66e+15  1.71e+15  3.16e+15  1.00e+16  3.16e+15  1.00e+16  1.00e+00  1.98e+00 -2.99e+01 -1.63e+05  3.73e+00 
6.861e+13 7.032e+13   21      0        0      2  1.88e+08  1.92e+17  7.59e+15  1.72e+15  3.16e+15  1.00e+16  3.16e+15  1.00e+16  1.00e+00  1.83e+00 -2.75e+01 -1.75e+05  4.00e+00 
7.203e+13 7.382e+13   22      0        0      2  1.81e+08  1.73e+17  7.53e+15  1.72e+15  3.16e+15  1.00e+16  3.16e+15  1.00e+16  1.00e+00  1.69e+00 -2.54e+01 -1.88e+05  4.18e+00 
7.561e+13 7.749e+13   23      0        0      2  1.73e+08  1.55e+17  7.46e+15  1.73e+15  3.16e+15  1.00e+16  3.16e+15  1.00e+16  1.00e+00  1.56e+00 -2.33e+01 -2.04e+05  4.33e+00 
7.937e+13 8.134e+13   24      0        0      2  1.63e+08  1.39e+17  7.41e+15  1.73e+15  3.16e+15  1.00e+16  3.16e+15  1.00e+16  1.00e+00  1.45e+00 -2.16e+01 -2.18e+05  4.36e+00 
8.332e+13 8.539e+13   25      0        0      2  1.51e+08  1.24e+17  7.36e+15  1.72e+15  3.16e+15  1.00e+16  3.16e+15  1.00e+16  1.00e+00  1.35e+00 -2.01e+01 -2.33e+05  4.34e+00 
8.746e+13 8.964e+13   26      0        0      2  1.42e+08  1.12e+17  7.32e+15  1.72e+15  3.16e+15  1.00e+16  3.16e+15  1.00e+16  1.00e+00  1.27e+00 -1.89e+01 -2.47e+05  4.23e+00 
9.181e+13 9.410e+13   27      0        0      2  1.35e+08  1.01e+17  7.28e+15  1.72e+15  3.16e+15  1.00e+16  3.16e+15  1.00e+16  1.00e+00  1.21e+00 -1.79e+01 -2.59e+05  4.07e+00 
9.638e+13 9.878e+13   28      0        0      2  1.27e+08  9.06e+16  7.26e+15  1.72e+15  3.16e+15  1.00e+16  3.16e+15  1.00e+16  1.00e+00  1.17e+00 -1.73e+01 -2.68e+05  3.83e+00 
1.012e+14 1.037e+14   29      0        0      2  1.20e+08  8.17e+16  7.24e+15  1.72e+15  3.16e+15  1.00e+16  3.16e+15  1.00e+16  1.00e+00  1.13e+00 -1.68e+01 -2.75e+05  3.58e+00 
1.062e+14 1.089e+14   30      0        0      2  1.15e+08  7.39e+16  7.24e+15  1.72e+15  3.16e+15  1.00e+16  3.16e+15  1.00e+16  1.00e+00  1.11e+00 -1.66e+01 -2.80e+05  3.30e+00 
1.115e+14 1.143e+14   31      0        0      2  1.10e+08  6.70e+16  7.23e+15  1.72e+15  3.16e+15  1.00e+16  3.16e+15  1.00e+16  1.00e+00  1.10e+00 -1.65e+01 -2.82e+05  3.02e+00 
1.170e+14 1.200e+14   32      0        0      2  1.06e+08  6.06e+16  7.23e+15  1.72e+15  3.16e+15  1.00e+16  3.16e+15  1.00e+16  1.00e+00  1.11e+00 -1.66e+01 -2.81e+05  2.73e+00 
1.229e+14 1.259e+14   33      0        0      2  1.03e+08  5.51e+16  7.23e+15  1.72e+15  3.16e+15  1.00e+16  3.16e+15  1.00e+16  1.00e+00  1.11e+00 -1.66e+01 -2.81e+05  2.47e+00 
1.290e+14 1.322e+14   34      0        0      2  1.00e+08  5.00e+16  7.24e+15  1.72e+15  3.16e+15  1.00e+16  3.16e+15  1.00e+16  1.00e+00  1.12e+00 -1.68e+01 -2.79e+05  2.22e+00 
1.354e+14 1.388e+14   35      0        0      2  9.83e+07  4.54e+16  7.24e+15  1.72e+15  3.16e+15  1.00e+16  3.16e+15  1.00e+16  1.00e+00  1.13e+00 -1.70e+01 -2.76e+05  2.00e+00 
1.421e+14 1.457e+14   36      0        0      2  9.58e+07  4.12e+16  7.25e+15  1.72e+15  3.16e+15  1.00e+16  3.16e+15  1.00e+16  1.00e+00  1.14e+00 -1.73e+01 -2.73e+05  1.79e+00 
1.492e+14 1.529e+14   37      0        0      2  9.44e+07  3.74e+16  7.25e+15  1.72e+15  3.16e+15  1.00e+16  3.16e+15  1.00e+16  1.00e+00  1.15e+00 -1.74e+01 -2.72e+05  1.62e+00 
1.566e+14 1.605e+14   38      0        0      2  9.37e+07  3.39e+16  7.25e+15  1.73e+15  3.16e+15  1.00e+16  3.16e+15  1.00e+16  1.00e+00  1.15e+00 -1.75e+01 -2.72e+05  1.46e+00 
1.644e+14 1.685e+14   39      0        0      2  9.27e+07  3.08e+16  7.25e+15  1.73e+15  3.16e+15  1.00e+16  3.16e+15  1.00e+16  1.00e+00  1.15e+00 -1.76e+01 -2.71e+05  1.32e+00 
1.726e+14 1.769e+14   40      0        0      2  9.16e+07  2.78e+16  7.25e+15  1.73e+15  3.16e+15  1.00e+16  3.16e+15  1.00e+16  1.00e+00  1.15e+00 -1.76e+01 -2.71e+05  1.20e+00 
1.812e+14 1.857e+14   41      0        0      2  9.14e+07  2.51e+16  7.25e+15  1.73e+15  3.16e+15  1.00e+16  3.16e+15  1.00e+16  1.00e+00  1.14e+00 -1.75e+01 -2.73e+05  1.09e+00 
1.902e+14 1.949e+14   42      0        0      2  9.16e+07  2.27e+16  7.24e+15  1.74e+15  3.16e+15  1.00e+16  3.16e+15  1.00e+16  1.00e+00  1.13e+00 -1.74e+01 -2.75e+05  9.93e-01 
1.997e+14 2.046e+14   43      0        0      2  9.13e+07  2.04e+16  7.24e+15  1.74e+15  3.16e+15  1.00e+16  3.16e+15  1.00e+16  1.00e+00  1.12e+00 -1.72e+01 -2.79e+05  9.07e-01 
2.096e+14 2.148e+14   44      0        0      2  9.11e+07  1.83e+16  7.23e+15  1.74e+15  3.16e+15  1.00e+16  3.16e+15  1.00e+16  1.00e+00  1.10e+00 -1.70e+01 -2.83e+05  8.29e-01 
2.200e+14 2.255e+14   45      0        0      2  9.10e+07  1.64e+16  7.22e+15  1.74e+15  3.16e+15  1.00e+16  3.16e+15  1.00e+16  1.00e+00  1.08e+00 -1.68e+01 -2.87e+05  7.56e-01 
2.310e+14 2.367e+14   46      0        0      2  9.11e+07  1.46e+16  7.20e+15  1.75e+15  3.16e+15  1.00e+16  3.16e+15  1.00e+16  1.00e+00  1.05e+00 -1.63e+01 -2.95e+05  6.96e-01 
2.425e+14 2.485e+14   47      0        0      2  8.97e+07  1.30e+16  7.18e+15  1.75e+15  3.16e+15  1.00e+16  3.16e+15  1.00e+16  1.00e+00  1.01e+00 -1.57e+01 -3.07e+05  6.47e-01 
2.545e+14 2.608e+14   48      0        0      2  8.89e+07  1.15e+16  7.15e+15  1.76e+15  3.16e+15  1.00e+16  3.16e+15  1.00e+16  1.00e+00  9.61e-01 -1.50e+01 -3.22e+05  6.03e-01 
2.672e+14 2.738e+14   49      0        0      2  8.82e+07  1.01e+16  7.12e+15  1.76e+15  3.16e+15  1.00e+16  3.16e+15  1.00e+16  1.00e+00  9.08e-01 -1.42e+01 -3.40e+05  5.61e-01 
2.805e+14 2.874e+14   50      0        0      2  8.68e+07  8.82e+15  7.09e+15  1.77e+15  3.16e+15  1.00e+16  3.16e+15  1.00e+16  1.00e+00  8.46e-01 -1.33e+01 -3.64e+05  5.24e-01 
2.944e+14 3.017e+14   51      0        0      2  8.54e+07  7.64e+15  7.04e+15  1.77e+15  3.16e+15  1.00e+16  3.16e+15  1.00e+16  1.00e+00  7.54e-01 -1.19e+01 -4.07e+05  5.01e-01 
3.091e+14 3.168e+14   52      0        0      2  8.36e+07  6.57e+15  6.98e+15  1.78e+15  3.16e+15  1.00e+16  3.16e+15  1.00e+16  1.00e+00  6.55e-01 -1.04e+01 -4.67e+05  4.78e-01 
3.244e+14 3.325e+14   53      0        0      2  8.15e+07  5.57e+15  6.91e+15  1.78e+15  3.16e+15  1.00e+16  3.16e+15  1.00e+16  1.00e+00  5.36e-01 -8.55e+00 -5.68e+05  4.61e-01 
3.406e+14 3.491e+14   54      0        0      2  8.05e+07  4.66e+15  6.82e+15  1.78e+15  3.16e+15  1.00e+16  3.16e+15  1.00e+16  1.00e+00  3.84e-01 -6.23e+00 -7.88e+05  4.53e-01 
3.575e+14 3.664e+14   55      0        0      2  7.70e+07  3.84e+15  6.71e+15  1.78e+15  3.16e+15  1.00e+16  3.16e+15  1.00e+16  1.00e+00  2.10e-01 -3.56e+00 -1.43e+06  4.50e-01 
3.753e+14 3.847e+14   56      0        0      2  7.31e+07  3.14e+15  6.60e+15  1.77e+15  3.16e+15  1.00e+16  3.16e+15  1.00e+16  1.00e+00  3.78e-02 -9.35e-01 -7.89e+06  4.41e-01 
3.940e+14 4.038e+14   57      0        0      2  6.92e+07  2.53e+15  6.50e+15  1.76e+15  3.16e+15  1.00e+16  3.16e+15  1.00e+16  2.00e+00 -1.32e-01  1.65e+00  2.24e+06  4.26e-01 
4.136e+14 4.239e+14   58      0        0      2  6.38e+07  2.00e+15  6.39e+15  1.75e+15  3.16e+15  1.00e+16  3.16e+15  1.00e+16  2.00e+00 -3.08e-01  4.34e+00  9.52e+05  4.06e-01 
4.342e+14 4.450e+14   59      0        0      2  5.80e+07  1.55e+15  6.28e+15  1.73e+15  3.16e+15  1.00e+16  3.16e+15  1.00e+16  2.00e+00 -4.74e-01  6.83e+00  6.16e+05  3.74e-01 
4.558e+14 4.671e+14   60      0        0      2  5.07e+07  1.17e+15  6.19e+15  1.72e+15  3.16e+15  1.00e+16  3.16e+15  1.00e+16  2.00e+00 -6.05e-01  8.77e+00  4.80e+05  3.24e-01 
4.784e+14 4.903e+14   61      0        0      2  4.14e+07  8.32e+14  6.11e+15  1.71e+15  3.16e+15  1.00e+16  3.16e+15  1.00e+16  2.00e+00 -7.31e-01  1.06e+01  3.95e+05  2.63e-01 
5.022e+14 5.147e+14   62      0        0      2  2.82e+07  5.56e+14  6.05e+15  1.70e+15  3.16e+15  1.00e+16  3.16e+15  1.00e+16  2.00e+00 -8.33e-01  1.20e+01  3.45e+05  1.96e-01 
5.272e+14 5.403e+14   63      0        0      2  1.60e+07  3.46e+14  5.99e+15  1.69e+15  3.16e+15  1.00e+16  3.16e+15  1.00e+16  2.00e+00 -9.14e-01  1.31e+01  3.13e+05  1.33e-01 
5.535e+14 5.672e+14   64      0        0      2  7.82e+06  2.00e+14  5.94e+15  1.69e+15  3.16e+15  1.00e+16  3.16e+15  1.00e+16  2.00e+00 -9.94e-01  1.41e+01  2.87e+05  8.31e-02 
5.810e+14 5.954e+14   65      0        0      2  3.11e+06  1.10e+14  5.91e+15  1.68e+15  3.16e+15  1.00e+16  3.16e+15  1.00e+16  2.00e+00 -1.04e+00  1.46e+01  2.73e+05  4.81e-02 
6.099e+14 6.251e+14   66      0        0      2  1.32e+06  5.90e+13  5.89e+15  1.68e+15  3.16e+15  1.00e+16  3.16e+15  1.00e+16  2.00e+00 -1.07e+00  1.48e+01  2.65e+05  2.67e-02 
6.402e+14 6.562e+14   67      0        0      2  6.51e+05  2.92e+13  5.88e+15  1.67e+15  3.16e+15  1.00e+16  3.16e+15  1.00e+16  2.00e+00 -1.09e+00  1.48e+01  2.61e+05  1.35e-02 
6.721e+14 6.888e+14   68     -1        0      2  0.00e+00  0.00e+00  0.00e+00  0.00e+00  0.00e+00  0.00e+00  0.00e+00  0.00e+00  0.00e+00  0.00e+00  0.00e+00  0.00e+00  0.00e+00 
7.055e+14 7.091e+14   69     -1        0      2  0.00e+00  0.00e+00  0.00e+00  0.00e+00  0.00e+00  0.00e+00  0.00e+00  0.00e+00  0.00e+00  0.00e+00  0.00e+00  0.00e+00  0.00e+00 
2.475e+13 2.537e+13    0     -1        0      3  0.00e+00  0.00e+00  0.00e+00  0.00e+00  0.00e+00  0.00e+00  0.00e+00  0.00e+00  0.00e+00  0.00e+00  0.00e+00  0.00e+00  0.00e+00 
2.598e+13 2.663e+13    1      0        0      3  3.21e+07  1.94e+18  2.29e+16  5.94e+15  1.00e+16  3.16e+16  1.00e+16  3.16e+16  1.00e+00  1.10e+00 -1.60e+01 -8.94e+05  2.78e+01 
2.728e+13 2.795e+13    2      0        0      3  5.39e+07  2.22e+18  2.22e+16  6.18e+15  1.00e+16  3.16e+16  1.00e+16  3.16e+16  2.00e+00  7.21e-01 -9.74e+00 -1.35e+06  4.78e+01 
2.863e+13 2.934e+13    3      0        0      3  7.68e+07  2.40e+18  2.16e+16  6.32e+15  1.00e+16  3.16e+16  1.00e+16  3.16e+16  2.00e+00  4.32e-01 -4.99e+00 -2.22e+06  7.03e+01 
3.006e+13 3.080e+13    4      0        0      3  1.01e+08  2.49e+18  2.11e+16  6.41e+15  1.00e+16  3.16e+16  1.00e+16  3.16e+16  2.00e+00  1.65e-01 -6.35e-01 -5.73e+06  9.66e+01 
3.155e+13 3.234e+13    5      0        0      3  1.24e+08  2.49e+18  2.06e+16  6.47e+15  1.00e+16  3.16e+16  1.00e+16  3.16e+16  1.00e+00 -9.14e-02  3.55e+00  1.03e+07  1.27e+02 
3.312e+13 3.395e+13    6      0        0      3  1.47e+08  2.41e+18  2.01e+16  6.49e+15  1.00e+16  3.16e+16  1.00e+16  3.16e+16  1.00e+00 -3.45e-01  7.67e+00  2.69e+06  1.61e+02 
3.477e+13 3.563e+13    7      0        0      3  1.70e+08  2.28e+18  1.96e+16  6.48e+15  1.00e+16  3.16e+16  1.00e+16  3.16e+16  1.00e+00 -6.11e-01  1.20e+01  1.50e+06  2.01e+02 
3.650e+13 3.741e+13    8      0        0      3  1.91e+08  2.11e+18  1.90e+16  6.44e+15  1.00e+16  3.16e+16  1.00e+16  3.16e+16  1.00e+00 -8.88e-01  1.64e+01  1.02e+06  2.48e+02 
3.832e+13 3.927e+13    9      0        0      3  2.11e+08  1.91e+18  1.84e+16  6.36e+15  1.00e+16  3.16e+16  1.00e+16  3.16e+16  1.00e+00 -1.18e+00  2.12e+01  7.56e+05  3.06e+02 
4.022e+13 4.122e+13   10      0        0      3  2.27e+08  1.69e+18  1.78e+16  6.23e+15  1.00e+16  3.16e+16  1.00e+16  3.16e+16  1.00e+00 -1.50e+00  2.62e+01  5.89e+05  3.76e+02 
4.222e+13 4.327e+13   11      0        0      3  2.38e+08  1.47e+18  1.71e+16  6.04e+15  1.00e+16  3.16e+16  1.00e+16  3.16e+16  1.00e+00 -1.84e+00  3.17e+01  4.72e+05  4.63e+02 
4.432e+13 4.543e+13   12      0        0      3  2.44e+08  1.25e+18  1.65e+16  5.81e+15  1.00e+16  3.16e+16  1.00e+16  3.16e+16  1.00e+00 -2.21e+00  3.76e+01  3.87e+05  5.74e+02 
4.653e+13 4.769e+13   13      0        0      3  2.44e+08  1.04e+18  1.58e+16  5.52e+15  1.00e+16  3.16e+16  1.00e+16  3.16e+16  1.00e+00 -2.60e+00  4.39e+01  3.22e+05  7.17e+02 
4.884e+13 5.006e+13   14      0        0      3  2.36e+08  8.45e+17  1.52e+16  5.18e+15  1.00e+16  3.16e+16  1.00e+16  3.16e+16  1.00e+00 -3.02e+00  5.06e+01  2.71e+05  9.00e+02 
5.127e+13 5.255e+13   15      0        0      3  2.24e+08  6.74e+17  1.46e+16  4.81e+15  1.00e+16  3.16e+16  1.00e+16  3.16e+16  1.00e+00 -3.47e+00  5.78e+01  2.30e+05  1.14e+03 
5.382e+13 5.516e+13   16      0        0      3  2.08e+08  5.26e+17  1.40e+16  4.42e+15  1.00e+16  3.16e+16  1.00e+16  3.16e+16  1.00e+00 -3.95e+00  6.54e+01  1.97e+05  1.47e+03 
5.650e+13 5.791e+13   17      0        0      3  1.86e+08  4.04e+17  1.35e+16  4.01e+15  1.00e+16  3.16e+16  1.00e+16  3.16e+16  1.00e+00 -4.46e+00  7.36e+01  1.69e+05  1.95e+03 
5.931e+13 6.079e+13   18      0        0      3  1.61e+08  3.07e+17  1.31e+16  3.64e+15  1.00e+16  3.16e+16  1.00e+16  3.16e+16  1.00e+00 -4.98e+00  8.18e+01  1.48e+05  2.58e+03 
6.226e+13 6.381e+13   19      0        0      3  1.37e+08  2.29e+17  1.27e+16  3.29e+15  1.00e+16  3.16e+16  1.00e+16  3.16e+16  1.00e+00 -5.50e+00  9.01e+01  1.30e+05  3.41e+03 
6.536e+13 6.699e+13   20      0        0      3  1.14e+08  1.69e+17  1.24e+16  2.95e+15  1.00e+16  3.16e+16  1.00e+16  3.16e+16  1.00e+00 -6.06e+00  9.89e+01  1.14e+05  4.69e+03 
6.861e+13 7.032e+13   21      0        0      3  9.10e+07  1.24e+17  1.21e+16  2.67e+15  1.00e+16  3.16e+16  1.00e+16  3.16e+16  1.00e+00 -6.62e+00  1.08e+02  1.02e+05  6.42e+03 
7.203e+13 7.382e+13   22      0        0      3  7.27e+07  9.10e+16  1.19e+16  2.46e+15  1.00e+16  3.16e+16  1.00e+16  3.16e+16  1.00e+00 -7.12e+00  1.16e+02  9.28e+04  8.32e+03 
7.561e+13 7.749e+13   23      0        0      3  5.85e+07  6.76e+16  1.18e+16  2.28e+15  1.00e+16  3.16e+16  1.00e+16  3.16e+16  1.00e+00 -7.59e+00  1.23e+02  8.53e+04  1.06e+04 
7.937e+13 8.134e+13   24      0        0      3  4.73e+07  5.09e+16  1.17e+16  2.14e+15  1.00e+16  3.16e+16  1.00e+16  3.16e+16  1.00e+00 -8.03e+00  1.30e+02  7.93e+04  1.31e+04 
8.332e+13 8.539e+13   25      0        0      3  3.85e+07  3.91e+16  1.16e+16  2.02e+15  1.00e+16  3.16e+16  1.00e+16  3.16e+16  1.00e+00 -8.42e+00  1.36e+02  7.45e+04  1.59e+04 
8.746e+13 8.964e+13   26      0        0      3  3.25e+07  3.10e+16  1.15e+16  1.92e+15  1.00e+16  3.16e+16  1.00e+16  3.16e+16  1.00e+00 -8.80e+00  1.42e+02  7.04e+04  1.92e+04 
9.181e+13 9.410e+13   27      0        0      3  2.86e+07  2.54e+16  1.14e+16  1.83e+15  1.00e+16  3.16e+16  1.00e+16  3.16e+16  1.00e+00 -9.15e+00  1.48e+02  6.70e+04  2.35e+04 
9.638e+13 9.878e+13   28      0        0      3  2.54e+07  2.12e+16  1.13e+16  1.74e+15  1.00e+16  3.16e+16  1.00e+16  3.16e+16  1.00e+00 -9.46e+00  1.53e+02  6.42e+04  2.79e+04 
1.012e+14 1.037e+14   29      0        0      3  2.32e+07  1.82e+16  1.13e+16  1.66e+15  1.00e+16  3.16e+16  1.00e+16  3.16e+16  1.00e+00 -9.71e+00  1.57e+02  6.22e+04  3.15e+04 
1.062e+14 1.089e+14   30      0        0      3  2.19e+07  1.60e+16  1.13e+16  1.60e+15  1.00e+16  3.16e+16  1.00e+16  3.16e+16  1.00e+00 -9.89e+00  1.59e+02  6.08e+04  3.40e+04 
1.115e+14 1.143e+14   31      0        0      3  2.11e+07  1.44e+16  1.12e+16  1.52e+15  1.00e+16  3.16e+16  1.00e+16  3.16e+16  1.00e+00 -1.00e+01  1.62e+02  5.96e+04  3.65e+04 
1.170e+14 1.200e+14   32      0        0      3  2.05e+07  1.32e+16  1.12e+16  1.43e+15  1.00e+16  3.16e+16  1.00e+16  3.16e+16  1.00e+00 -1.02e+01  1.64e+02  5.86e+04  3.90e+04 
1.229e+14 1.259e+14   33      0        0      3  2.03e+07  1.22e+16  1.12e+16  1.37e+15  1.00e+16  3.16e+16  1.00e+16  3.16e+16  1.00e+00 -1.03e+01  1.65e+02  5.80e+04  3.97e+04 
1.290e+14 1.322e+14   34      0        0      3  2.05e+07  1.15e+16  1.12e+16  1.30e+15  1.00e+16  3.16e+16  1.00e+16  3.16e+16  1.00e+00 -1.04e+01  1.67e+02  5.74e+04  4.12e+04 
1.354e+14 1.388e+14   35      0        0      3  2.07e+07  1.08e+16  1.12e+16  1.25e+15  1.00e+16  3.16e+16  1.00e+16  3.16e+16  2.00e+00 -1.04e+01  1.67e+02  5.73e+04  3.93e+04 
1.421e+14 1.457e+14   36      0        0      3  2.08e+07  1.01e+16  1.12e+16  1.20e+15  1.00e+16  3.16e+16  1.00e+16  3.16e+16  2.00e+00 -1.04e+01  1.67e+02  5.72e+04  3.74e+04 
1.492e+14 1.529e+14   37      0        0      3  2.10e+07  9.41e+15  1.12e+16  1.17e+15  1.00e+16  3.16e+16  1.00e+16  3.16e+16  2.00e+00 -1.04e+01  1.67e+02  5.71e+04  3.53e+04 
1.566e+14 1.605e+14   38      0        0      3  2.14e+07  8.79e+15  1.12e+16  1.13e+15  1.00e+16  3.16e+16  1.00e+16  3.16e+16  2.00e+00 -1.04e+01  1.68e+02  5.69e+04  3.41e+04 
1.644e+14 1.685e+14   39      0        0      3  2.16e+07  8.16e+15  1.12e+16  1.10e+15  1.00e+16  3.16e+16  1.00e+16  3.16e+16  2.00e+00 -1.04e+01  1.68e+02  5.70e+04  3.13e+04 
1.726e+14 1.769e+14   40      0        0      3  2.17e+07  7.53e+15  1.12e+16  1.07e+15  1.00e+16  3.16e+16  1.00e+16  3.16e+16  2.00e+00 -1.04e+01  1.67e+02  5.73e+04  2.76e+04 
1.812e+14 1.857e+14   41      0        0      3  2.20e+07  6.91e+15  1.12e+16  1.05e+15  1.00e+16  3.16e+16  1.00e+16  3.16e+16  2.00e+00 -1.03e+01  1.66e+02  5.76e+04  2.40e+04 
1.902e+14 1.949e+14   42      0        0      3  2.22e+07  6.27e+15  1.12e+16  1.04e+15  1.00e+16  3.16e+16  1.00e+16  3.16e+16  2.00e+00 -1.03e+01  1.66e+02  5.78e+04  2.11e+04 
1.997e+14 2.046e+14   43      0        0      3  2.23e+07  5.69e+15  1.12e+16  1.03e+15  1.00e+16  3.16e+16  1.00e+16  3.16e+16  2.00e+00 -1.03e+01  1.66e+02  5.78e+04  1.92e+04 
2.096e+14 2.148e+14   44      0        0      3  2.21e+07  5.08e+15  1.12e+16  1.02e+15  1.00e+16  3.16e+16  1.00e+16  3.16e+16  2.00e+00 -1.03e+01  1.65e+02  5.78e+04  1.70e+04 
2.200e+14 2.255e+14   45      0        0      3  2.19e+07  4.50e+15  1.12e+16  1.01e+15  1.00e+16  3.16e+16  1.00e+16  3.16e+16  2.00e+00 -1.03e+01  1.65e+02  5.78e+04  1.52e+04 
2.310e+14 2.367e+14   46      0        0      3  2.16e+07  3.95e+15  1.12e+16  9.97e+14  1.00e+16  3.14e+16  1.00e+16  3.14e+16  2.00e+00 -1.03e+01  1.66e+02  5.77e+04  1.35e+04 
2.425e+14 2.485e+14   47      0        0      3  2.08e+07  3.43e+15  1.12e+16  9.95e+14  1.00e+16  3.15e+16  1.00e+16  3.15e+16  2.00e+00 -1.03e+01  1.66e+02  5.76e+04  1.18e+04 
2.545e+14 2.608e+14   48      0        0      3  1.99e+07  2.94e+15  1.12e+16  9.92e+14  1.00e+16  3.16e+16  1.00e+16  3.16e+16  2.00e+00 -1.03e+01  1.66e+02  5.76e+04  1.03e+04 
2.672e+14 2.738e+14   49      0        0      3  1.90e+07  2.49e+15  1.12e+16  9.80e+14  1.00e+16  3.15e+16  1.00e+16  3.15e+16  2.00e+00 -1.04e+01  1.66e+02  5.73e+04  9.06e+03 
2.805e+14 2.874e+14   50      0        0      3  1.77e+07  2.07e+15  1.12e+16  9.69e+14  1.00e+16  3.16e+16  1.00e+16  3.16e+16  2.00e+00 -1.04e+01  1.67e+02  5.70e+04  7.89e+03 
2.944e+14 3.017e+14   51      0        0      3  1.63e+07  1.68e+15  1.12e+16  9.62e+14  1.00e+16  3.16e+16  1.00e+16  3.16e+16  2.00e+00 -1.05e+01  1.68e+02  5.65e+04  6.97e+03 
3.091e+14 3.168e+14   52      0        0      3  1.46e+07  1.32e+15  1.12e+16  9.66e+14  1.00e+16  3.16e+16  1.00e+16  3.16e+16  2.00e+00 -1.06e+01  1.69e+02  5.60e+04  5.98e+03 
3.244e+14 3.325e+14   53      0        0      3  1.26e+07  9.88e+14  1.11e+16  9.70e+14  1.00e+16  3.16e+16  1.00e+16  3.16e+16  2.00e+00 -1.07e+01  1.71e+02  5.50e+04  5.28e+03 
3.406e+14 3.491e+14   54      0        0      3  1.07e+07  7.07e+14  1.11e+16  9.93e+14  1.00e+16  3.16e+16  1.00e+16  3.16e+16  2.00e+00 -1.09e+01  1.74e+02  5.39e+04  4.63e+03 
3.575e+14 3.664e+14   55      0        0      3  8.63e+06  4.85e+14  1.11e+16  1.03e+15  1.00e+16  3.16e+16  1.00e+16  3.16e+16  2.00e+00 -1.11e+01  1.77e+02  5.29e+04  3.86e+03 
3.753e+14 3.847e+14   56      0        0      3  6.80e+06  3.21e+14  1.11e+16  1.09e+15  1.00e+16  3.16e+16  1.00e+16  3.16e+16  2.00e+00 -1.12e+01  1.79e+02  5.22e+04  2.90e+03 
3.940e+14 4.038e+14   57      0        0      3  5.31e+06  2.09e+14  1.11e+16  1.18e+15  1.00e+16  3.16e+16  1.00e+16  3.16e+16  1.00e+00 -1.11e+01  1.78e+02  5.25e+04  1.79e+03 
4.136e+14 4.239e+14   58      0        0      3  3.98e+06  1.32e+14  1.11e+16  1.26e+15  1.00e+16  3.16e+16  1.00e+16  3.16e+16  1.00e+00 -1.11e+01  1.76e+02  5.30e+04  1.03e+03 
4.342e+14 4.450e+14   59      0        0      3  2.92e+06  7.95e+13  1.11e+16  1.34e+15  1.00e+16  3.16e+16  1.00e+16  3.16e+16  1.00e+00 -1.08e+01  1.72e+02  5.45e+04  4.68e+02 
4.558e+14 4.671e+14   60      0        0      3  2.05e+06  4.72e+13  1.11e+16  1.38e+15  1.00e+16  3.16e+16  1.00e+16  3.16e+16  1.00e+00 -1.07e+01  1.70e+02  5.50e+04  2.56e+02 
4.784e+14 4.903e+14   61      0        0      3  1.30e+06  2.59e+13  1.11e+16  1.41e+15  1.00e+16  3.12e+16  1.00e+16  3.12e+16  1.00e+00 -1.07e+01  1.70e+02  5.49e+04  1.41e+02 
5.022e+14 5.147e+14   62      0        0      3  6.80e+05  1.30e+13  1.11e+16  1.36e+15  1.00e+16  3.16e+16  1.00e+16  3.16e+16  1.00e+00 -1.13e+01  1.79e+02  5.16e+04  1.32e+02 
5.272e+14 5.403e+14   63      0        0      3  3.02e+05  6.36e+12  1.09e+16  1.23e+15  1.00e+16  3.10e+16  1.00e+16  3.10e+16  1.00e+00 -1.27e+01  2.02e+02  4.47e+04  3.14e+02 
5.535e+14 5.672e+14   64      0        0      3  1.19e+05  2.85e+12  1.08e+16  1.08e+15  1.00e+16  2.92e+16  1.00e+16  2.92e+16  1.00e+00 -1.45e+01  2.29e+02  3.85e+04  9.22e+02 
5.810e+14 5.954e+14   65      0        0      3  4.00e+04  1.24e+12  1.07e+16  9.09e+14  1.00e+16  2.57e+16  1.00e+16  2.57e+16  1.00e+00 -1.60e+01  2.54e+02  3.42e+04  2.19e+03 
6.099e+14 6.251e+14   66      0        0      3  1.54e+04  5.95e+11  1.07e+16  7.97e+14  1.00e+16  1.87e+16  1.00e+16  1.87e+16  1.00e+00 -1.72e+01  2.72e+02  3.16e+04  3.56e+03 
6.402e+14 6.562e+14   67      0        0      3  7.18e+03  2.71e+11  1.06e+16  6.65e+14  1.00e+16  1.83e+16  1.00e+16  1.83e+16  1.00e+00 -1.88e+01  2.97e+02  2.86e+04  8.75e+03 
6.721e+14 6.888e+14   68     -1        0      3  0.00e+00  0.00e+00  0.00e+00  0.00e+00  0.00e+00  0.00e+00  0.00e+00  0.00e+00  0.00e+00  0.00e+00  0.00e+00  0.00e+00  0.00e+00 
7.055e+14 7.091e+14   69     -1        0      3  0.00e+00  0.00e+00  0.00e+00  0.00e+00  0.00e+00  0.00e+00  0.00e+00  0.00e+00  0.00e+00  0.00e+00  0.00e+00  0.00e+00  0.00e+00 
2.475e+13 2.537e+13    0     -1        0      4  0.00e+00  0.00e+00  0.00e+00  0.00e+00  0.00e+00  0.00e+00  0.00e+00  0.00e+00  0.00e+00  0.00e+00  0.00e+00  0.00e+00  0.00e+00 
2.598e+13 2.663e+13    1      0        0      4  1.38e+08  1.03e+19  6.32e+16  1.87e+16  3.16e+16  1.00e+17  3.16e+16  1.00e+17  2.00e+00 -4.10e-01  9.06e+00  7.13e+06  2.32e+02 
2.728e+13 2.795e+13    2      0        0      4  1.42e+08  8.31e+18  6.05e+16  1.83e+16  3.16e+16  1.00e+17  3.16e+16  1.00e+17  2.00e+00 -8.21e-01  1.59e+01  3.50e+06  2.89e+02 
2.863e+13 2.934e+13    3      0        0      4  1.36e+08  6.41e+18  5.79e+16  1.78e+16  3.16e+16  1.00e+17  3.16e+16  1.00e+17  2.00e+00 -1.24e+00  2.28e+01  2.27e+06  3.46e+02 
3.006e+13 3.080e+13    4      0        0      4  1.25e+08  4.78e+18  5.52e+16  1.70e+16  3.16e+16  1.00e+17  3.16e+16  1.00e+17  2.00e+00 -1.67e+00  2.98e+01  1.66e+06  4.01e+02 
3.155e+13 3.234e+13    5      0        0      4  1.11e+08  3.45e+18  5.26e+16  1.61e+16  3.16e+16  1.00e+17  3.16e+16  1.00e+17  2.00e+00 -2.11e+00  3.70e+01  1.28e+06  4.57e+02 
3.312e+13 3.395e+13    6      0        0      4  9.42e+07  2.42e+18  5.02e+16  1.50e+16  3.16e+16  1.00e+17  3.16e+16  1.00e+17  2.00e+00 -2.56e+00  4.44e+01  1.03e+06  5.10e+02 
3.477e+13 3.563e+13    7      0        0      4  7.85e+07  1.65e+18  4.79e+16  1.37e+16  3.16e+16  1.00e+17  3.16e+16  1.00e+17  2.00e+00 -3.02e+00  5.20e+01  8.55e+05  5.59e+02 
3.650e+13 3.741e+13    8      0        0      4  6.34e+07  1.10e+18  4.59e+16  1.25e+16  3.16e+16  1.00e+17  3.16e+16  1.00e+17  2.00e+00 -3.51e+00  5.98e+01  7.19e+05  6.10e+02 
3.832e+13 3.927e+13    9      0        0      4  4.97e+07  7.00e+17  4.41e+16  1.12e+16  3.16e+16  1.00e+17  3.16e+16  1.00e+17  2.00e+00 -4.00e+00  6.79e+01  6.13e+05  6.54e+02 
4.022e+13 4.122e+13   10      0        0      4  3.71e+07  4.29e+17  4.25e+16  1.00e+16  3.16e+16  1.00e+17  3.16e+16  1.00e+17  2.00e+00 -4.52e+00  7.62e+01  5.28e+05  6.93e+02 
4.222e+13 4.327e+13   11      0        0      4  2.65e+07  2.53e+17  4.11e+16  8.86e+15  3.16e+16  1.00e+17  3.16e+16  1.00e+17  2.00e+00 -5.07e+00  8.52e+01  4.56e+05  7.43e+02 
4.432e+13 4.543e+13   12      0        0      4  1.82e+07  1.43e+17  4.00e+16  7.94e+15  3.16e+16  1.00e+17  3.16e+16  1.00e+17  2.00e+00 -5.60e+00  9.38e+01  4.01e+05  7.56e+02 
4.653e+13 4.769e+13   13      0        0      4  1.18e+07  7.66e+16  3.90e+16  7.05e+15  3.16e+16  1.00e+17  3.16e+16  1.00e+17  2.00e+00 -6.19e+00  1.03e+02  3.52e+05  7.75e+02 
4.884e+13 5.006e+13   14      0        0      4  7.25e+06  3.91e+16  3.81e+16  6.31e+15  3.16e+16  1.00e+17  3.16e+16  1.00e+17  2.00e+00 -6.78e+00  1.13e+02  3.13e+05  7.71e+02 
5.127e+13 5.255e+13   15      0        0      4  4.26e+06  1.90e+16  3.74e+16  5.73e+15  3.16e+16  1.00e+17  3.16e+16  1.00e+17  2.00e+00 -7.38e+00  1.22e+02  2.80e+05  7.44e+02 
5.382e+13 5.516e+13   16      0        0      4  2.43e+06  8.77e+15  3.70e+16  5.50e+15  3.16e+16  1.00e+17  3.16e+16  1.00e+17  2.00e+00 -7.88e+00  1.30e+02  2.57e+05  6.04e+02 
5.650e+13 5.791e+13   17      0        0      4  1.39e+06  3.92e+15  3.67e+16  5.55e+15  3.16e+16  1.00e+17  3.16e+16  1.00e+17  1.00e+00 -8.20e+00  1.35e+02  2.44e+05  3.91e+02 
5.931e+13 6.079e+13   18      0        0      4  8.24e+05  1.78e+15  3.67e+16  6.06e+15  3.16e+16  1.00e+17  3.16e+16  1.00e+17  1.00e+00 -8.14e+00  1.34e+02  2.46e+05  1.65e+02 
6.226e+13 6.381e+13   19      0        0      4  5.07e+05  8.08e+14  3.71e+16  6.57e+15  3.16e+16  1.00e+17  3.16e+16  1.00e+17  1.00e+00 -7.74e+00  1.27e+02  2.63e+05  4.77e+01 
6.536e+13 6.699e+13   20      0        0      4  3.49e+05  4.16e+14  3.78e+16  7.15e+15  3.16e+16  1.00e+17  3.16e+16  1.00e+17  1.00e+00 -7.09e+00  1.16e+02  2.95e+05  1.17e+01 
6.861e+13 7.032e+13   21      0        0      4  2.51e+05  2.27e+14  3.85e+16  7.60e+15  3.16e+16  9.92e+16  3.16e+16  9.92e+16  1.00e+00 -6.50e+00  1.06e+02  3.30e+05  3.27e+00 
7.203e+13 7.382e+13   22      0        0      4  1.97e+05  1.45e+14  3.91e+16  8.17e+15  3.16e+16  9.99e+16  3.16e+16  1.00e+17  1.00e+00 -6.11e+00  9.92e+01  3.58e+05  1.34e+00 
7.561e+13 7.749e+13   23      0        0      4  1.53e+05  9.50e+13  3.95e+16  8.32e+15  3.16e+16  9.86e+16  3.16e+16  9.86e+16  2.00e+00 -5.82e+00  9.42e+01  3.81e+05  6.44e-01 
7.937e+13 8.134e+13   24      0        0      4  1.13e+05  6.29e+13  4.00e+16  8.38e+15  3.16e+16  9.32e+16  3.16e+16  9.32e+16  2.00e+00 -5.54e+00  8.94e+01  4.02e+05  3.26e-01 
8.332e+13 8.539e+13   25      0        0      4  8.75e+04  4.56e+13  3.96e+16  7.63e+15  3.16e+16  9.89e+16  3.16e+16  9.89e+16  2.00e+00 -5.79e+00  9.33e+01  3.84e+05  2.96e-01 
8.746e+13 8.964e+13   26      0        0      4  6.34e+04  3.22e+13  3.97e+16  7.46e+15  3.16e+16  9.99e+16  3.16e+16  1.00e+17  2.00e+00 -5.75e+00  9.25e+01  3.88e+05  1.99e-01 
9.181e+13 9.410e+13   27      0        0      4  4.72e+04  2.18e+13  3.99e+16  7.88e+15  3.16e+16  9.49e+16  3.16e+16  9.49e+16  2.00e+00 -5.62e+00  9.02e+01  3.96e+05  1.21e-01 
9.638e+13 9.878e+13   28      0        0      4  3.41e+04  1.38e+13  3.97e+16  7.81e+15  3.16e+16  8.76e+16  3.16e+16  8.76e+16  2.00e+00 -5.60e+00  8.97e+01  3.93e+05  8.07e-02 
1.012e+14 1.037e+14   29      0        0      4  2.29e+04  9.45e+12  3.91e+16  7.43e+15  3.16e+16  8.27e+16  3.16e+16  8.27e+16  2.00e+00 -5.93e+00  9.50e+01  3.62e+05  8.30e-02 
1.062e+14 1.089e+14   30      0        0      4  1.82e+04  7.16e+12  3.89e+16  7.18e+15  3.16e+16  7.61e+16  3.16e+16  7.61e+16  2.00e+00 -5.96e+00  9.54e+01  3.54e+05  7.10e-02 
1.115e+14 1.143e+14   31      0        0      4  1.44e+04  4.97e+12  3.95e+16  6.97e+15  3.16e+16  7.19e+16  3.16e+16  7.19e+16  2.00e+00 -5.37e+00  8.54e+01  3.94e+05  2.88e-02 
1.170e+14 1.200e+14   32      0        0      4  9.93e+03  3.46e+12  4.09e+16  7.86e+15  3.16e+16  6.82e+16  3.16e+16  6.82e+16  2.00e+00 -4.27e+00  6.70e+01  5.00e+05  7.11e-03 
1.229e+14 1.259e+14   33      0        0      4  6.53e+03  2.10e+12  3.85e+16  6.49e+15  3.16e+16  6.50e+16  3.16e+16  6.50e+16  2.00e+00 -5.86e+00  9.33e+01  3.46e+05  2.36e-02 
1.290e+14 1.322e+14   34      0        0      4  5.06e+03  1.31e+12  3.73e+16  5.59e+15  3.16e+16  6.45e+16  3.16e+16  6.45e+16  2.00e+00 -7.10e+00  1.13e+02  2.78e+05  5.26e-02 
1.354e+14 1.388e+14   35      0        0      4  3.05e+03  8.95e+11  3.66e+16  5.09e+15  3.16e+16  6.18e+16  3.16e+16  6.18e+16  1.00e+00 -8.01e+00  1.29e+02  2.40e+05  9.90e-02 
1.421e+14 1.457e+14   36      0        0      4  2.24e+03  5.60e+11  3.52e+16  4.30e+15  3.16e+16  6.17e+16  3.16e+16  6.17e+16  1.00e+00 -1.08e+01  1.74e+02  1.71e+05  1.12e+00 
1.492e+14 1.529e+14   37      0        0      4  1.72e+03  3.89e+11  3.44e+16  3.49e+15  3.16e+16  5.57e+16  3.16e+16  5.57e+16  1.00e+00 -1.31e+01  2.12e+02  1.36e+05  9.94e+00 
1.566e+14 1.605e+14   38      0        0      4  1.08e+03  1.83e+11  3.52e+16  4.32e+15  3.16e+16  5.89e+16  3.16e+16  5.89e+16  1.00e+00 -1.06e+01  1.71e+02  1.73e+05  3.20e-01 
1.644e+14 1.685e+14   39      0        0      4  7.23e+02  1.27e+11  3.49e+16  4.53e+15  3.16e+16  5.91e+16  3.16e+16  5.91e+16  1.00e+00 -1.14e+01  1.84e+02  1.60e+05  5.12e-01 
1.726e+14 1.769e+14   40      0        0      4  6.04e+02  6.03e+10  3.38e+16  3.23e+15  3.16e+16  5.91e+16  3.16e+16  5.91e+16  1.00e+00 -1.62e+01  2.63e+02  1.07e+05  4.12e+01 
1.812e+14 1.857e+14   41      0        0      4  5.65e+02  7.00e+10  3.40e+16  3.09e+15  3.16e+16  4.92e+16  3.16e+16  4.92e+16  1.00e+00 -1.53e+01  2.48e+02  1.13e+05  1.98e+01 
1.902e+14 1.949e+14   42      0        0      4  5.02e+02  8.29e+10  3.43e+16  3.72e+15  3.16e+16  5.08e+16  3.16e+16  5.08e+16  1.00e+00 -1.38e+01  2.23e+02  1.27e+05  4.73e+00 
1.997e+14 2.046e+14   43      0        0      4  4.69e+02  6.75e+10  3.30e+16  2.04e+15  3.16e+16  4.40e+16  3.16e+16  4.40e+16  1.00e+00 -2.42e+01  3.95e+02  6.81e+04  2.27e+05 
2.096e+14 2.148e+14   44      0        0      4  3.12e+02  3.57e+10  3.33e+16  2.39e+15  3.17e+16  4.59e+16  3.16e+16  4.59e+16  1.00e+00 -2.11e+01  3.44e+02  7.91e+04  4.69e+03 
2.200e+14 2.255e+14   45      0        0      4  2.97e+02  2.53e+10  3.41e+16  2.68e+15  3.16e+16  4.93e+16  3.16e+16  4.93e+16  1.00e+00 -1.44e+01  2.33e+02  1.21e+05  2.91e+00 
2.310e+14 2.367e+14   46      0        0      4  1.70e+02  1.28e+10  3.65e+16  3.15e+15  3.17e+16  4.64e+16  3.16e+16  4.64e+16  2.00e+00 -5.57e+00  8.63e+01  3.24e+05  2.30e-04 
2.425e+14 2.485e+14   47      0        0      4  2.68e+02  3.46e+08  3.48e+16  3.21e+15  3.17e+16  4.77e+16  3.16e+16  4.77e+16  1.00e+00 -1.13e+01  1.79e+02  1.56e+05  1.76e-03 
2.545e+14 2.608e+14   48      0        0      4  9.70e+01  1.58e+08  3.47e+16  3.05e+15  3.16e+16  4.61e+16  3.16e+16  4.61e+16  1.00e+00 -1.10e+01  1.75e+02  1.59e+05  6.93e-04 
2.672e+14 2.738e+14   49      0        0      4  1.11e+02  2.21e+08  3.53e+16  3.21e+15  3.16e+16  4.55e+16  3.16e+16  4.55e+16  1.00e+00 -8.70e+00  1.36e+02  2.03e+05  9.56e-05 
2.805e+14 2.874e+14   50      0        0      4  1.06e+02  1.97e+08  3.45e+16  2.70e+15  3.16e+16  5.14e+16  3.16e+16  5.14e+16  2.00e+00 -1.28e+01  2.04e+02  1.39e+05  3.91e-03 
2.944e+14 3.017e+14   51      0        0      4  1.83e+02  4.37e+07  3.52e+16  3.42e+15  3.16e+16  4.57e+16  3.16e+16  4.57e+16  1.00e+00 -9.28e+00  1.45e+02  1.90e+05  3.31e-05 
3.091e+14 3.168e+14   52      0        0      4  1.53e+02  4.62e+07  3.47e+16  2.56e+15  3.16e+16  5.07e+16  3.16e+16  5.07e+16  2.00e+00 -1.21e+01  1.91e+02  1.47e+05  4.48e-04 
3.244e+14 3.325e+14   53      0        0      4  1.56e+02  2.37e+07  3.55e+16  3.40e+15  3.16e+16  4.57e+16  3.16e+16  4.57e+16  1.00e+00 -8.24e+00  1.28e+02  2.15e+05  6.38e-06 
3.406e+14 3.491e+14   54      0        0      4  2.03e+02  1.85e+07  3.47e+16  3.17e+15  3.16e+16  4.65e+16  3.16e+16  4.65e+16  1.00e+00 -1.15e+01  1.82e+02  1.52e+05  1.26e-04 
3.575e+14 3.664e+14   55      0        0      4  2.17e+02  2.03e+07  3.53e+16  3.00e+15  3.16e+16  5.03e+16  3.16e+16  5.03e+16  2.00e+00 -9.84e+00  1.54e+02  1.83e+05  2.11e-05 
3.753e+14 3.847e+14   56      0        0      4  2.87e+02  2.21e+07  3.44e+16  2.58e+15  3.16e+16  4.64e+16  3.16e+16  4.64e+16  2.00e+00 -1.25e+01  1.98e+02  1.39e+05  4.10e-04 
3.940e+14 4.038e+14   57      0        0      4  3.16e+02  4.69e+07  3.49e+16  2.77e+15  3.17e+16  4.69e+16  3.16e+16  4.69e+16  2.00e+00 -1.07e+01  1.68e+02  1.65e+05  1.34e-04 
4.136e+14 4.239e+14   58      0        0      4  2.01e+02  3.18e+07  3.48e+16  3.56e+15  3.16e+16  5.17e+16  3.16e+16  5.17e+16  1.00e+00 -1.15e+01  1.82e+02  1.56e+05  1.68e-04 
4.342e+14 4.450e+14   59      0        0      4  1.61e+02  2.17e+07  3.48e+16  2.77e+15  3.16e+16  4.61e+16  3.16e+16  4.61e+16  2.00e+00 -1.07e+01  1.69e+02  1.63e+05  6.94e-05 
4.558e+14 4.671e+14   60      0        0      4  1.89e+02  1.70e+07  3.38e+16  2.09e+15  3.17e+16  4.87e+16  3.16e+16  4.87e+16  2.00e+00 -1.60e+01  2.57e+02  1.07e+05  1.08e-02 
4.784e+14 4.903e+14   61      0        0      4  1.70e+01  8.05e+05  3.33e+16  2.56e+15  3.17e+16  4.15e+16  3.16e+16  4.15e+16  1.00e+00 -2.08e+01  3.34e+02  7.95e+04  9.46e-02 
5.022e+14 5.147e+14   62      0        0      4  1.40e+01  3.55e+05  3.43e+16  1.78e+15  3.19e+16  3.77e+16  3.16e+16  3.77e+16  1.00e+00 -4.60e+00  6.59e+01  3.59e+05  5.80e-09 
5.272e+14 5.403e+14   63      0        0      4  1.00e+00  1.33e+03  3.33e+16      -nan  3.33e+16  3.33e+16  3.16e+16  3.39e+16 -1.00e+00  1.00e+03 -9.99e+02  1.00e+99  0.00e+00 
5.535e+14 5.672e+14   64      0        0      4  0.00e+00  0.00e+00  0.00e+00  0.00e+00  1.00e+17  3.16e+16  3.16e+16  5.05e+16 -1.00e+00  1.00e+03 -9.99e+02  1.00e+99  0.00e+00 
5.810e+14 5.954e+14   65      0        0      4  0.00e+00  0.00e+00  0.00e+00  0.00e+00  1.00e+17  3.16e+16  3.16e+16  3.87e+16 -1.00e+00  1.00e+03 -9.99e+02  1.00e+99  0.00e+00 
6.099e+14 6.251e+14   66      0        0      4  0.00e+00  0.00e+00  0.00e+00  0.00e+00  1.00e+17  3.16e+16  3.16e+16  3.95e+16 -1.00e+00  1.00e+03 -9.99e+02  1.00e+99  0.00e+00 
6.402e+14 6.562e+14   67      0        0      4  0.00e+00  0.00e+00  0.00e+00  0.00e+00  1.00e+17  3.16e+16  3.16e+16  4.39e+16 -1.00e+00  1.00e+03 -9.99e+02  1.00e+99  0.00e+00 
6.721e+14 6.888e+14   68     -1        0      4  0.00e+00  0.00e+00  0.00e+00  0.00e+00  0.00e+00  0.00e+00  0.00e+00  0.00e+00  0.00e+00  0.00e+00  0.00e+00  0.00e+00  0.00e+00 
7.055e+14 7.091e+14   69     -1        0      4  0.00e+00  0.00e+00  0.00e+00  0.00e+00  0.00e+00  0.00e+00  0.00e+00  0.00e+00  0.00e+00  0.00e+00  0.00e+00  0.00e+00  0.00e+00 
2.475e+13 2.537e+13    0     -1        0      5  0.00e+00  0.00e+00  0.00e+00  0.00e+00  0.00e+00  0.00e+00  0.00e+00  0.00e+00  0.00e+00  0.00e+00  0.00e+00  0.00e+00  0.00e+00 
2.598e+13 2.663e+13    1      0        0      5  4.23e+07  3.25e+18  1.31e+17  2.84e+16  1.00e+17  3.16e+17  1.00e+17  3.16e+17  2.00e+00 -4.93e+00  8.59e+01  1.50e+06  2.59e+03 
2.728e+13 2.795e+13    2      0        0      5  2.54e+07  1.60e+18  1.26e+17  2.43e+16  1.00e+17  3.16e+17  1.00e+17  3.16e+17  2.00e+00 -5.68e+00  9.84e+01  1.25e+06  2.89e+03 
2.863e+13 2.934e+13    3      0        0      5  1.41e+07  7.32e+17  1.22e+17  2.09e+16  1.00e+17  3.16e+17  1.00e+17  3.16e+17  2.00e+00 -6.46e+00  1.11e+02  1.05e+06  3.17e+03 
3.006e+13 3.080e+13    4      0        0      5  7.32e+06  3.15e+17  1.19e+17  1.82e+16  1.00e+17  3.16e+17  1.00e+17  3.16e+17  2.00e+00 -7.25e+00  1.25e+02  9.05e+05  3.36e+03 
3.155e+13 3.234e+13    5      0        0      5  3.53e+06  1.26e+17  1.16e+17  1.57e+16  1.00e+17  3.03e+17  1.00e+17  3.03e+17  2.00e+00 -8.10e+00  1.39e+02  7.83e+05  3.57e+03 
3.312e+13 3.395e+13    6      0        0      5  1.58e+06  4.72e+16  1.14e+17  1.37e+16  1.00e+17  2.86e+17  1.00e+17  2.86e+17  2.00e+00 -9.01e+00  1.54e+02  6.82e+05  3.77e+03 
3.477e+13 3.563e+13    7      0        0      5  6.58e+05  1.63e+16  1.12e+17  1.17e+16  1.00e+17  2.70e+17  1.00e+17  2.70e+17  2.00e+00 -1.01e+01  1.72e+02  5.89e+05  4.61e+03 
3.650e+13 3.741e+13    8      0        0      5  2.48e+05  5.11e+15  1.11e+17  1.03e+16  1.00e+17  2.64e+17  1.00e+17  2.64e+17  2.00e+00 -1.13e+01  1.93e+02  5.13e+05  5.52e+03 
3.832e+13 3.927e+13    9      0        0      5  7.88e+04  1.33e+15  1.09e+17  8.68e+15  1.00e+17  1.65e+17  1.00e+17  1.65e+17  2.00e+00 -1.28e+01  2.16e+02  4.39e+05  8.22e+03 
4.022e+13 4.122e+13   10      0        0      5  2.36e+04  3.16e+14  1.08e+17  7.65e+15  1.00e+17  1.60e+17  1.00e+17  1.60e+17  2.00e+00 -1.46e+01  2.46e+02  3.78e+05  1.32e+04 
4.222e+13 4.327e+13   11      0        0      5  7.21e+03  7.01e+13  1.08e+17  8.26e+15  1.00e+17  1.43e+17  1.00e+17  1.43e+17  1.00e+00 -1.37e+01  2.30e+02  3.99e+05  1.43e+03 
4.432e+13 4.543e+13   12      0        0      5  3.55e+03  1.54e+13  1.08e+17  8.59e+15  1.00e+17  1.69e+17  1.00e+17  1.69e+17  1.00e+00 -1.45e+01  2.43e+02  3.82e+05  5.48e+02 
4.653e+13 4.769e+13   13      0        0      5  2.90e+03  8.89e+12  1.18e+17  1.55e+16  1.00e+17  1.68e+17  1.00e+17  1.68e+17  2.00e+00 -5.93e+00  9.75e+01  1.01e+06  4.98e-02 
4.884e+13 5.006e+13   14      0        0      5  2.89e+03  5.43e+12  1.21e+17  1.19e+16  1.00e+17  1.46e+17  1.00e+17  1.46e+17  2.00e+00 -1.50e+00  2.17e+01  3.89e+06  5.29e-04 
5.127e+13 5.255e+13   15      0        0      5  2.97e+03  4.99e+12  1.21e+17  1.13e+16  1.00e+17  1.39e+17  1.00e+17  1.39e+17  2.00e+00  1.27e+00 -2.56e+01 -4.50e+06  3.57e-05 
5.382e+13 5.516e+13   16      0        0      5  3.64e+03  5.69e+12  1.16e+17  1.01e+16  1.00e+17  1.39e+17  1.00e+17  1.39e+17  2.00e+00 -3.44e+00  5.49e+01  1.64e+06  4.61e-03 
5.650e+13 5.791e+13   17      0        0      5  3.42e+03  4.04e+12  1.13e+17  9.78e+15  1.00e+17  1.39e+17  1.00e+17  1.39e+17  2.00e+00 -6.78e+00  1.12e+02  8.20e+05  9.17e-02 
5.931e+13 6.079e+13   18      0        0      5  1.52e+03  1.10e+12  1.12e+17  8.62e+15  1.00e+17  1.39e+17  1.00e+17  1.39e+17  2.00e+00 -6.94e+00  1.14e+02  8.01e+05  2.92e-02 
6.226e+13 6.381e+13   19      0        0      5  8.07e+02  4.34e+11  1.17e+17  1.11e+16  1.00e+17  1.38e+17  1.00e+17  1.38e+17  1.00e+00 -2.39e+00  3.58e+01  2.36e+06  1.25e-04 
6.536e+13 6.699e+13   20      0        0      5  1.77e+02  4.32e+10  1.10e+17  9.17e+15  1.00e+17  1.28e+17  1.00e+17  1.28e+17  1.00e+00 -6.44e+00  1.04e+02  8.35e+05  9.79e-04 
6.861e+13 7.032e+13   21      0        0      5  3.60e+01  2.35e+10  1.27e+17  1.59e+16  1.00e+17  1.39e+17  1.00e+17  1.39e+17  2.00e+00  8.38e+00 -1.49e+02 -7.01e+05  1.29e-10 
7.203e+13 7.382e+13   22      0        0      5  6.10e+01  2.97e+10  1.28e+17  8.57e+15  1.00e+17  1.34e+17  1.00e+17  1.34e+17  2.00e+00  1.92e+01 -3.34e+02 -3.07e+05  3.89e-15 
7.561e+13 7.749e+13   23      0        0      5  8.10e+01  4.32e+10  1.21e+17  3.52e+15  1.15e+17  1.26e+17  1.00e+17  1.26e+17  1.00e+00  1.95e+01 -3.39e+02 -2.88e+05  5.15e-15 
7.937e+13 8.134e+13   24      0        0      5  2.40e+01  8.40e+09  1.11e+17  5.43e+15  1.02e+17  1.15e+17  1.00e+17  1.15e+17  2.00e+00  2.26e+01 -3.91e+02 -2.31e+05  8.22e-17 
8.332e+13 8.539e+13   25      0        0      5  7.60e+01  2.41e+10  1.06e+17  4.13e+15  1.01e+17  1.14e+17  1.00e+17  1.14e+17  1.00e+00 -9.17e+00  1.50e+02  5.56e+05  1.69e-02 
8.746e+13 8.964e+13   26      0        0      5  6.80e+01  1.71e+10  1.08e+17  2.64e+15  1.00e+17  1.12e+17  1.00e+17  1.12e+17  1.00e+00  2.13e+01 -3.69e+02 -2.40e+05  7.54e-16 
9.181e+13 9.410e+13   27      0        0      5  0.00e+00  0.00e+00  0.00e+00  0.00e+00  3.16e+17  1.00e+17  1.00e+17  1.02e+17 -1.00e+00  1.00e+03 -9.99e+02  1.00e+99  0.00e+00 
9.638e+13 9.878e+13   28      0        0      5  0.00e+00  0.00e+00  0.00e+00  0.00e+00  3.16e+17  1.00e+17  1.00e+17  1.00e+17 -1.00e+00  1.00e+03 -9.99e+02  1.00e+99  0.00e+00 
1.012e+14 1.037e+14   29      0        0      5  0.00e+00  0.00e+00  0.00e+00  0.00e+00  3.16e+17  1.00e+17  1.00e+17  1.11e+17 -1.00e+00  1.00e+03 -9.99e+02  1.00e+99  0.00e+00 
1.062e+14 1.089e+14   30      0        0      5  0.00e+00  0.00e+00  0.00e+00  0.00e+00  3.16e+17  1.00e+17  1.00e+17  1.07e+17 -1.00e+00  1.00e+03 -9.99e+02  1.00e+99  0.00e+00 
1.115e+14 1.143e+14   31      0        0      5  0.00e+00  0.00e+00  0.00e+00  0.00e+00  3.16e+17  1.00e+17  1.00e+99  1.00e-99 -1.00e+00  1.00e+03 -9.99e+02  1.00e+99  0.00e+00 
1.170e+14 1.200e+14   32      0        0      5  0.00e+00  0.00e+00  0.00e+00  0.00e+00  3.16e+17  1.00e+17  1.00e+99  1.00e-99 -1.00e+00  1.00e+03 -9.99e+02  1.00e+99  0.00e+00 
1.229e+14 1.259e+14   33      0        0      5  0.00e+00  0.00e+00  0.00e+00  0.00e+00  3.16e+17  1.00e+17  1.00e+17  1.02e+17 -1.00e+00  1.00e+03 -9.99e+02  1.00e+99  0.00e+00 
1.290e+14 1.322e+14   34      0        0      5  0.00e+00  0.00e+00  0.00e+00  0.00e+00  3.16e+17  1.00e+17  1.00e+17  1.07e+17 -1.00e+00  1.00e+03 -9.99e+02  1.00e+99  0.00e+00 
1.354e+14 1.388e+14   35      0        0      5  0.00e+00  0.00e+00  0.00e+00  0.00e+00  3.16e+17  1.00e+17  1.00e+17  1.07e+17 -1.00e+00  1.00e+03 -9.99e+02  1.00e+99  0.00e+00 
1.421e+14 1.457e+14   36      0        0      5  0.00e+00  0.00e+00  0.00e+00  0.00e+00  3.16e+17  1.00e+17  1.00e+17  1.31e+17 -1.00e+00  1.00e+03 -9.99e+02  1.00e+99  0.00e+00 
1.492e+14 1.529e+14   37      0        0      5  0.00e+00  0.00e+00  0.00e+00  0.00e+00  3.16e+17  1.00e+17  1.00e+17  1.31e+17 -1.00e+00  1.00e+03 -9.99e+02  1.00e+99  0.00e+00 
1.566e+14 1.605e+14   38      0        0      5  0.00e+00  0.00e+00  0.00e+00  0.00e+00  3.16e+17  1.00e+17  1.00e+17  1.26e+17 -1.00e+00  1.00e+03 -9.99e+02  1.00e+99  0.00e+00 
1.644e+14 1.685e+14   39      0        0      5  0.00e+00  0.00e+00  0.00e+00  0.00e+00  3.16e+17  1.00e+17  1.00e+99  1.00e-99 -1.00e+00  1.00e+03 -9.99e+02  1.00e+99  0.00e+00 
1.726e+14 1.769e+14   40      0        0      5  0.00e+00  0.00e+00  0.00e+00  0.00e+00  3.16e+17  1.00e+17  1.00e+99  1.00e-99 -1.00e+00  1.00e+03 -9.99e+02  1.00e+99  0.00e+00 
1.812e+14 1.857e+14   41      0        0      5  0.00e+00  0.00e+00  0.00e+00  0.00e+00  3.16e+17  1.00e+17  1.00e+99  1.00e-99 -1.00e+00  1.00e+03 -9.99e+02  1.00e+99  0.00e+00 
1.902e+14 1.949e+14   42      0        0      5  0.00e+00  0.00e+00  0.00e+00  0.00e+00  3.16e+17  1.00e+17  1.00e+99  1.00e-99 -1.00e+00  1.00e+03 -9.99e+02  1.00e+99  0.00e+00 
1.997e+14 2.046e+14   43      0        0      5  0.00e+00  0.00e+00  0.00e+00  0.00e+00  3.16e+17  1.00e+17  1.00e+99  1.00e-99 -1.00e+00  1.00e+03 -9.99e+02  1.00e+99  0.00e+00 
2.096e+14 2.148e+14   44      0        0      5  0.00e+00  0.00e+00  0.00e+00  0.00e+00  3.16e+17  1.00e+17  1.00e+99  1.00e-99 -1.00e+00  1.00e+03 -9.99e+02  1.00e+99  0.00e+00 
2.200e+14 2.255e+14   45      0        0      5  0.00e+00  0.00e+00  0.00e+00  0.00e+00  3.16e+17  1.00e+17  1.00e+99  1.00e-99 -1.00e+00  1.00e+03 -9.99e+02  1.00e+99  0.00e+00 
2.310e+14 2.367e+14   46      0        0      5  0.00e+00  0.00e+00  0.00e+00  0.00e+00  3.16e+17  1.00e+17  1.00e+99  1.00e-99 -1.00e+00  1.00e+03 -9.99e+02  1.00e+99  0.00e+00 
2.425e+14 2.485e+14   47      0        0      5  0.00e+00  0.00e+00  0.00e+00  0.00e+00  3.16e+17  1.00e+17  1.00e+99  1.00e-99 -1.00e+00  1.00e+03 -9.99e+02  1.00e+99  0.00e+00 
2.545e+14 2.608e+14   48      0        0      5  0.00e+00  0.00e+00  0.00e+00  0.00e+00  3.16e+17  1.00e+17  1.00e+99  1.00e-99 -1.00e+00  1.00e+03 -9.99e+02  1.00e+99  0.00e+00 
2.672e+14 2.738e+14   49      0        0      5  0.00e+00  0.00e+00  0.00e+00  0.00e+00  3.16e+17  1.00e+17  1.00e+99  1.00e-99 -1.00e+00  1.00e+03 -9.99e+02  1.00e+99  0.00e+00 
2.805e+14 2.874e+14   50      0        0      5  0.00e+00  0.00e+00  0.00e+00  0.00e+00  3.16e+17  1.00e+17  1.00e+99  1.00e-99 -1.00e+00  1.00e+03 -9.99e+02  1.00e+99  0.00e+00 
2.944e+14 3.017e+14   51      0        0      5  0.00e+00  0.00e+00  0.00e+00  0.00e+00  3.16e+17  1.00e+17  1.00e+99  1.00e-99 -1.00e+00  1.00e+03 -9.99e+02  1.00e+99  0.00e+00 
3.091e+14 3.168e+14   52      0        0      5  0.00e+00  0.00e+00  0.00e+00  0.00e+00  3.16e+17  1.00e+17  1.00e+99  1.00e-99 -1.00e+00  1.00e+03 -9.99e+02  1.00e+99  0.00e+00 
3.244e+14 3.325e+14   53      0        0      5  0.00e+00  0.00e+00  0.00e+00  0.00e+00  3.16e+17  1.00e+17  1.00e+17  1.17e+17 -1.00e+00  1.00e+03 -9.99e+02  1.00e+99  0.00e+00 
3.406e+14 3.491e+14   54      0        0      5  0.00e+00  0.00e+00  0.00e+00  0.00e+00  3.16e+17  1.00e+17  1.00e+17  1.19e+17 -1.00e+00  1.00e+03 -9.99e+02  1.00e+99  0.00e+00 
3.575e+14 3.664e+14   55      0        0      5  0.00e+00  0.00e+00  0.00e+00  0.00e+00  3.16e+17  1.00e+17  1.00e+17  1.20e+17 -1.00e+00  1.00e+03 -9.99e+02  1.00e+99  0.00e+00 
3.753e+14 3.847e+14   56      0        0      5  0.00e+00  0.00e+00  0.00e+00  0.00e+00  3.16e+17  1.00e+17  1.00e+17  1.05e+17 -1.00e+00  1.00e+03 -9.99e+02  1.00e+99  0.00e+00 
3.940e+14 4.038e+14   57      0        0      5  0.00e+00  0.00e+00  0.00e+00  0.00e+00  3.16e+17  1.00e+17  1.00e+99  1.00e-99 -1.00e+00  1.00e+03 -9.99e+02  1.00e+99  0.00e+00 
4.136e+14 4.239e+14   58      0        0      5  0.00e+00  0.00e+00  0.00e+00  0.00e+00  3.16e+17  1.00e+17  1.00e+99  1.00e-99 -1.00e+00  1.00e+03 -9.99e+02  1.00e+99  0.00e+00 
4.342e+14 4.450e+14   59      0        0      5  0.00e+00  0.00e+00  0.00e+00  0.00e+00  3.16e+17  1.00e+17  1.00e+99  1.00e-99 -1.00e+00  1.00e+03 -9.99e+02  1.00e+99  0.00e+00 
4.558e+14 4.671e+14   60      0        0      5  0.00e+00  0.00e+00  0.00e+00  0.00e+00  3.16e+17  1.00e+17  1.00e+99  1.00e-99 -1.00e+00  1.00e+03 -9.99e+02  1.00e+99  0.00e+00 
4.784e+14 4.903e+14   61      0        0      5  0.00e+00  0.00e+00  0.00e+00  0.00e+00  3.16e+17  1.00e+17  1.00e+99  1.00e-99 -1.00e+00  1.00e+03 -9.99e+02  1.00e+99  0.00e+00 
5.022e+14 5.147e+14   62      0        0      5  0.00e+00  0.00e+00  0.00e+00  0.00e+00  3.16e+17  1.00e+17  1.00e+99  1.00e-99 -1.00e+00  1.00e+03 -9.99e+02  1.00e+99  0.00e+00 
5.272e+14 5.403e+14   63      0        0      5  0.00e+00  0.00e+00  0.00e+00  0.00e+00  3.16e+17  1.00e+17  1.00e+99  1.00e-99 -1.00e+00  1.00e+03 -9.99e+02  1.00e+99  0.00e+00 
5.535e+14 5.672e+14   64      0        0      5  0.00e+00  0.00e+00  0.00e+00  0.00e+00  3.16e+17  1.00e+17  1.00e+99  1.00e-99 -1.00e+00  1.00e+03 -9.99e+02  1.00e+99  0.00e+00 
5.810e+14 5.954e+14   65      0        0      5  0.00e+00  0.00e+00  0.00e+00  0.00e+00  3.16e+17  1.00e+17  1.00e+99  1.00e-99 -1.00e+00  1.00e+03 -9.99e+02  1.00e+99  0.00e+00 
6.099e+14 6.251e+14   66      0        0      5  0.00e+00  0.00e+00  0.00e+00  0.00e+00  3.16e+17  1.00e+17  1.00e+99  1.00e-99 -1.00e+00  1.00e+03 -9.99e+02  1.00e+99  0.00e+00 
6.402e+14 6.562e+14   67      0        0      5  0.00e+00  0.00e+00  0.00e+00  0.00e+00  3.16e+17  1.00e+17  1.00e+99  1.00e-99 -1.00e+00  1.00e+03 -9.99e+02  1.00e+99  0.00e+00 
6.721e+14 6.888e+14   68     -1        0      5  0.00e+00  0.00e+00  0.00e+00  0.00e+00  0.00e+00  0.00e+00  0.00e+00  0.00e+00  0.00e+00  0.00e+00  0.00e+00  0.00e+00  0.00e+00 
7.055e+14 7.091e+14   69     -1        0      5  0.00e+00  0.00e+00  0.00e+00  0.00e+00  0.00e+00  0.00e+00  0.00e+00  0.00e+00  0.00e+00  0.00e+00  0.00e+00  0.00e+00  0.00e+00 
2.475e+13 2.537e+13    0     -1        0      6  0.00e+00  0.00e+00  0.00e+00  0.00e+00  0.00e+00  0.00e+00  0.00e+00  0.00e+00  0.00e+00  0.00e+00  0.00e+00  0.00e+00  0.00e+00 
2.598e+13 2.663e+13    1      0        0      6  1.13e+04  8.89e+14  3.40e+17  2.47e+16  3.16e+17  5.13e+17  3.16e+17  5.13e+17  1.00e+00 -1.52e+01  2.64e+02  1.14e+06  2.19e+04 
2.728e+13 2.795e+13    2      0        0      6  1.52e+03  9.96e+13  3.39e+17  2.78e+16  3.16e+17  4.74e+17  3.16e+17  4.74e+17  1.00e+00 -1.55e+01  2.69e+02  1.11e+06  3.74e+03 
2.863e+13 2.934e+13    3      0        0      6  2.00e+02  1.10e+13  3.33e+17  1.63e+16  3.16e+17  4.13e+17  3.16e+17  4.13e+17  1.00e+00 -2.08e+01  3.60e+02  7.97e+05  1.23e+05 
3.006e+13 3.080e+13    4      0        0      6  0.00e+00  0.00e+00  0.00e+00  0.00e+00  1.00e+18  3.16e+17  3.16e+17  3.70e+17 -1.00e+00  1.00e+03 -9.99e+02  1.00e+99  0.00e+00 
3.155e+13 3.234e+13    5      0        0      6  0.00e+00  0.00e+00  0.00e+00  0.00e+00  1.00e+18  3.16e+17  3.16e+17  3.26e+17 -1.00e+00  1.00e+03 -9.99e+02  1.00e+99  0.00e+00 
3.312e+13 3.395e+13    6      0        0      6  0.00e+00  0.00e+00  0.00e+00  0.00e+00  1.00e+18  3.16e+17  3.16e+17  3.27e+17 -1.00e+00  1.00e+03 -9.99e+02  1.00e+99  0.00e+00 
3.477e+13 3.563e+13    7      0        0      6  0.00e+00  0.00e+00  0.00e+00  0.00e+00  1.00e+18  3.16e+17  1.00e+99  1.00e-99 -1.00e+00  1.00e+03 -9.99e+02  1.00e+99  0.00e+00 
3.650e+13 3.741e+13    8      0        0      6  0.00e+00  0.00e+00  0.00e+00  0.00e+00  1.00e+18  3.16e+17  1.00e+99  1.00e-99 -1.00e+00  1.00e+03 -9.99e+02  1.00e+99  0.00e+00 
3.832e+13 3.927e+13    9      0        0      6  0.00e+00  0.00e+00  0.00e+00  0.00e+00  1.00e+18  3.16e+17  1.00e+99  1.00e-99 -1.00e+00  1.00e+03 -9.99e+02  1.00e+99  0.00e+00 
4.022e+13 4.122e+13   10      0        0      6  0.00e+00  0.00e+00  0.00e+00  0.00e+00  1.00e+18  3.16e+17  1.00e+99  1.00e-99 -1.00e+00  1.00e+03 -9.99e+02  1.00e+99  0.00e+00 
4.222e+13 4.327e+13   11      0        0      6  0.00e+00  0.00e+00  0.00e+00  0.00e+00  1.00e+18  3.16e+17  1.00e+99  1.00e-99 -1.00e+00  1.00e+03 -9.99e+02  1.00e+99  0.00e+00 
4.432e+13 4.543e+13   12      0        0      6  0.00e+00  0.00e+00  0.00e+00  0.00e+00  1.00e+18  3.16e+17  1.00e+99  1.00e-99 -1.00e+00  1.00e+03 -9.99e+02  1.00e+99  0.00e+00 
4.653e+13 4.769e+13   13      0        0      6  0.00e+00  0.00e+00  0.00e+00  0.00e+00  1.00e+18  3.16e+17  1.00e+99  1.00e-99 -1.00e+00  1.00e+03 -9.99e+02  1.00e+99  0.00e+00 
4.884e+13 5.006e+13   14      0        0      6  0.00e+00  0.00e+00  0.00e+00  0.00e+00  1.00e+18  3.16e+17  1.00e+99  1.00e-99 -1.00e+00  1.00e+03 -9.99e+02  1.00e+99  0.00e+00 
5.127e+13 5.255e+13   15      0        0      6  0.00e+00  0.00e+00  0.00e+00  0.00e+00  1.00e+18  3.16e+17  1.00e+99  1.00e-99 -1.00e+00  1.00e+03 -9.99e+02  1.00e+99  0.00e+00 
5.382e+13 5.516e+13   16      0        0      6  0.00e+00  0.00e+00  0.00e+00  0.00e+00  1.00e+18  3.16e+17  1.00e+99  1.00e-99 -1.00e+00  1.00e+03 -9.99e+02  1.00e+99  0.00e+00 
5.650e+13 5.791e+13   17      0        0      6  0.00e+00  0.00e+00  0.00e+00  0.00e+00  1.00e+18  3.16e+17  1.00e+99  1.00e-99 -1.00e+00  1.00e+03 -9.99e+02  1.00e+99  0.00e+00 
5.931e+13 6.079e+13   18      0        0      6  0.00e+00  0.00e+00  0.00e+00  0.00e+00  1.00e+18  3.16e+17  1.00e+99  1.00e-99 -1.00e+00  1.00e+03 -9.99e+02  1.00e+99  0.00e+00 
6.226e+13 6.381e+13   19      0        0      6  0.00e+00  0.00e+00  0.00e+00  0.00e+00  1.00e+18  3.16e+17  1.00e+99  1.00e-99 -1.00e+00  1.00e+03 -9.99e+02  1.00e+99  0.00e+00 
6.536e+13 6.699e+13   20      0        0      6  0.00e+00  0.00e+00  0.00e+00  0.00e+00  1.00e+18  3.16e+17  1.00e+99  1.00e-99 -1.00e+00  1.00e+03 -9.99e+02  1.00e+99  0.00e+00 
6.861e+13 7.032e+13   21      0        0      6  0.00e+00  0.00e+00  0.00e+00  0.00e+00  1.00e+18  3.16e+17  1.00e+99  1.00e-99 -1.00e+00  1.00e+03 -9.99e+02  1.00e+99  0.00e+00 
7.203e+13 7.382e+13   22      0        0      6  0.00e+00  0.00e+00  0.00e+00  0.00e+00  1.00e+18  3.16e+17  1.00e+99  1.00e-99 -1.00e+00  1.00e+03 -9.99e+02  1.00e+99  0.00e+00 
7.561e+13 7.749e+13   23      0        0      6  0.00e+00  0.00e+00  0.00e+00  0.00e+00  1.00e+18  3.16e+17  1.00e+99  1.00e-99 -1.00e+00  1.00e+03 -9.99e+02  1.00e+99  0.00e+00 
7.937e+13 8.134e+13   24      0        0      6  0.00e+00  0.00e+00  0.00e+00  0.00e+00  1.00e+18  3.16e+17  1.00e+99  1.00e-99 -1.00e+00  1.00e+03 -9.99e+02  1.00e+99  0.00e+00 
8.332e+13 8.539e+13   25      0        0      6  0.00e+00  0.00e+00  0.00e+00  0.00e+00  1.00e+18  3.16e+17  1.00e+99  1.00e-99 -1.00e+00  1.00e+03 -9.99e+02  1.00e+99  0.00e+00 
8.746e+13 8.964e+13   26      0        0      6  0.00e+00  0.00e+00  0.00e+00  0.00e+00  1.00e+18  3.16e+17  1.00e+99  1.00e-99 -1.00e+00  1.00e+03 -9.99e+02  1.00e+99  0.00e+00 
9.181e+13 9.410e+13   27      0        0      6  0.00e+00  0.00e+00  0.00e+00  0.00e+00  1.00e+18  3.16e+17  1.00e+99  1.00e-99 -1.00e+00  1.00e+03 -9.99e+02  1.00e+99  0.00e+00 
9.638e+13 9.878e+13   28      0        0      6  0.00e+00  0.00e+00  0.00e+00  0.00e+00  1.00e+18  3.16e+17  1.00e+99  1.00e-99 -1.00e+00  1.00e+03 -9.99e+02  1.00e+99  0.00e+00 
1.012e+14 1.037e+14   29      0        0      6  0.00e+00  0.00e+00  0.00e+00  0.00e+00  1.00e+18  3.16e+17  1.00e+99  1.00e-99 -1.00e+00  1.00e+03 -9.99e+02  1.00e+99  0.00e+00 
1.062e+14 1.089e+14   30      0        0      6  0.00e+00  0.00e+00  0.00e+00  0.00e+00  1.00e+18  3.16e+17  1.00e+99  1.00e-99 -1.00e+00  1.00e+03 -9.99e+02  1.00e+99  0.00e+00 
1.115e+14 1.143e+14   31      0        0      6  0.00e+00  0.00e+00  0.00e+00  0.00e+00  1.00e+18  3.16e+17  1.00e+99  1.00e-99 -1.00e+00  1.00e+03 -9.99e+02  1.00e+99  0.00e+00 
1.170e+14 1.200e+14   32      0        0      6  0.00e+00  0.00e+00  0.00e+00  0.00e+00  1.00e+18  3.16e+17  1.00e+99  1.00e-99 -1.00e+00  1.00e+03 -9.99e+02  1.00e+99  0.00e+00 
1.229e+14 1.259e+14   33      0        0      6  0.00e+00  0.00e+00  0.00e+00  0.00e+00  1.00e+18  3.16e+17  1.00e+99  1.00e-99 -1.00e+00  1.00e+03 -9.99e+02  1.00e+99  0.00e+00 
1.290e+14 1.322e+14   34      0        0      6  0.00e+00  0.00e+00  0.00e+00  0.00e+00  1.00e+18  3.16e+17  1.00e+99  1.00e-99 -1.00e+00  1.00e+03 -9.99e+02  1.00e+99  0.00e+00 
1.354e+14 1.388e+14   35      0        0      6  0.00e+00  0.00e+00  0.00e+00  0.00e+00  1.00e+18  3.16e+17  1.00e+99  1.00e-99 -1.00e+00  1.00e+03 -9.99e+02  1.00e+99  0.00e+00 
1.421e+14 1.457e+14   36      0        0      6  0.00e+00  0.00e+00  0.00e+00  0.00e+00  1.00e+18  3.16e+17  1.00e+99  1.00e-99 -1.00e+00  1.00e+03 -9.99e+02  1.00e+99  0.00e+00 
1.492e+14 1.529e+14   37      0        0      6  0.00e+00  0.00e+00  0.00e+00  0.00e+00  1.00e+18  3.16e+17  1.00e+99  1.00e-99 -1.00e+00  1.00e+03 -9.99e+02  1.00e+99  0.00e+00 
1.566e+14 1.605e+14   38      0        0      6  0.00e+00  0.00e+00  0.00e+00  0.00e+00  1.00e+18  3.16e+17  1.00e+99  1.00e-99 -1.00e+00  1.00e+03 -9.99e+02  1.00e+99  0.00e+00 
1.644e+14 1.685e+14   39      0        0      6  0.00e+00  0.00e+00  0.00e+00  0.00e+00  1.00e+18  3.16e+17  1.00e+99  1.00e-99 -1.00e+00  1.00e+03 -9.99e+02  1.00e+99  0.00e+00 
1.726e+14 1.769e+14   40      0        0      6  0.00e+00  0.00e+00  0.00e+00  0.00e+00  1.00e+18  3.16e+17  1.00e+99  1.00e-99 -1.00e+00  1.00e+03 -9.99e+02  1.00e+99  0.00e+00 
1.812e+14 1.857e+14   41      0        0      6  0.00e+00  0.00e+00  0.00e+00  0.00e+00  1.00e+18  3.16e+17  1.00e+99  1.00e-99 -1.00e+00  1.00e+03 -9.99e+02  1.00e+99  0.00e+00 
1.902e+14 1.949e+14   42      0        0      6  0.00e+00  0.00e+00  0.00e+00  0.00e+00  1.00e+18  3.16e+17  1.00e+99  1.00e-99 -1.00e+00  1.00e+03 -9.99e+02  1.00e+99  0.00e+00 
1.997e+14 2.046e+14   43      0        0      6  0.00e+00  0.00e+00  0.00e+00  0.00e+00  1.00e+18  3.16e+17  1.00e+99  1.00e-99 -1.00e+00  1.00e+03 -9.99e+02  1.00e+99  0.00e+00 
2.096e+14 2.148e+14   44      0        0      6  0.00e+00  0.00e+00  0.00e+00  0.00e+00  1.00e+18  3.16e+17  1.00e+99  1.00e-99 -1.00e+00  1.00e+03 -9.99e+02  1.00e+99  0.00e+00 
2.200e+14 2.255e+14   45      0        0      6  0.00e+00  0.00e+00  0.00e+00  0.00e+00  1.00e+18  3.16e+17  1.00e+99  1.00e-99 -1.00e+00  1.00e+03 -9.99e+02  1.00e+99  0.00e+00 
2.310e+14 2.367e+14   46      0        0      6  0.00e+00  0.00e+00  0.00e+00  0.00e+00  1.00e+18  3.16e+17  1.00e+99  1.00e-99 -1.00e+00  1.00e+03 -9.99e+02  1.00e+99  0.00e+00 
2.425e+14 2.485e+14   47      0        0      6  0.00e+00  0.00e+00  0.00e+00  0.00e+00  1.00e+18  3.16e+17  1.00e+99  1.00e-99 -1.00e+00  1.00e+03 -9.99e+02  1.00e+99  0.00e+00 
2.545e+14 2.608e+14   48      0        0      6  0.00e+00  0.00e+00  0.00e+00  0.00e+00  1.00e+18  3.16e+17  1.00e+99  1.00e-99 -1.00e+00  1.00e+03 -9.99e+02  1.00e+99  0.00e+00 
2.672e+14 2.738e+14   49      0        0      6  0.00e+00  0.00e+00  0.00e+00  0.00e+00  1.00e+18  3.16e+17  1.00e+99  1.00e-99 -1.00e+00  1.00e+03 -9.99e+02  1.00e+99  0.00e+00 
2.805e+14 2.874e+14   50      0        0      6  0.00e+00  0.00e+00  0.00e+00  0.00e+00  1.00e+18  3.16e+17  1.00e+99  1.00e-99 -1.00e+00  1.00e+03 -9.99e+02  1.00e+99  0.00e+00 
2.944e+14 3.017e+14   51      0        0      6  0.00e+00  0.00e+00  0.00e+00  0.00e+00  1.00e+18  3.16e+17  1.00e+99  1.00e-99 -1.00e+00  1.00e+03 -9.99e+02  1.00e+99  0.00e+00 
3.091e+14 3.168e+14   52      0        0      6  0.00e+00  0.00e+00  0.00e+00  0.00e+00  1.00e+18  3.16e+17  1.00e+99  1.00e-99 -1.00e+00  1.00e+03 -9.99e+02  1.00e+99  0.00e+00 
3.244e+14 3.325e+14   53      0        0      6  0.00e+00  0.00e+00  0.00e+00  0.00e+00  1.00e+18  3.16e+17  1.00e+99  1.00e-99 -1.00e+00  1.00e+03 -9.99e+02  1.00e+99  0.00e+00 
3.406e+14 3.491e+14   54      0        0      6  0.00e+00  0.00e+00  0.00e+00  0.00e+00  1.00e+18  3.16e+17  1.00e+99  1.00e-99 -1.00e+00  1.00e+03 -9.99e+02  1.00e+99  0.00e+00 
3.575e+14 3.664e+14   55      0        0      6  0.00e+00  0.00e+00  0.00e+00  0.00e+00  1.00e+18  3.16e+17  1.00e+99  1.00e-99 -1.00e+00  1.00e+03 -9.99e+02  1.00e+99  0.00e+00 
3.753e+14 3.847e+14   56      0        0      6  0.00e+00  0.00e+00  0.00e+00  0.00e+00  1.00e+18  3.16e+17  1.00e+99  1.00e-99 -1.00e+00  1.00e+03 -9.99e+02  1.00e+99  0.00e+00 
3.940e+14 4.038e+14   57      0        0      6  0.00e+00  0.00e+00  0.00e+00  0.00e+00  1.00e+18  3.16e+17  1.00e+99  1.00e-99 -1.00e+00  1.00e+03 -9.99e+02  1.00e+99  0.00e+00 
4.136e+14 4.239e+14   58      0        0      6  0.00e+00  0.00e+00  0.00e+00  0.00e+00  1.00e+18  3.16e+17  1.00e+99  1.00e-99 -1.00e+00  1.00e+03 -9.99e+02  1.00e+99  0.00e+00 
4.342e+14 4.450e+14   59      0        0      6  0.00e+00  0.00e+00  0.00e+00  0.00e+00  1.00e+18  3.16e+17  1.00e+99  1.00e-99 -1.00e+00  1.00e+03 -9.99e+02  1.00e+99  0.00e+00 
4.558e+14 4.671e+14   60      0        0      6  0.00e+00  0.00e+00  0.00e+00  0.00e+00  1.00e+18  3.16e+17  1.00e+99  1.00e-99 -1.00e+00  1.00e+03 -9.99e+02  1.00e+99  0.00e+00 
4.784e+14 4.903e+14   61      0        0      6  0.00e+00  0.00e+00  0.00e+00  0.00e+00  1.00e+18  3.16e+17  1.00e+99  1.00e-99 -1.00e+00  1.00e+03 -9.99e+02  1.00e+99  0.00e+00 
5.022e+14 5.147e+14   62      0        0      6  0.00e+00  0.00e+00  0.00e+00  0.00e+00  1.00e+18  3.16e+17  1.00e+99  1.00e-99 -1.00e+00  1.00e+03 -9.99e+02  1.00e+99  0.00e+00 
5.272e+14 5.403e+14   63      0        0      6  0.00e+00  0.00e+00  0.00e+00  0.00e+00  1.00e+18  3.16e+17  1.00e+99  1.00e-99 -1.00e+00  1.00e+03 -9.99e+02  1.00e+99  0.00e+00 
5.535e+14 5.672e+14   64      0        0      6  0.00e+00  0.00e+00  0.00e+00  0.00e+00  1.00e+18  3.16e+17  1.00e+99  1.00e-99 -1.00e+00  1.00e+03 -9.99e+02  1.00e+99  0.00e+00 
5.810e+14 5.954e+14   65      0        0      6  0.00e+00  0.00e+00  0.00e+00  0.00e+00  1.00e+18  3.16e+17  1.00e+99  1.00e-99 -1.00e+00  1.00e+03 -9.99e+02  1.00e+99  0.00e+00 
6.099e+14 6.251e+14   66      0        0      6  0.00e+00  0.00e+00  0.00e+00  0.00e+00  1.00e+18  3.16e+17  1.00e+99  1.00e-99 -1.00e+00  1.00e+03 -9.99e+02  1.00e+99  0.00e+00 
6.402e+14 6.562e+14   67      0        0      6  0.00e+00  0.00e+00  0.00e+00  0.00e+00  1.00e+18  3.16e+17  1.00e+99  1.00e-99 -1.00e+00  1.00e+03 -9.99e+02  1.00e+99  0.00e+00 
6.721e+14 6.888e+14   68     -1        0      6  0.00e+00  0.00e+00  0.00e+00  0.00e+00  0.00e+00  0.00e+00  0.00e+00  0.00e+00  0.00e+00  0.00e+00  0.00e+00  0.00e+00  0.00e+00 
7.055e+14 7.091e+14   69     -1        0      6  0.00e+00  0.00e+00  0.00e+00  0.00e+00  0.00e+00  0.00e+00  0.00e+00  0.00e+00  0.00e+00  0.00e+00  0.00e+00  0.00e+00  0.00e+00 
