       r    i inwind      i01      i02      i03      i04      i05      i06      i07      i08      i09 
2.48e+13    0     -1 0.00e+00 0.00e+00 0.00e+00 0.00e+00 0.00e+00 0.00e+00 0.00e+00 0.00e+00 0.00e+00 
2.60e+13    1      0 5.18e-11 5.18e-11 5.18e-11 5.18e-11 5.18e-11 5.18e-11 4.95e-05 1.78e+03 5.18e+09 
2.73e+13    2      0 5.04e-11 5.04e-11 5.04e-11 5.04e-11 5.04e-11 5.04e-11 6.72e-04 7.23e+03 5.04e+09 
2.86e+13    3      0 4.88e-11 4.88e-11 4.88e-11 4.88e-11 4.88e-11 4.88e-11 1.16e-02 3.32e+04 4.88e+09 
3.01e+13    4      0 4.75e-11 4.75e-11 4.75e-11 4.75e-11 4.75e-11 5.47e-11 2.48e-01 1.71e+05 4.75e+09 
3.16e+13    5      0 4.62e-11 4.62e-11 4.62e-11 4.62e-11 4.62e-11 1.97e-09 6.92e+00 1.02e+06 4.62e+09 
3.31e+13    6      0 4.50e-11 4.50e-11 4.50e-11 4.50e-11 4.50e-11 9.36e-08 2.49e+02 6.95e+06 4.49e+09 
3.48e+13    7      0 4.43e-11 4.43e-11 4.43e-11 4.43e-11 4.43e-11 7.98e-06 1.56e+04 6.49e+07 4.36e+09 
3.65e+13    8      0 4.38e-11 4.38e-11 4.38e-11 4.38e-11 4.38e-11 8.70e-04 1.22e+06 6.44e+08 3.73e+09 
3.83e+13    9      0 4.37e-11 4.37e-11 4.37e-11 4.37e-11 1.42e-08 4.54e+00 4.36e+09 1.84e+05 1.87e-01 
4.02e+13   10      0 4.32e-11 4.32e-11 4.32e-11 4.32e-11 2.95e-08 6.83e+00 4.32e+09 2.83e+05 4.80e-01 
4.22e+13   11      0 4.28e-11 4.28e-11 4.28e-11 4.28e-11 6.67e-08 1.07e+01 4.28e+09 4.22e+05 1.15e+00 
4.43e+13   12      0 4.24e-11 4.24e-11 4.24e-11 4.24e-11 1.70e-07 1.80e+01 4.24e+09 5.74e+05 2.25e+00 
4.65e+13   13      0 4.20e-11 4.20e-11 4.20e-11 4.20e-11 4.90e-07 3.21e+01 4.20e+09 6.82e+05 3.31e+00 
4.88e+13   14      0 4.11e-11 4.11e-11 4.11e-11 4.11e-11 1.56e-06 5.98e+01 4.11e+09 6.66e+05 3.22e+00 
5.13e+13   15      0 4.03e-11 4.03e-11 4.03e-11 4.03e-11 5.63e-06 1.19e+02 4.03e+09 5.39e+05 2.09e+00 
5.38e+13   16      0 3.95e-11 3.95e-11 3.95e-11 3.95e-11 2.38e-05 2.55e+02 3.95e+09 3.44e+05 8.12e-01 
5.65e+13   17      0 3.82e-11 3.82e-11 3.82e-11 3.82e-11 1.11e-04 5.76e+02 3.82e+09 1.82e+05 2.13e-01 
5.93e+13   18      0 3.63e-11 3.63e-11 3.63e-11 3.63e-11 4.80e-04 1.19e+03 3.63e+09 7.69e+04 3.53e-02 
6.23e+13   19      0 3.42e-11 3.42e-11 3.42e-11 1.28e-10 2.13e-03 2.45e+03 3.42e+09 2.66e+04 3.79e-03 
6.54e+13   20      0 3.20e-11 3.20e-11 3.20e-11 9.21e-10 8.21e-03 4.39e+03 3.20e+09 7.99e+03 3.05e-04 
6.86e+13   21      0 2.90e-11 2.90e-11 2.90e-11 5.63e-09 2.73e-02 7.02e+03 2.90e+09 2.00e+03 1.71e-05 
7.20e+13   22      0 2.61e-11 2.61e-11 2.61e-11 2.50e-08 6.88e-02 9.49e+03 2.61e+09 4.67e+02 8.29e-07 
7.56e+13   23      0 2.35e-11 2.35e-11 2.35e-11 9.68e-08 1.56e-01 1.20e+04 2.35e+09 1.00e+02 3.35e-08 
7.94e+13   24      0 2.10e-11 2.10e-11 2.10e-11 3.41e-07 3.34e-01 1.54e+04 2.10e+09 2.04e+01 1.22e-09 
8.33e+13   25      0 1.84e-11 1.84e-11 1.84e-11 8.63e-07 5.49e-01 1.72e+04 1.84e+09 3.67e+00 3.43e-11 
8.75e+13   26      0 1.64e-11 1.64e-11 1.64e-11 2.22e-06 9.49e-01 2.03e+04 1.64e+09 6.31e-01 1.64e-11 
9.18e+13   27      0 1.47e-11 1.47e-11 1.47e-11 6.01e-06 1.79e+00 2.57e+04 1.47e+09 1.01e-01 1.47e-11 
9.64e+13   28      0 1.31e-11 1.31e-11 1.31e-11 1.64e-05 3.56e+00 3.39e+04 1.31e+09 1.42e-02 1.31e-11 
1.01e+14   29      0 1.18e-11 1.18e-11 1.18e-11 3.54e-05 6.00e+00 4.16e+04 1.18e+09 1.90e-03 1.18e-11 
1.06e+14   30      0 1.07e-11 1.07e-11 1.07e-11 6.13e-05 8.62e+00 4.73e+04 1.07e+09 2.62e-04 1.07e-11 
1.11e+14   31      0 9.77e-12 9.77e-12 9.77e-12 1.25e-04 1.50e+01 5.99e+04 9.77e+08 3.12e-05 9.77e-12 
1.17e+14   32      0 8.90e-12 8.90e-12 1.76e-11 2.51e-04 2.67e+01 7.69e+04 8.90e+08 3.48e-06 8.90e-12 
1.23e+14   33      0 8.16e-12 8.16e-12 3.52e-11 4.86e-04 4.77e+01 1.07e+05 8.16e+08 3.77e-07 8.16e-12 
1.29e+14   34      0 7.56e-12 7.56e-12 7.23e-11 9.71e-04 8.88e+01 1.53e+05 7.55e+08 4.21e-08 7.56e-12 
1.35e+14   35      0 7.04e-12 7.04e-12 1.11e-09 1.40e-02 3.15e+02 2.11e+05 7.04e+08 4.40e-09 7.04e-12 
1.42e+14   36      0 6.52e-12 6.52e-12 2.51e-09 3.15e-02 6.84e+02 3.23e+05 6.52e+08 4.89e-10 6.52e-12 
1.49e+14   37      0 6.10e-12 6.10e-12 4.99e-09 6.16e-02 1.29e+03 4.58e+05 6.10e+08 5.69e-11 6.10e-12 
1.57e+14   38      0 5.76e-12 5.76e-12 2.11e-08 2.53e-01 4.96e+03 8.21e+05 5.75e+08 6.74e-12 5.76e-12 
1.64e+14   39      0 5.43e-12 5.43e-12 4.04e-08 4.75e-01 9.10e+03 1.11e+06 5.42e+08 5.43e-12 5.43e-12 
1.73e+14   40      0 5.11e-12 5.11e-12 1.75e-07 2.02e+00 3.88e+04 2.58e+06 5.09e+08 5.11e-12 5.11e-12 
1.81e+14   41      0 4.88e-12 4.88e-12 1.21e-07 1.36e+00 2.59e+04 2.00e+06 4.86e+08 4.88e-12 4.88e-12 
1.90e+14   42      0 4.67e-12 4.67e-12 8.41e-08 9.03e-01 1.65e+04 1.50e+06 4.66e+08 4.67e-12 4.67e-12 
2.00e+14   43      0 4.46e-12 4.46e-12 1.93e-07 1.97e+00 3.40e+04 2.79e+06 4.43e+08 4.46e-12 4.46e-12 
2.10e+14   44      0 4.28e-12 4.28e-12 6.12e-07 5.82e+00 9.35e+04 4.25e+06 4.23e+08 4.28e-12 4.28e-12 
2.20e+14   45      0 4.11e-12 4.11e-12 1.02e-06 8.89e+00 1.30e+05 4.17e+06 4.06e+08 4.11e-12 4.11e-12 
2.31e+14   46      0 3.96e-12 3.96e-12 3.52e-06 2.81e+01 3.70e+05 5.78e+06 3.90e+08 3.96e-12 3.96e-12 
2.42e+14   47      0 3.77e-12 3.77e-12 4.64e-04 3.37e+03 4.01e+07 1.31e+08 2.06e+08 3.77e-12 3.77e-12 
2.55e+14   48      0 3.61e-12 3.61e-12 9.30e-04 6.04e+03 6.37e+07 1.71e+08 1.27e+08 3.61e-12 3.61e-12 
2.67e+14   49      0 3.49e-12 3.49e-12 1.20e-03 6.79e+03 6.06e+07 1.36e+08 1.53e+08 3.49e-12 3.49e-12 
2.80e+14   50      0 3.35e-12 3.35e-12 2.07e-03 1.01e+04 7.50e+07 1.36e+08 1.24e+08 3.35e-12 3.35e-12 
2.94e+14   51      0 3.24e-12 5.32e-12 5.59e-03 2.24e+04 1.31e+08 1.58e+08 3.56e+07 3.24e-12 3.24e-12 
3.09e+14   52      0 3.14e-12 1.21e-11 1.08e-02 3.41e+04 1.51e+08 1.32e+08 3.07e+07 3.14e-12 3.14e-12 
3.24e+14   53      0 3.04e-12 3.77e-11 2.71e-02 6.28e+04 1.89e+08 1.01e+08 1.42e+07 3.04e-12 3.04e-12 
3.41e+14   54      0 3.03e-12 1.43e-10 7.92e-02 1.24e+05 2.29e+08 6.71e+07 6.80e+06 3.03e-12 3.03e-12 
3.58e+14   55      0 2.94e-12 4.92e-10 2.10e-01 2.20e+05 2.47e+08 4.16e+07 5.22e+06 2.94e-12 2.94e-12 
3.75e+14   56      0 2.86e-12 1.64e-09 5.31e-01 3.68e+05 2.54e+08 2.80e+07 3.51e+06 2.86e-12 2.86e-12 
3.94e+14   57      0 2.82e-12 5.76e-11 1.39e-02 7.02e+03 1.63e+07 2.08e+08 5.76e+07 2.82e-12 2.82e-12 
4.14e+14   58      0 2.74e-12 2.52e-10 4.48e-02 1.52e+04 2.43e+07 2.12e+08 3.72e+07 2.74e-12 2.74e-12 
4.34e+14   59      0 2.69e-12 9.32e-10 1.20e-01 2.75e+04 3.19e+07 2.12e+08 2.57e+07 2.69e-12 2.69e-12 
4.56e+14   60      0 2.62e-12 4.59e-09 4.26e-01 6.18e+04 4.63e+07 2.00e+08 1.54e+07 2.62e-12 2.62e-12 
4.78e+14   61      0 2.51e-12 2.76e-08 1.90e+00 1.70e+05 7.62e+07 1.74e+08 4.62e+05 2.51e-12 2.51e-12 
5.02e+14   62      0 2.14e-12 2.23e-07 1.21e+01 6.00e+05 1.18e+08 9.51e+07 2.17e+05 2.14e-12 2.14e-12 
5.27e+14   63      0 1.60e-12 2.06e-06 1.01e+02 2.49e+06 1.40e+08 1.76e+07 9.21e-02 1.60e-12 1.60e-12 
5.53e+14   64      0 1.07e-12 1.15e-05 5.66e+02 7.03e+06 9.85e+07 1.14e+06 1.23e-04 1.07e-12 1.07e-12 
5.81e+14   65      0 6.09e-13 2.89e-05 1.60e+03 1.16e+07 4.93e+07 1.01e-02 6.09e-13 6.09e-13 6.09e-13 
6.10e+14   66      0 3.47e-13 1.01e-04 6.49e+03 3.47e+07 1.30e+01 9.79e-11 3.47e-13 3.47e-13 3.47e-13 
6.40e+14   67      0 1.97e-13 7.40e-05 5.68e+03 1.97e+07 2.44e-01 1.97e-13 1.97e-13 1.97e-13 1.97e-13 
6.72e+14   68     -1 0.00e+00 0.00e+00 0.00e+00 0.00e+00 0.00e+00 0.00e+00 0.00e+00 0.00e+00 0.00e+00 
7.06e+14   69     -1 0.00e+00 0.00e+00 0.00e+00 0.00e+00 0.00e+00 0.00e+00 0.00e+00 0.00e+00 0.00e+00 
