       r    i inwind      i01      i02      i03      i04      i05      i06      i07      i08      i09 
2.48e+13    0     -1 0.00e+00 0.00e+00 0.00e+00 0.00e+00 0.00e+00 0.00e+00 0.00e+00 0.00e+00 0.00e+00 
2.60e+13    1      0 1.00e-20 1.00e-20 1.00e-20 1.00e-20 1.00e-20 1.00e-20 9.55e-15 3.44e-07 1.00e+00 
2.73e+13    2      0 1.00e-20 1.00e-20 1.00e-20 1.00e-20 1.00e-20 1.00e-20 1.34e-13 1.44e-06 1.00e+00 
2.86e+13    3      0 1.00e-20 1.00e-20 1.00e-20 1.00e-20 1.00e-20 1.00e-20 2.39e-12 6.81e-06 1.00e+00 
3.01e+13    4      0 1.00e-20 1.00e-20 1.00e-20 1.00e-20 1.00e-20 1.15e-20 5.23e-11 3.60e-05 1.00e+00 
3.16e+13    5      0 1.00e-20 1.00e-20 1.00e-20 1.00e-20 1.00e-20 4.26e-19 1.50e-09 2.20e-04 1.00e+00 
3.31e+13    6      0 1.00e-20 1.00e-20 1.00e-20 1.00e-20 1.00e-20 2.08e-17 5.54e-08 1.55e-03 9.98e-01 
3.48e+13    7      0 1.00e-20 1.00e-20 1.00e-20 1.00e-20 1.00e-20 1.80e-15 3.53e-06 1.47e-02 9.85e-01 
3.65e+13    8      0 1.00e-20 1.00e-20 1.00e-20 1.00e-20 1.00e-20 1.99e-13 2.79e-04 1.47e-01 8.53e-01 
3.83e+13    9      0 1.00e-20 1.00e-20 1.00e-20 1.00e-20 3.26e-18 1.04e-09 1.00e+00 4.21e-05 4.28e-11 
4.02e+13   10      0 1.00e-20 1.00e-20 1.00e-20 1.00e-20 6.83e-18 1.58e-09 1.00e+00 6.55e-05 1.11e-10 
4.22e+13   11      0 1.00e-20 1.00e-20 1.00e-20 1.00e-20 1.56e-17 2.51e-09 1.00e+00 9.86e-05 2.68e-10 
4.43e+13   12      0 1.00e-20 1.00e-20 1.00e-20 1.00e-20 4.01e-17 4.23e-09 1.00e+00 1.35e-04 5.31e-10 
4.65e+13   13      0 1.00e-20 1.00e-20 1.00e-20 1.00e-20 1.17e-16 7.65e-09 1.00e+00 1.62e-04 7.89e-10 
4.88e+13   14      0 1.00e-20 1.00e-20 1.00e-20 1.00e-20 3.78e-16 1.45e-08 1.00e+00 1.62e-04 7.82e-10 
5.13e+13   15      0 1.00e-20 1.00e-20 1.00e-20 1.00e-20 1.40e-15 2.95e-08 1.00e+00 1.34e-04 5.19e-10 
5.38e+13   16      0 1.00e-20 1.00e-20 1.00e-20 1.00e-20 6.03e-15 6.45e-08 1.00e+00 8.71e-05 2.05e-10 
5.65e+13   17      0 1.00e-20 1.00e-20 1.00e-20 1.00e-20 2.90e-14 1.51e-07 1.00e+00 4.77e-05 5.58e-11 
5.93e+13   18      0 1.00e-20 1.00e-20 1.00e-20 1.00e-20 1.32e-13 3.29e-07 1.00e+00 2.12e-05 9.72e-12 
6.23e+13   19      0 1.00e-20 1.00e-20 1.00e-20 3.74e-20 6.21e-13 7.16e-07 1.00e+00 7.77e-06 1.11e-12 
6.54e+13   20      0 1.00e-20 1.00e-20 1.00e-20 2.88e-19 2.56e-12 1.37e-06 1.00e+00 2.49e-06 9.51e-14 
6.86e+13   21      0 1.00e-20 1.00e-20 1.00e-20 1.94e-18 9.40e-12 2.42e-06 1.00e+00 6.89e-07 5.88e-15 
7.20e+13   22      0 1.00e-20 1.00e-20 1.00e-20 9.55e-18 2.63e-11 3.63e-06 1.00e+00 1.79e-07 3.17e-16 
7.56e+13   23      0 1.00e-20 1.00e-20 1.00e-20 4.12e-17 6.62e-11 5.11e-06 1.00e+00 4.26e-08 1.43e-17 
7.94e+13   24      0 1.00e-20 1.00e-20 1.00e-20 1.63e-16 1.59e-10 7.33e-06 1.00e+00 9.72e-09 5.81e-19 
8.33e+13   25      0 1.00e-20 1.00e-20 1.00e-20 4.68e-16 2.98e-10 9.32e-06 1.00e+00 1.99e-09 1.86e-20 
8.75e+13   26      0 1.00e-20 1.00e-20 1.00e-20 1.35e-15 5.79e-10 1.24e-05 1.00e+00 3.85e-10 1.00e-20 
9.18e+13   27      0 1.00e-20 1.00e-20 1.00e-20 4.08e-15 1.22e-09 1.74e-05 1.00e+00 6.86e-11 1.00e-20 
9.64e+13   28      0 1.00e-20 1.00e-20 1.00e-20 1.25e-14 2.71e-09 2.58e-05 1.00e+00 1.08e-11 1.00e-20 
1.01e+14   29      0 1.00e-20 1.00e-20 1.00e-20 3.00e-14 5.08e-09 3.52e-05 1.00e+00 1.61e-12 1.00e-20 
1.06e+14   30      0 1.00e-20 1.00e-20 1.00e-20 5.72e-14 8.05e-09 4.41e-05 1.00e+00 2.44e-13 1.00e-20 
1.11e+14   31      0 1.00e-20 1.00e-20 1.00e-20 1.28e-13 1.54e-08 6.13e-05 1.00e+00 3.19e-14 1.00e-20 
1.17e+14   32      0 1.00e-20 1.00e-20 1.97e-20 2.82e-13 3.00e-08 8.64e-05 1.00e+00 3.91e-15 1.00e-20 
1.23e+14   33      0 1.00e-20 1.00e-20 4.31e-20 5.95e-13 5.85e-08 1.31e-04 1.00e+00 4.62e-16 1.00e-20 
1.29e+14   34      0 1.00e-20 1.00e-20 9.57e-20 1.29e-12 1.18e-07 2.02e-04 1.00e+00 5.57e-17 1.00e-20 
1.35e+14   35      0 1.00e-20 1.00e-20 1.57e-18 1.99e-11 4.48e-07 3.00e-04 1.00e+00 6.25e-18 1.00e-20 
1.42e+14   36      0 1.00e-20 1.00e-20 3.85e-18 4.83e-11 1.05e-06 4.95e-04 1.00e+00 7.50e-19 1.00e-20 
1.49e+14   37      0 1.00e-20 1.00e-20 8.18e-18 1.01e-10 2.11e-06 7.50e-04 9.99e-01 9.33e-20 1.00e-20 
1.57e+14   38      0 1.00e-20 1.00e-20 3.67e-17 4.39e-10 8.62e-06 1.43e-03 9.99e-01 1.17e-20 1.00e-20 
1.64e+14   39      0 1.00e-20 1.00e-20 7.44e-17 8.74e-10 1.68e-05 2.04e-03 9.98e-01 1.00e-20 1.00e-20 
1.73e+14   40      0 1.00e-20 1.00e-20 3.41e-16 3.95e-09 7.59e-05 5.05e-03 9.95e-01 1.00e-20 1.00e-20 
1.81e+14   41      0 1.00e-20 1.00e-20 2.48e-16 2.79e-09 5.30e-05 4.10e-03 9.96e-01 1.00e-20 1.00e-20 
1.90e+14   42      0 1.00e-20 1.00e-20 1.80e-16 1.93e-09 3.54e-05 3.21e-03 9.97e-01 1.00e-20 1.00e-20 
2.00e+14   43      0 1.00e-20 1.00e-20 4.33e-16 4.41e-09 7.63e-05 6.27e-03 9.94e-01 1.00e-20 1.00e-20 
2.10e+14   44      0 1.00e-20 1.00e-20 1.43e-15 1.36e-08 2.19e-04 9.95e-03 9.90e-01 1.00e-20 1.00e-20 
2.20e+14   45      0 1.00e-20 1.00e-20 2.47e-15 2.17e-08 3.17e-04 1.01e-02 9.90e-01 1.00e-20 1.00e-20 
2.31e+14   46      0 1.00e-20 1.00e-20 8.90e-15 7.09e-08 9.35e-04 1.46e-02 9.84e-01 1.00e-20 1.00e-20 
2.42e+14   47      0 1.00e-20 1.00e-20 1.23e-12 8.95e-06 1.06e-01 3.47e-01 5.47e-01 1.00e-20 1.00e-20 
2.55e+14   48      0 1.00e-20 1.00e-20 2.57e-12 1.67e-05 1.76e-01 4.72e-01 3.52e-01 1.00e-20 1.00e-20 
2.67e+14   49      0 1.00e-20 1.00e-20 3.43e-12 1.94e-05 1.73e-01 3.89e-01 4.38e-01 1.00e-20 1.00e-20 
2.80e+14   50      0 1.00e-20 1.00e-20 6.18e-12 3.01e-05 2.24e-01 4.07e-01 3.70e-01 1.00e-20 1.00e-20 
2.94e+14   51      0 1.00e-20 1.64e-20 1.72e-11 6.91e-05 4.04e-01 4.86e-01 1.10e-01 1.00e-20 1.00e-20 
3.09e+14   52      0 1.00e-20 3.87e-20 3.43e-11 1.09e-04 4.81e-01 4.21e-01 9.77e-02 1.00e-20 1.00e-20 
3.24e+14   53      0 1.00e-20 1.24e-19 8.89e-11 2.06e-04 6.22e-01 3.31e-01 4.66e-02 1.00e-20 1.00e-20 
3.41e+14   54      0 1.00e-20 4.73e-19 2.61e-10 4.10e-04 7.56e-01 2.21e-01 2.24e-02 1.00e-20 1.00e-20 
3.58e+14   55      0 1.00e-20 1.68e-18 7.15e-10 7.50e-04 8.40e-01 1.41e-01 1.78e-02 1.00e-20 1.00e-20 
3.75e+14   56      0 1.00e-20 5.73e-18 1.86e-09 1.29e-03 8.88e-01 9.79e-02 1.23e-02 1.00e-20 1.00e-20 
3.94e+14   57      0 1.00e-20 2.04e-19 4.92e-11 2.49e-05 5.79e-02 7.38e-01 2.04e-01 1.00e-20 1.00e-20 
4.14e+14   58      0 1.00e-20 9.19e-19 1.64e-10 5.56e-05 8.87e-02 7.75e-01 1.36e-01 1.00e-20 1.00e-20 
4.34e+14   59      0 1.00e-20 3.46e-18 4.46e-10 1.02e-04 1.18e-01 7.86e-01 9.55e-02 1.00e-20 1.00e-20 
4.56e+14   60      0 1.00e-20 1.75e-17 1.63e-09 2.36e-04 1.77e-01 7.64e-01 5.88e-02 1.00e-20 1.00e-20 
4.78e+14   61      0 1.00e-20 1.10e-16 7.57e-09 6.78e-04 3.04e-01 6.94e-01 1.84e-03 1.00e-20 1.00e-20 
5.02e+14   62      0 1.00e-20 1.04e-15 5.69e-08 2.81e-03 5.51e-01 4.45e-01 1.02e-03 1.00e-20 1.00e-20 
5.27e+14   63      0 1.00e-20 1.28e-14 6.28e-07 1.56e-02 8.75e-01 1.10e-01 5.74e-10 1.00e-20 1.00e-20 
5.53e+14   64      0 1.00e-20 1.08e-13 5.31e-06 6.59e-02 9.23e-01 1.07e-02 1.16e-12 1.00e-20 1.00e-20 
5.81e+14   65      0 1.00e-20 4.75e-13 2.63e-05 1.91e-01 8.09e-01 1.67e-10 1.00e-20 1.00e-20 1.00e-20 
6.10e+14   66      0 1.00e-20 2.90e-12 1.87e-04 1.00e+00 3.76e-07 2.82e-18 1.00e-20 1.00e-20 1.00e-20 
6.40e+14   67      0 1.00e-20 3.76e-12 2.88e-04 1.00e+00 1.24e-08 1.00e-20 1.00e-20 1.00e-20 1.00e-20 
6.72e+14   68     -1 0.00e+00 0.00e+00 0.00e+00 0.00e+00 0.00e+00 0.00e+00 0.00e+00 0.00e+00 0.00e+00 
7.06e+14   69     -1 0.00e+00 0.00e+00 0.00e+00 0.00e+00 0.00e+00 0.00e+00 0.00e+00 0.00e+00 0.00e+00 
