       r    i inwind      i01      i02      i03 
2.48e+13    0     -1 0.00e+00 0.00e+00 0.00e+00 
2.60e+13    1      0 1.00e-20 1.49e+02 5.95e+11 
2.73e+13    2      0 1.00e-20 1.15e+02 5.78e+11 
2.86e+13    3      0 1.00e-20 9.87e+01 5.60e+11 
3.01e+13    4      0 1.00e-20 8.92e+01 5.45e+11 
3.16e+13    5      0 1.00e-20 5.05e+01 5.30e+11 
3.31e+13    6      0 1.00e-20 5.92e+01 5.16e+11 
3.48e+13    7      0 1.00e-20 9.24e+01 5.08e+11 
3.65e+13    8      0 1.00e-20 7.20e+01 5.02e+11 
3.83e+13    9      0 1.00e-20 5.96e+01 5.01e+11 
4.02e+13   10      0 1.00e-20 7.46e+01 4.96e+11 
4.22e+13   11      0 1.00e-20 5.77e+01 4.91e+11 
4.43e+13   12      0 1.00e-20 5.72e+01 4.87e+11 
4.65e+13   13      0 1.00e-20 6.76e+01 4.82e+11 
4.88e+13   14      0 1.00e-20 4.60e+01 4.72e+11 
5.13e+13   15      0 1.00e-20 6.28e+01 4.62e+11 
5.38e+13   16      0 1.00e-20 5.37e+01 4.54e+11 
5.65e+13   17      0 1.00e-20 3.45e+01 4.38e+11 
5.93e+13   18      0 1.00e-20 3.20e+01 4.16e+11 
6.23e+13   19      0 1.00e-20 4.61e+01 3.93e+11 
6.54e+13   20      0 1.00e-20 5.41e+01 3.68e+11 
6.86e+13   21      0 1.00e-20 6.30e+01 3.33e+11 
7.20e+13   22      0 1.00e-20 4.21e+01 3.00e+11 
7.56e+13   23      0 1.00e-20 3.63e+01 2.70e+11 
7.94e+13   24      0 1.00e-20 5.46e+01 2.41e+11 
8.33e+13   25      0 1.00e-20 4.10e+01 2.12e+11 
8.75e+13   26      0 1.00e-20 4.18e+01 1.88e+11 
9.18e+13   27      0 1.00e-20 3.40e+01 1.69e+11 
9.64e+13   28      0 1.00e-20 3.10e+01 1.51e+11 
1.01e+14   29      0 1.00e-20 2.97e+01 1.36e+11 
1.06e+14   30      0 1.00e-20 3.05e+01 1.23e+11 
1.11e+14   31      0 1.00e-20 2.11e+01 1.12e+11 
1.17e+14   32      0 1.00e-20 1.39e+01 1.02e+11 
1.23e+14   33      0 1.00e-20 2.11e+01 9.37e+10 
1.29e+14   34      0 1.00e-20 2.10e+01 8.67e+10 
1.35e+14   35      0 1.00e-20 1.51e+01 8.09e+10 
1.42e+14   36      0 1.00e-20 2.10e+01 7.49e+10 
1.49e+14   37      0 1.00e-20 1.12e+01 7.01e+10 
1.57e+14   38      0 1.00e-20 2.15e+01 6.62e+10 
1.64e+14   39      0 1.00e-20 2.25e+01 6.23e+10 
1.73e+14   40      0 1.00e-20 2.04e+01 5.87e+10 
1.81e+14   41      0 1.00e-20 2.06e+01 5.60e+10 
1.90e+14   42      0 1.00e-20 2.08e+01 5.37e+10 
2.00e+14   43      0 1.00e-20 2.14e+01 5.12e+10 
2.10e+14   44      0 1.00e-20 2.43e+01 4.91e+10 
2.20e+14   45      0 1.00e-20 2.43e+01 4.71e+10 
2.31e+14   46      0 1.00e-20 2.58e+01 4.55e+10 
2.42e+14   47      0 1.00e-20 2.37e+01 4.32e+10 
2.55e+14   48      0 1.00e-20 2.33e+01 4.15e+10 
2.67e+14   49      0 1.00e-20 2.66e+01 4.01e+10 
2.80e+14   50      0 1.00e-20 2.57e+01 3.85e+10 
2.94e+14   51      0 1.00e-20 2.85e+01 3.72e+10 
3.09e+14   52      0 1.00e-20 3.18e+01 3.60e+10 
3.24e+14   53      0 1.00e-20 3.58e+01 3.49e+10 
3.41e+14   54      0 1.00e-20 5.08e+01 3.48e+10 
3.58e+14   55      0 1.00e-20 6.10e+01 3.37e+10 
3.75e+14   56      0 4.28e-10 7.68e+01 3.28e+10 
3.94e+14   57      0 2.32e-09 1.19e+02 3.24e+10 
4.14e+14   58      0 9.56e-09 1.82e+02 3.15e+10 
4.34e+14   59      0 3.87e-08 3.33e+02 3.09e+10 
4.56e+14   60      0 1.15e-07 7.85e+02 3.01e+10 
4.78e+14   61      0 2.93e-07 1.80e+03 2.88e+10 
5.02e+14   62      0 7.45e-07 4.12e+03 2.45e+10 
5.27e+14   63      0 1.76e-06 9.04e+03 1.84e+10 
5.53e+14   64      0 2.34e-06 1.12e+04 1.22e+10 
5.81e+14   65      0 2.80e-06 1.38e+04 6.99e+09 
6.10e+14   66      0 2.89e-06 1.38e+04 3.98e+09 
6.40e+14   67      0 4.72e-06 1.95e+04 2.26e+09 
6.72e+14   68     -1 0.00e+00 0.00e+00 0.00e+00 
7.06e+14   69     -1 0.00e+00 0.00e+00 0.00e+00 
