       r    i inwind      i01      i02      i03      i04      i05      i06      i07      i08      i09 
2.48e+13    0     -1 0.00e+00 0.00e+00 0.00e+00 0.00e+00 0.00e+00 0.00e+00 0.00e+00 0.00e+00 0.00e+00 
2.60e+13    1      0 1.00e-20 1.00e-20 1.00e-20 1.00e-20 1.00e-20 1.00e-20 9.54e-15 3.44e-07 1.00e+00 
2.73e+13    2      0 1.00e-20 1.00e-20 1.00e-20 1.00e-20 1.00e-20 1.00e-20 1.34e-13 1.44e-06 1.00e+00 
2.86e+13    3      0 1.00e-20 1.00e-20 1.00e-20 1.00e-20 1.00e-20 1.00e-20 2.39e-12 6.82e-06 1.00e+00 
3.01e+13    4      0 1.00e-20 1.00e-20 1.00e-20 1.00e-20 1.00e-20 1.21e-20 5.49e-11 3.70e-05 1.00e+00 
3.16e+13    5      0 1.00e-20 1.00e-20 1.00e-20 1.00e-20 1.00e-20 4.76e-19 1.68e-09 2.35e-04 1.00e+00 
3.31e+13    6      0 1.00e-20 1.00e-20 1.00e-20 1.00e-20 1.00e-20 2.36e-17 6.31e-08 1.66e-03 9.98e-01 
3.48e+13    7      0 1.00e-20 1.00e-20 1.00e-20 1.00e-20 1.00e-20 1.61e-15 3.16e-06 1.41e-02 9.86e-01 
3.65e+13    8      0 1.00e-20 1.00e-20 1.00e-20 1.00e-20 1.00e-20 1.55e-13 2.17e-04 1.28e-01 8.72e-01 
3.83e+13    9      0 1.00e-20 1.00e-20 1.00e-20 1.00e-20 3.84e-20 1.22e-11 1.18e-02 6.88e-01 3.00e-01 
4.02e+13   10      0 1.00e-20 1.00e-20 1.00e-20 1.00e-20 6.80e-18 1.57e-09 1.00e+00 6.50e-05 1.09e-10 
4.22e+13   11      0 1.00e-20 1.00e-20 1.00e-20 1.00e-20 1.56e-17 2.50e-09 1.00e+00 9.86e-05 2.68e-10 
4.43e+13   12      0 1.00e-20 1.00e-20 1.00e-20 1.00e-20 3.99e-17 4.22e-09 1.00e+00 1.36e-04 5.36e-10 
4.65e+13   13      0 1.00e-20 1.00e-20 1.00e-20 1.00e-20 1.16e-16 7.62e-09 1.00e+00 1.58e-04 7.48e-10 
4.88e+13   14      0 1.00e-20 1.00e-20 1.00e-20 1.00e-20 3.78e-16 1.45e-08 1.00e+00 1.55e-04 7.11e-10 
5.13e+13   15      0 1.00e-20 1.00e-20 1.00e-20 1.00e-20 1.40e-15 2.95e-08 1.00e+00 1.27e-04 4.63e-10 
5.38e+13   16      0 1.00e-20 1.00e-20 1.00e-20 1.00e-20 6.03e-15 6.46e-08 1.00e+00 8.52e-05 1.96e-10 
5.65e+13   17      0 1.00e-20 1.00e-20 1.00e-20 1.00e-20 2.85e-14 1.49e-07 1.00e+00 4.48e-05 4.88e-11 
5.93e+13   18      0 1.00e-20 1.00e-20 1.00e-20 1.00e-20 1.32e-13 3.26e-07 1.00e+00 1.99e-05 8.47e-12 
6.23e+13   19      0 1.00e-20 1.00e-20 1.00e-20 3.99e-20 6.54e-13 7.37e-07 1.00e+00 7.39e-06 9.95e-13 
6.54e+13   20      0 1.00e-20 1.00e-20 1.00e-20 3.29e-19 2.90e-12 1.50e-06 1.00e+00 2.40e-06 8.73e-14 
6.86e+13   21      0 1.00e-20 1.00e-20 1.00e-20 2.01e-18 9.91e-12 2.54e-06 1.00e+00 6.79e-07 5.71e-15 
7.20e+13   22      0 1.00e-20 1.00e-20 1.00e-20 9.74e-18 2.73e-11 3.68e-06 1.00e+00 1.74e-07 3.00e-16 
7.56e+13   23      0 1.00e-20 1.00e-20 1.00e-20 3.81e-17 6.21e-11 4.91e-06 1.00e+00 4.35e-08 1.49e-17 
7.94e+13   24      0 1.00e-20 1.00e-20 1.00e-20 1.25e-16 1.27e-10 6.45e-06 1.00e+00 1.02e-08 6.42e-19 
8.33e+13   25      0 1.00e-20 1.00e-20 1.00e-20 4.54e-16 3.00e-10 9.59e-06 1.00e+00 2.02e-09 1.92e-20 
8.75e+13   26      0 1.00e-20 1.00e-20 1.00e-20 1.31e-15 5.93e-10 1.30e-05 1.00e+00 4.12e-10 1.00e-20 
9.18e+13   27      0 1.00e-20 1.00e-20 1.00e-20 3.28e-15 1.03e-09 1.61e-05 1.00e+00 7.16e-11 1.00e-20 
9.64e+13   28      0 1.00e-20 1.00e-20 1.00e-20 7.10e-15 1.63e-09 1.94e-05 1.00e+00 1.17e-11 1.00e-20 
1.01e+14   29      0 1.00e-20 1.00e-20 1.00e-20 1.85e-14 3.19e-09 2.66e-05 1.00e+00 1.80e-12 1.00e-20 
1.06e+14   30      0 1.00e-20 1.00e-20 1.00e-20 4.05e-14 5.55e-09 3.48e-05 1.00e+00 2.45e-13 1.00e-20 
1.11e+14   31      0 1.00e-20 1.00e-20 1.00e-20 8.36e-14 9.96e-09 4.74e-05 1.00e+00 3.33e-14 1.00e-20 
1.17e+14   32      0 1.00e-20 1.00e-20 1.07e-20 1.54e-13 1.68e-08 6.34e-05 1.00e+00 4.14e-15 1.00e-20 
1.23e+14   33      0 1.00e-20 1.00e-20 2.14e-20 3.02e-13 3.12e-08 9.10e-05 1.00e+00 5.00e-16 1.00e-20 
1.29e+14   34      0 1.00e-20 1.00e-20 6.62e-20 9.10e-13 8.88e-08 1.72e-04 1.00e+00 5.71e-17 1.00e-20 
1.35e+14   35      0 1.00e-20 1.00e-20 1.24e-18 1.63e-11 4.11e-07 2.82e-04 1.00e+00 6.86e-18 1.00e-20 
1.42e+14   36      0 1.00e-20 1.00e-20 2.05e-18 2.68e-11 6.56e-07 3.66e-04 1.00e+00 8.28e-19 1.00e-20 
1.49e+14   37      0 1.00e-20 1.00e-20 8.84e-18 1.13e-10 2.62e-06 7.54e-04 9.99e-01 1.03e-19 1.00e-20 
1.57e+14   38      0 1.00e-20 1.00e-20 3.24e-17 4.00e-10 8.80e-06 1.48e-03 9.99e-01 1.30e-20 1.00e-20 
1.64e+14   39      0 1.00e-20 1.00e-20 8.99e-17 1.09e-09 2.35e-05 2.47e-03 9.98e-01 1.00e-20 1.00e-20 
1.73e+14   40      0 1.00e-20 1.00e-20 1.01e-15 1.20e-08 2.52e-04 8.59e-03 9.91e-01 1.00e-20 1.00e-20 
1.81e+14   41      0 1.00e-20 1.00e-20 6.72e-14 7.69e-07 1.59e-02 1.20e-01 8.64e-01 1.00e-20 1.00e-20 
1.90e+14   42      0 1.00e-20 1.00e-20 1.61e-13 1.75e-06 3.46e-02 2.23e-01 7.43e-01 1.00e-20 1.00e-20 
2.00e+14   43      0 1.00e-20 1.00e-20 3.08e-13 3.17e-06 5.89e-02 3.37e-01 6.04e-01 1.00e-20 1.00e-20 
2.10e+14   44      0 1.00e-20 1.00e-20 4.54e-13 4.36e-06 7.54e-02 3.95e-01 5.29e-01 1.00e-20 1.00e-20 
2.20e+14   45      0 1.00e-20 1.00e-20 6.03e-13 5.31e-06 8.21e-02 3.75e-01 5.42e-01 1.00e-20 1.00e-20 
2.31e+14   46      0 1.00e-20 1.00e-20 9.47e-13 7.60e-06 1.06e-01 4.17e-01 4.77e-01 1.00e-20 1.00e-20 
2.42e+14   47      0 1.00e-20 1.00e-20 1.55e-12 1.14e-05 1.43e-01 4.94e-01 3.63e-01 1.00e-20 1.00e-20 
2.55e+14   48      0 1.00e-20 1.00e-20 2.16e-12 1.41e-05 1.53e-01 4.48e-01 3.98e-01 1.00e-20 1.00e-20 
2.67e+14   49      0 1.00e-20 1.00e-20 4.99e-12 2.83e-05 2.59e-01 5.69e-01 1.72e-01 1.00e-20 1.00e-20 
2.80e+14   50      0 1.00e-20 1.00e-20 9.54e-12 4.59e-05 3.41e-01 5.60e-01 9.91e-02 1.00e-20 1.00e-20 
2.94e+14   51      0 1.00e-20 1.72e-20 1.80e-11 7.16e-05 4.21e-01 5.10e-01 6.88e-02 1.00e-20 1.00e-20 
3.09e+14   52      0 1.00e-20 4.06e-20 3.58e-11 1.13e-04 5.07e-01 4.47e-01 4.59e-02 1.00e-20 1.00e-20 
3.24e+14   53      0 1.00e-20 1.19e-19 8.53e-11 1.98e-04 6.17e-01 3.50e-01 3.27e-02 1.00e-20 1.00e-20 
3.41e+14   54      0 1.00e-20 4.59e-19 2.52e-10 3.95e-04 7.49e-01 2.31e-01 1.97e-02 1.00e-20 1.00e-20 
3.58e+14   55      0 1.00e-20 1.62e-18 6.90e-10 7.28e-04 8.39e-01 1.45e-01 1.46e-02 1.00e-20 1.00e-20 
3.75e+14   56      0 1.00e-20 5.49e-18 1.77e-09 1.24e-03 8.87e-01 1.00e-01 1.17e-02 1.00e-20 1.00e-20 
3.94e+14   57      0 1.00e-20 1.97e-19 4.74e-11 2.42e-05 5.77e-02 7.59e-01 1.83e-01 1.00e-20 1.00e-20 
4.14e+14   58      0 1.00e-20 7.68e-19 1.36e-10 4.79e-05 8.26e-02 8.12e-01 1.05e-01 1.00e-20 1.00e-20 
4.34e+14   59      0 1.00e-20 2.93e-18 3.75e-10 8.75e-05 1.07e-01 7.77e-01 1.16e-01 1.00e-20 1.00e-20 
4.56e+14   60      0 1.00e-20 1.58e-17 1.46e-09 2.16e-04 1.69e-01 7.80e-01 5.12e-02 1.00e-20 1.00e-20 
4.78e+14   61      0 1.00e-20 1.18e-16 8.08e-09 7.10e-04 3.05e-01 6.84e-01 1.07e-02 1.00e-20 1.00e-20 
5.02e+14   62      0 1.00e-20 1.16e-15 6.33e-08 3.07e-03 5.71e-01 4.25e-01 1.42e-03 1.00e-20 1.00e-20 
5.27e+14   63      0 1.00e-20 1.30e-14 6.23e-07 1.51e-02 8.66e-01 1.19e-01 9.73e-05 1.00e-20 1.00e-20 
5.53e+14   64      0 1.00e-20 8.39e-14 4.19e-06 5.58e-02 9.25e-01 1.92e-02 1.45e-12 1.00e-20 1.00e-20 
5.81e+14   65      0 1.00e-20 5.87e-13 3.26e-05 2.20e-01 7.80e-01 1.48e-10 1.00e-20 1.00e-20 1.00e-20 
6.10e+14   66      0 1.00e-20 3.40e-12 2.21e-04 1.00e+00 3.29e-07 2.03e-18 1.00e-20 1.00e-20 1.00e-20 
6.40e+14   67      0 1.00e-20 4.88e-12 3.88e-04 1.00e+00 7.86e-09 1.00e-20 1.00e-20 1.00e-20 1.00e-20 
6.72e+14   68     -1 0.00e+00 0.00e+00 0.00e+00 0.00e+00 0.00e+00 0.00e+00 0.00e+00 0.00e+00 0.00e+00 
7.06e+14   69     -1 0.00e+00 0.00e+00 0.00e+00 0.00e+00 0.00e+00 0.00e+00 0.00e+00 0.00e+00 0.00e+00 
