       r    i inwind      i01      i02 
2.48e+13    0     -1 0.00e+00 0.00e+00 
2.60e+13    1      0 5.54e+02 6.09e+12 
2.73e+13    2      0 5.43e+02 5.92e+12 
2.86e+13    3      0 7.36e+02 5.73e+12 
3.01e+13    4      0 5.90e+02 5.58e+12 
3.16e+13    5      0 6.21e+02 5.43e+12 
3.31e+13    6      0 5.45e+02 5.28e+12 
3.48e+13    7      0 4.42e+02 5.20e+12 
3.65e+13    8      0 4.59e+02 5.14e+12 
3.83e+13    9      0 4.40e+02 5.13e+12 
4.02e+13   10      0 3.48e+02 5.08e+12 
4.22e+13   11      0 4.13e+02 5.02e+12 
4.43e+13   12      0 3.75e+02 4.99e+12 
4.65e+13   13      0 2.73e+02 4.93e+12 
4.88e+13   14      0 2.79e+02 4.83e+12 
5.13e+13   15      0 4.00e+02 4.73e+12 
5.38e+13   16      0 3.34e+02 4.64e+12 
5.65e+13   17      0 3.55e+02 4.48e+12 
5.93e+13   18      0 3.92e+02 4.26e+12 
6.23e+13   19      0 3.58e+02 4.02e+12 
6.54e+13   20      0 3.45e+02 3.76e+12 
6.86e+13   21      0 3.02e+02 3.41e+12 
7.20e+13   22      0 2.61e+02 3.07e+12 
7.56e+13   23      0 3.06e+02 2.76e+12 
7.94e+13   24      0 3.37e+02 2.46e+12 
8.33e+13   25      0 2.03e+02 2.17e+12 
8.75e+13   26      0 1.91e+02 1.92e+12 
9.18e+13   27      0 2.00e+02 1.73e+12 
9.64e+13   28      0 1.57e+02 1.54e+12 
1.01e+14   29      0 1.44e+02 1.39e+12 
1.06e+14   30      0 1.39e+02 1.26e+12 
1.11e+14   31      0 1.32e+02 1.15e+12 
1.17e+14   32      0 1.39e+02 1.05e+12 
1.23e+14   33      0 1.29e+02 9.59e+11 
1.29e+14   34      0 7.45e+01 8.88e+11 
1.35e+14   35      0 1.07e+02 8.27e+11 
1.42e+14   36      0 1.29e+02 7.66e+11 
1.49e+14   37      0 1.20e+02 7.17e+11 
1.57e+14   38      0 1.06e+02 6.77e+11 
1.64e+14   39      0 9.71e+01 6.38e+11 
1.73e+14   40      0 9.41e+01 6.01e+11 
1.81e+14   41      0 1.02e+02 5.73e+11 
1.90e+14   42      0 1.04e+02 5.49e+11 
2.00e+14   43      0 9.76e+01 5.24e+11 
2.10e+14   44      0 8.87e+01 5.02e+11 
2.20e+14   45      0 8.82e+01 4.82e+11 
2.31e+14   46      0 1.18e+02 4.65e+11 
2.42e+14   47      0 1.20e+02 4.43e+11 
2.55e+14   48      0 1.19e+02 4.25e+11 
2.67e+14   49      0 1.12e+02 4.10e+11 
2.80e+14   50      0 1.17e+02 3.94e+11 
2.94e+14   51      0 1.35e+02 3.81e+11 
3.09e+14   52      0 1.35e+02 3.69e+11 
3.24e+14   53      0 1.25e+02 3.58e+11 
3.41e+14   54      0 1.33e+02 3.56e+11 
3.58e+14   55      0 1.22e+02 3.45e+11 
3.75e+14   56      0 1.43e+02 3.36e+11 
3.94e+14   57      0 1.46e+02 3.31e+11 
4.14e+14   58      0 1.73e+02 3.22e+11 
4.34e+14   59      0 1.93e+02 3.16e+11 
4.56e+14   60      0 2.10e+02 3.08e+11 
4.78e+14   61      0 3.02e+02 2.94e+11 
5.02e+14   62      0 2.80e+02 2.51e+11 
5.27e+14   63      0 1.95e+02 1.88e+11 
5.53e+14   64      0 1.54e+02 1.25e+11 
5.81e+14   65      0 6.67e+01 7.15e+10 
6.10e+14   66      0 2.85e+01 4.08e+10 
6.40e+14   67      0 1.37e+01 2.31e+10 
6.72e+14   68     -1 0.00e+00 0.00e+00 
7.06e+14   69     -1 0.00e+00 0.00e+00 
