       r    i inwind      i01      i02      i03      i04      i05      i06      i07      i08      i09 
2.48e+13    0     -1 0.00e+00 0.00e+00 0.00e+00 0.00e+00 0.00e+00 0.00e+00 0.00e+00 0.00e+00 0.00e+00 
2.60e+13    1      0 5.18e-11 5.18e-11 5.18e-11 5.18e-11 5.18e-11 5.18e-11 4.95e-05 1.78e+03 5.18e+09 
2.73e+13    2      0 5.04e-11 5.04e-11 5.04e-11 5.04e-11 5.04e-11 5.04e-11 6.73e-04 7.24e+03 5.04e+09 
2.86e+13    3      0 4.88e-11 4.88e-11 4.88e-11 4.88e-11 4.88e-11 4.88e-11 1.17e-02 3.33e+04 4.88e+09 
3.01e+13    4      0 4.75e-11 4.75e-11 4.75e-11 4.75e-11 4.75e-11 5.73e-11 2.61e-01 1.76e+05 4.75e+09 
3.16e+13    5      0 4.62e-11 4.62e-11 4.62e-11 4.62e-11 4.62e-11 2.20e-09 7.74e+00 1.09e+06 4.62e+09 
3.31e+13    6      0 4.50e-11 4.50e-11 4.50e-11 4.50e-11 4.50e-11 1.06e-07 2.84e+02 7.48e+06 4.49e+09 
3.48e+13    7      0 4.43e-11 4.43e-11 4.43e-11 4.43e-11 4.43e-11 7.14e-06 1.40e+04 6.26e+07 4.37e+09 
3.65e+13    8      0 4.38e-11 4.38e-11 4.38e-11 4.38e-11 4.38e-11 6.76e-04 9.48e+05 5.60e+08 3.82e+09 
3.83e+13    9      0 4.37e-11 4.37e-11 4.37e-11 4.37e-11 1.67e-10 5.35e-02 5.14e+07 3.00e+09 1.31e+09 
4.02e+13   10      0 4.32e-11 4.32e-11 4.32e-11 4.32e-11 2.94e-08 6.80e+00 4.32e+09 2.81e+05 4.72e-01 
4.22e+13   11      0 4.28e-11 4.28e-11 4.28e-11 4.28e-11 6.65e-08 1.07e+01 4.28e+09 4.22e+05 1.15e+00 
4.43e+13   12      0 4.24e-11 4.24e-11 4.24e-11 4.24e-11 1.69e-07 1.79e+01 4.24e+09 5.77e+05 2.28e+00 
4.65e+13   13      0 4.20e-11 4.20e-11 4.20e-11 4.20e-11 4.87e-07 3.20e+01 4.20e+09 6.65e+05 3.14e+00 
4.88e+13   14      0 4.11e-11 4.11e-11 4.11e-11 4.11e-11 1.55e-06 5.97e+01 4.11e+09 6.37e+05 2.93e+00 
5.13e+13   15      0 4.03e-11 4.03e-11 4.03e-11 4.03e-11 5.66e-06 1.19e+02 4.03e+09 5.11e+05 1.87e+00 
5.38e+13   16      0 3.95e-11 3.95e-11 3.95e-11 3.95e-11 2.38e-05 2.55e+02 3.95e+09 3.36e+05 7.72e-01 
5.65e+13   17      0 3.82e-11 3.82e-11 3.82e-11 3.82e-11 1.09e-04 5.70e+02 3.82e+09 1.71e+05 1.86e-01 
5.93e+13   18      0 3.63e-11 3.63e-11 3.63e-11 3.63e-11 4.77e-04 1.18e+03 3.63e+09 7.22e+04 3.07e-02 
6.23e+13   19      0 3.42e-11 3.42e-11 3.42e-11 1.37e-10 2.24e-03 2.52e+03 3.42e+09 2.53e+04 3.40e-03 
6.54e+13   20      0 3.20e-11 3.20e-11 3.20e-11 1.06e-09 9.29e-03 4.79e+03 3.20e+09 7.68e+03 2.80e-04 
6.86e+13   21      0 2.90e-11 2.90e-11 2.90e-11 5.83e-09 2.88e-02 7.39e+03 2.90e+09 1.97e+03 1.66e-05 
7.20e+13   22      0 2.61e-11 2.61e-11 2.61e-11 2.55e-08 7.13e-02 9.63e+03 2.61e+09 4.55e+02 7.84e-07 
7.56e+13   23      0 2.35e-11 2.35e-11 2.35e-11 8.95e-08 1.46e-01 1.16e+04 2.35e+09 1.02e+02 3.51e-08 
7.94e+13   24      0 2.10e-11 2.10e-11 2.10e-11 2.63e-07 2.66e-01 1.35e+04 2.10e+09 2.14e+01 1.35e-09 
8.33e+13   25      0 1.84e-11 1.84e-11 1.84e-11 8.38e-07 5.54e-01 1.77e+04 1.84e+09 3.72e+00 3.54e-11 
8.75e+13   26      0 1.64e-11 1.64e-11 1.64e-11 2.15e-06 9.72e-01 2.13e+04 1.64e+09 6.74e-01 1.64e-11 
9.18e+13   27      0 1.47e-11 1.47e-11 1.47e-11 4.83e-06 1.51e+00 2.38e+04 1.47e+09 1.05e-01 1.47e-11 
9.64e+13   28      0 1.31e-11 1.31e-11 1.31e-11 9.32e-06 2.15e+00 2.55e+04 1.31e+09 1.54e-02 1.31e-11 
1.01e+14   29      0 1.18e-11 1.18e-11 1.18e-11 2.19e-05 3.77e+00 3.14e+04 1.18e+09 2.12e-03 1.18e-11 
1.06e+14   30      0 1.07e-11 1.07e-11 1.07e-11 4.34e-05 5.94e+00 3.73e+04 1.07e+09 2.63e-04 1.07e-11 
1.11e+14   31      0 9.77e-12 9.77e-12 9.77e-12 8.16e-05 9.73e+00 4.63e+04 9.77e+08 3.25e-05 9.77e-12 
1.17e+14   32      0 8.90e-12 8.90e-12 9.51e-12 1.37e-04 1.50e+01 5.64e+04 8.90e+08 3.69e-06 8.90e-12 
1.23e+14   33      0 8.16e-12 8.16e-12 1.75e-11 2.46e-04 2.54e+01 7.43e+04 8.16e+08 4.08e-07 8.16e-12 
1.29e+14   34      0 7.56e-12 7.56e-12 5.00e-11 6.87e-04 6.71e+01 1.30e+05 7.55e+08 4.31e-08 7.56e-12 
1.35e+14   35      0 7.04e-12 7.04e-12 8.74e-10 1.15e-02 2.90e+02 1.99e+05 7.04e+08 4.83e-09 7.04e-12 
1.42e+14   36      0 6.52e-12 6.52e-12 1.34e-09 1.75e-02 4.28e+02 2.39e+05 6.52e+08 5.40e-10 6.52e-12 
1.49e+14   37      0 6.10e-12 6.10e-12 5.40e-09 6.88e-02 1.60e+03 4.60e+05 6.10e+08 6.27e-11 6.10e-12 
1.57e+14   38      0 5.76e-12 5.76e-12 1.87e-08 2.31e-01 5.07e+03 8.55e+05 5.75e+08 7.48e-12 5.76e-12 
1.64e+14   39      0 5.43e-12 5.43e-12 4.88e-08 5.90e-01 1.27e+04 1.34e+06 5.42e+08 5.43e-12 5.43e-12 
1.73e+14   40      0 5.11e-12 5.11e-12 5.18e-07 6.12e+00 1.29e+05 4.39e+06 5.07e+08 5.11e-12 5.11e-12 
1.81e+14   41      0 4.88e-12 4.88e-12 3.28e-05 3.75e+02 7.73e+06 5.87e+07 4.21e+08 4.88e-12 4.88e-12 
1.90e+14   42      0 4.67e-12 4.67e-12 7.51e-05 8.18e+02 1.62e+07 1.04e+08 3.47e+08 4.67e-12 4.67e-12 
2.00e+14   43      0 4.46e-12 4.46e-12 1.37e-04 1.41e+03 2.63e+07 1.50e+08 2.69e+08 4.46e-12 4.46e-12 
2.10e+14   44      0 4.28e-12 4.28e-12 1.94e-04 1.87e+03 3.22e+07 1.69e+08 2.26e+08 4.28e-12 4.28e-12 
2.20e+14   45      0 4.11e-12 4.11e-12 2.47e-04 2.18e+03 3.37e+07 1.54e+08 2.23e+08 4.11e-12 4.11e-12 
2.31e+14   46      0 3.96e-12 3.96e-12 3.75e-04 3.01e+03 4.19e+07 1.65e+08 1.89e+08 3.96e-12 3.96e-12 
2.42e+14   47      0 3.77e-12 3.77e-12 5.84e-04 4.29e+03 5.38e+07 1.86e+08 1.37e+08 3.77e-12 3.77e-12 
2.55e+14   48      0 3.61e-12 3.61e-12 7.79e-04 5.08e+03 5.54e+07 1.62e+08 1.44e+08 3.61e-12 3.61e-12 
2.67e+14   49      0 3.49e-12 3.49e-12 1.74e-03 9.88e+03 9.03e+07 1.99e+08 6.02e+07 3.49e-12 3.49e-12 
2.80e+14   50      0 3.35e-12 3.35e-12 3.20e-03 1.54e+04 1.14e+08 1.88e+08 3.33e+07 3.35e-12 3.35e-12 
2.94e+14   51      0 3.24e-12 5.58e-12 5.83e-03 2.32e+04 1.37e+08 1.65e+08 2.23e+07 3.24e-12 3.24e-12 
3.09e+14   52      0 3.14e-12 1.27e-11 1.12e-02 3.54e+04 1.59e+08 1.40e+08 1.44e+07 3.14e-12 3.14e-12 
3.24e+14   53      0 3.04e-12 3.63e-11 2.60e-02 6.04e+04 1.88e+08 1.07e+08 9.96e+06 3.04e-12 3.04e-12 
3.41e+14   54      0 3.03e-12 1.39e-10 7.63e-02 1.20e+05 2.27e+08 6.99e+07 5.96e+06 3.03e-12 3.03e-12 
3.58e+14   55      0 2.94e-12 4.77e-10 2.03e-01 2.14e+05 2.47e+08 4.27e+07 4.28e+06 2.94e-12 2.94e-12 
3.75e+14   56      0 2.86e-12 1.57e-09 5.07e-01 3.54e+05 2.53e+08 2.87e+07 3.34e+06 2.86e-12 2.86e-12 
3.94e+14   57      0 2.82e-12 5.55e-11 1.34e-02 6.83e+03 1.63e+07 2.14e+08 5.16e+07 2.82e-12 2.82e-12 
4.14e+14   58      0 2.74e-12 2.10e-10 3.74e-02 1.31e+04 2.26e+07 2.22e+08 2.89e+07 2.74e-12 2.74e-12 
4.34e+14   59      0 2.69e-12 7.88e-10 1.01e-01 2.36e+04 2.88e+07 2.09e+08 3.13e+07 2.69e-12 2.69e-12 
4.56e+14   60      0 2.62e-12 4.13e-09 3.82e-01 5.66e+04 4.43e+07 2.04e+08 1.34e+07 2.62e-12 2.62e-12 
4.78e+14   61      0 2.51e-12 2.96e-08 2.03e+00 1.78e+05 7.64e+07 1.71e+08 2.67e+06 2.51e-12 2.51e-12 
5.02e+14   62      0 2.14e-12 2.47e-07 1.35e+01 6.55e+05 1.22e+08 9.07e+07 3.03e+05 2.14e-12 2.14e-12 
5.27e+14   63      0 1.60e-12 2.08e-06 9.98e+01 2.43e+06 1.39e+08 1.90e+07 1.56e+04 1.60e-12 1.60e-12 
5.53e+14   64      0 1.07e-12 8.94e-06 4.47e+02 5.95e+06 9.87e+07 2.04e+06 1.54e-04 1.07e-12 1.07e-12 
5.81e+14   65      0 6.09e-13 3.57e-05 1.98e+03 1.34e+07 4.75e+07 8.99e-03 6.09e-13 6.09e-13 6.09e-13 
6.10e+14   66      0 3.47e-13 1.18e-04 7.68e+03 3.47e+07 1.14e+01 7.06e-11 3.47e-13 3.47e-13 3.47e-13 
6.40e+14   67      0 1.97e-13 9.62e-05 7.65e+03 1.97e+07 1.55e-01 1.97e-13 1.97e-13 1.97e-13 1.97e-13 
6.72e+14   68     -1 0.00e+00 0.00e+00 0.00e+00 0.00e+00 0.00e+00 0.00e+00 0.00e+00 0.00e+00 0.00e+00 
7.06e+14   69     -1 0.00e+00 0.00e+00 0.00e+00 0.00e+00 0.00e+00 0.00e+00 0.00e+00 0.00e+00 0.00e+00 
