       r    i inwind      i01      i02 
2.48e+13    0     -1 0.00e+00 0.00e+00 
2.60e+13    1      0 9.10e-11 1.00e+00 
2.73e+13    2      0 9.17e-11 1.00e+00 
2.86e+13    3      0 1.28e-10 1.00e+00 
3.01e+13    4      0 1.06e-10 1.00e+00 
3.16e+13    5      0 1.14e-10 1.00e+00 
3.31e+13    6      0 1.03e-10 1.00e+00 
3.48e+13    7      0 8.49e-11 1.00e+00 
3.65e+13    8      0 8.92e-11 1.00e+00 
3.83e+13    9      0 8.58e-11 1.00e+00 
4.02e+13   10      0 6.84e-11 1.00e+00 
4.22e+13   11      0 8.22e-11 1.00e+00 
4.43e+13   12      0 7.51e-11 1.00e+00 
4.65e+13   13      0 5.54e-11 1.00e+00 
4.88e+13   14      0 5.78e-11 1.00e+00 
5.13e+13   15      0 8.45e-11 1.00e+00 
5.38e+13   16      0 7.19e-11 1.00e+00 
5.65e+13   17      0 7.91e-11 1.00e+00 
5.93e+13   18      0 9.20e-11 1.00e+00 
6.23e+13   19      0 8.91e-11 1.00e+00 
6.54e+13   20      0 9.16e-11 1.00e+00 
6.86e+13   21      0 8.86e-11 1.00e+00 
7.20e+13   22      0 8.49e-11 1.00e+00 
7.56e+13   23      0 1.11e-10 1.00e+00 
7.94e+13   24      0 1.37e-10 1.00e+00 
8.33e+13   25      0 9.37e-11 1.00e+00 
8.75e+13   26      0 9.94e-11 1.00e+00 
9.18e+13   27      0 1.15e-10 1.00e+00 
9.64e+13   28      0 1.02e-10 1.00e+00 
1.01e+14   29      0 1.03e-10 1.00e+00 
1.06e+14   30      0 1.10e-10 1.00e+00 
1.11e+14   31      0 1.15e-10 1.00e+00 
1.17e+14   32      0 1.33e-10 1.00e+00 
1.23e+14   33      0 1.35e-10 1.00e+00 
1.29e+14   34      0 8.39e-11 1.00e+00 
1.35e+14   35      0 1.29e-10 1.00e+00 
1.42e+14   36      0 1.68e-10 1.00e+00 
1.49e+14   37      0 1.67e-10 1.00e+00 
1.57e+14   38      0 1.57e-10 1.00e+00 
1.64e+14   39      0 1.52e-10 1.00e+00 
1.73e+14   40      0 1.57e-10 1.00e+00 
1.81e+14   41      0 1.78e-10 1.00e+00 
1.90e+14   42      0 1.89e-10 1.00e+00 
2.00e+14   43      0 1.86e-10 1.00e+00 
2.10e+14   44      0 1.76e-10 1.00e+00 
2.20e+14   45      0 1.83e-10 1.00e+00 
2.31e+14   46      0 2.54e-10 1.00e+00 
2.42e+14   47      0 2.71e-10 1.00e+00 
2.55e+14   48      0 2.81e-10 1.00e+00 
2.67e+14   49      0 2.73e-10 1.00e+00 
2.80e+14   50      0 2.96e-10 1.00e+00 
2.94e+14   51      0 3.55e-10 1.00e+00 
3.09e+14   52      0 3.66e-10 1.00e+00 
3.24e+14   53      0 3.50e-10 1.00e+00 
3.41e+14   54      0 3.74e-10 1.00e+00 
3.58e+14   55      0 3.53e-10 1.00e+00 
3.75e+14   56      0 4.26e-10 1.00e+00 
3.94e+14   57      0 4.42e-10 1.00e+00 
4.14e+14   58      0 5.37e-10 1.00e+00 
4.34e+14   59      0 6.10e-10 1.00e+00 
4.56e+14   60      0 6.83e-10 1.00e+00 
4.78e+14   61      0 1.03e-09 1.00e+00 
5.02e+14   62      0 1.12e-09 1.00e+00 
5.27e+14   63      0 1.04e-09 1.00e+00 
5.53e+14   64      0 1.23e-09 1.00e+00 
5.81e+14   65      0 9.32e-10 1.00e+00 
6.10e+14   66      0 7.00e-10 1.00e+00 
6.40e+14   67      0 5.92e-10 1.00e+00 
6.72e+14   68     -1 0.00e+00 0.00e+00 
7.06e+14   69     -1 0.00e+00 0.00e+00 
