       r    i inwind      i01      i02 
2.27e+13    0     -1 0.00e+00 0.00e+00 
2.39e+13    1      0 7.62e+02 1.16e+12 
2.52e+13    2      0 8.18e+02 1.12e+12 
2.66e+13    3      0 6.82e+02 1.07e+12 
2.81e+13    4      0 6.34e+02 1.03e+12 
2.96e+13    5      0 6.40e+02 9.85e+11 
3.13e+13    6      0 6.94e+02 9.38e+11 
3.30e+13    7      0 6.10e+02 8.91e+11 
3.48e+13    8      0 5.35e+02 8.42e+11 
3.67e+13    9      0 4.72e+02 7.91e+11 
3.87e+13   10      0 4.69e+02 7.38e+11 
4.09e+13   11      0 4.40e+02 6.83e+11 
4.31e+13   12      0 3.77e+02 6.31e+11 
4.55e+13   13      0 3.07e+02 5.79e+11 
4.80e+13   14      0 3.11e+02 5.29e+11 
5.07e+13   15      0 2.89e+02 4.85e+11 
5.34e+13   16      0 2.69e+02 4.45e+11 
5.64e+13   17      0 2.51e+02 4.08e+11 
5.95e+13   18      0 2.01e+02 3.74e+11 
6.28e+13   19      0 1.89e+02 3.43e+11 
6.62e+13   20      0 1.76e+02 3.14e+11 
6.99e+13   21      0 1.64e+02 2.87e+11 
7.37e+13   22      0 1.44e+02 2.62e+11 
7.78e+13   23      0 1.41e+02 2.40e+11 
8.20e+13   24      0 1.27e+02 2.20e+11 
8.66e+13   25      0 1.16e+02 2.01e+11 
9.13e+13   26      0 1.18e+02 1.84e+11 
9.63e+13   27      0 1.12e+02 1.68e+11 
1.02e+14   28      0 1.06e+02 1.54e+11 
1.07e+14   29      0 1.11e+02 1.41e+11 
1.13e+14   30      0 9.07e+01 1.30e+11 
1.19e+14   31      0 8.35e+01 1.19e+11 
1.26e+14   32      0 9.18e+01 1.10e+11 
1.33e+14   33      0 7.87e+01 1.01e+11 
1.40e+14   34      0 7.30e+01 9.19e+10 
1.48e+14   35      0 6.61e+01 8.35e+10 
1.56e+14   36      0 5.12e+01 7.62e+10 
1.65e+14   37      0 4.63e+01 6.99e+10 
1.74e+14   38      0 4.57e+01 6.41e+10 
1.83e+14   39      0 4.11e+01 5.91e+10 
1.93e+14   40      0 3.89e+01 5.46e+10 
2.04e+14   41      0 3.54e+01 5.06e+10 
2.15e+14   42      0 3.28e+01 4.68e+10 
2.27e+14   43      0 3.06e+01 4.35e+10 
2.40e+14   44      0 2.87e+01 4.07e+10 
2.53e+14   45      0 2.75e+01 3.84e+10 
2.67e+14   46      0 2.70e+01 3.65e+10 
2.81e+14   47      0 2.62e+01 3.47e+10 
2.97e+14   48      0 2.74e+01 3.38e+10 
3.13e+14   49      0 2.87e+01 3.30e+10 
3.30e+14   50      0 3.09e+01 3.23e+10 
3.49e+14   51      0 3.36e+01 3.17e+10 
3.68e+14   52      0 3.68e+01 3.09e+10 
3.88e+14   53      0 3.36e+01 2.79e+10 
4.09e+14   54      0 2.95e+01 2.35e+10 
4.32e+14   55      0 2.57e+01 2.00e+10 
4.56e+14   56      0 2.36e+01 1.76e+10 
4.81e+14   57      0 2.37e+01 1.61e+10 
5.07e+14   58      0 2.52e+01 1.51e+10 
5.35e+14   59      0 2.31e+01 1.30e+10 
5.65e+14   60      0 1.97e+01 1.07e+10 
5.96e+14   61      0 1.78e+01 9.06e+09 
6.28e+14   62      0 1.69e+01 7.73e+09 
6.63e+14   63      0 1.42e+01 6.10e+09 
7.00e+14   64      0 1.31e+01 4.87e+09 
7.38e+14   65     -1 0.00e+00 0.00e+00 
7.79e+14   66     -1 0.00e+00 0.00e+00 
