       r    i inwind      i01      i02      i03      i04      i05      i06      i07      i08      i09 
2.27e+13    0     -1 0.00e+00 0.00e+00 0.00e+00 0.00e+00 0.00e+00 0.00e+00 0.00e+00 0.00e+00 0.00e+00 
2.39e+13    1      0 9.88e-12 9.88e-12 9.88e-12 1.38e-10 9.74e-04 8.08e+02 9.88e+08 9.88e-12 9.88e-12 
2.52e+13    2      0 9.49e-12 9.49e-12 9.49e-12 2.34e-10 1.45e-03 9.90e+02 9.49e+08 9.49e-12 9.49e-12 
2.66e+13    3      0 9.12e-12 9.12e-12 9.12e-12 3.71e-10 2.03e-03 1.17e+03 9.12e+08 9.12e-12 9.12e-12 
2.81e+13    4      0 8.76e-12 8.76e-12 8.76e-12 5.87e-10 2.85e-03 1.38e+03 8.76e+08 8.76e-12 8.76e-12 
2.96e+13    5      0 8.38e-12 8.38e-12 8.38e-12 9.24e-10 3.96e-03 1.61e+03 8.38e+08 8.38e-12 8.38e-12 
3.13e+13    6      0 7.98e-12 7.98e-12 7.98e-12 1.46e-09 5.51e-03 1.88e+03 7.98e+08 7.98e-12 7.98e-12 
3.30e+13    7      0 7.58e-12 7.58e-12 7.58e-12 2.35e-09 7.79e-03 2.22e+03 7.58e+08 7.58e-12 7.58e-12 
3.48e+13    8      0 7.17e-12 7.17e-12 7.17e-12 3.80e-09 1.11e-02 2.62e+03 7.17e+08 7.17e-12 7.17e-12 
3.67e+13    9      0 6.73e-12 6.73e-12 6.73e-12 6.23e-09 1.58e-02 3.09e+03 6.73e+08 6.73e-12 6.73e-12 
3.87e+13   10      0 6.28e-12 6.28e-12 6.28e-12 1.04e-08 2.28e-02 3.67e+03 6.28e+08 6.28e-12 6.28e-12 
4.09e+13   11      0 5.82e-12 5.82e-12 5.82e-12 1.73e-08 3.30e-02 4.33e+03 5.82e+08 5.82e-12 5.82e-12 
4.31e+13   12      0 5.37e-12 5.37e-12 5.37e-12 2.92e-08 4.82e-02 5.13e+03 5.37e+08 5.37e-12 5.37e-12 
4.55e+13   13      0 4.93e-12 4.93e-12 4.93e-12 5.00e-08 7.12e-02 6.13e+03 4.92e+08 4.93e-12 4.93e-12 
4.80e+13   14      0 4.50e-12 4.50e-12 4.50e-12 8.62e-08 1.06e-01 7.37e+03 4.50e+08 4.50e-12 4.50e-12 
5.07e+13   15      0 4.13e-12 4.13e-12 4.13e-12 1.51e-07 1.60e-01 8.94e+03 4.13e+08 4.13e-12 4.13e-12 
5.34e+13   16      0 3.79e-12 3.79e-12 3.79e-12 2.75e-07 2.48e-01 1.11e+04 3.79e+08 3.79e-12 3.79e-12 
5.64e+13   17      0 3.47e-12 3.47e-12 3.47e-12 5.08e-07 3.92e-01 1.39e+04 3.47e+08 3.47e-12 3.47e-12 
5.95e+13   18      0 3.18e-12 3.18e-12 3.18e-12 9.69e-07 6.37e-01 1.79e+04 3.18e+08 3.18e-12 3.18e-12 
6.28e+13   19      0 2.92e-12 2.92e-12 2.92e-12 1.91e-06 1.07e+00 2.38e+04 2.92e+08 2.92e-12 2.92e-12 
6.62e+13   20      0 2.67e-12 2.67e-12 2.67e-12 3.91e-06 1.86e+00 3.25e+04 2.67e+08 2.67e-12 2.67e-12 
6.99e+13   21      0 2.44e-12 2.44e-12 2.44e-12 8.43e-06 3.41e+00 4.63e+04 2.44e+08 2.44e-12 2.44e-12 
7.37e+13   22      0 2.23e-12 2.23e-12 2.79e-12 1.93e-05 6.63e+00 7.02e+04 2.23e+08 2.23e-12 2.23e-12 
7.78e+13   23      0 2.04e-12 2.04e-12 7.53e-12 4.65e-05 1.37e+01 1.13e+05 2.04e+08 2.04e-12 2.04e-12 
8.20e+13   24      0 1.87e-12 1.87e-12 2.20e-11 1.22e-04 3.06e+01 2.00e+05 1.87e+08 1.87e-12 1.87e-12 
8.66e+13   25      0 1.71e-12 1.71e-12 7.58e-11 3.84e-04 8.40e+01 4.35e+05 1.71e+08 1.71e-12 1.71e-12 
9.13e+13   26      0 1.56e-12 1.56e-12 6.45e-10 3.20e-03 6.26e+02 2.58e+06 1.54e+08 1.56e-12 1.56e-12 
9.63e+13   27      0 1.43e-12 1.43e-12 1.57e-09 7.55e-03 1.31e+03 4.42e+06 1.38e+08 1.43e-12 1.43e-12 
1.02e+14   28      0 1.31e-12 1.31e-12 8.14e-09 3.58e-02 5.32e+03 1.41e+07 1.17e+08 1.31e-12 1.31e-12 
1.07e+14   29      0 1.20e-12 1.20e-12 1.06e-07 4.43e-01 5.68e+04 1.20e+08 3.95e-03 1.20e-12 1.20e-12 
1.13e+14   30      0 1.10e-12 1.10e-12 1.60e-07 6.04e-01 6.55e+04 1.10e+08 1.75e-03 1.10e-12 1.10e-12 
1.19e+14   31      0 1.02e-12 1.02e-12 2.28e-07 8.08e-01 7.47e+04 1.01e+08 2.53e-04 1.02e-12 1.02e-12 
1.26e+14   32      0 9.34e-13 9.34e-13 3.32e-07 1.09e+00 8.56e+04 9.33e+07 5.16e-05 9.34e-13 9.34e-13 
1.33e+14   33      0 8.57e-13 8.57e-13 5.04e-07 1.50e+00 9.92e+04 8.56e+07 1.75e-05 8.57e-13 8.57e-13 
1.40e+14   34      0 7.82e-13 7.82e-13 7.37e-07 2.09e+00 1.19e+05 7.81e+07 1.98e-06 7.82e-13 7.82e-13 
1.48e+14   35      0 7.11e-13 7.11e-13 1.63e-06 4.04e+00 1.94e+05 7.09e+07 2.37e-06 7.11e-13 7.11e-13 
1.56e+14   36      0 6.49e-13 6.49e-13 3.34e-06 6.95e+00 2.69e+05 6.46e+07 4.42e-06 6.49e-13 6.49e-13 
1.65e+14   37      0 5.95e-13 1.18e-11 9.97e-04 1.85e+03 5.95e+07 3.89e-04 5.95e-13 5.95e-13 5.95e-13 
1.74e+14   38      0 5.45e-13 1.53e-11 1.24e-03 2.07e+03 5.45e+07 1.73e-04 5.45e-13 5.45e-13 5.45e-13 
1.83e+14   39      0 5.03e-13 1.98e-11 1.56e-03 2.34e+03 5.03e+07 6.39e-05 5.03e-13 5.03e-13 5.03e-13 
1.93e+14   40      0 4.65e-13 2.64e-11 1.99e-03 2.67e+03 4.65e+07 2.91e-05 4.65e-13 4.65e-13 4.65e-13 
2.04e+14   41      0 4.31e-13 3.54e-11 2.60e-03 3.09e+03 4.31e+07 1.11e-05 4.31e-13 4.31e-13 4.31e-13 
2.15e+14   42      0 3.98e-13 4.83e-11 3.39e-03 3.56e+03 3.98e+07 5.16e-06 3.98e-13 3.98e-13 3.98e-13 
2.27e+14   43      0 3.71e-13 6.71e-11 4.47e-03 4.12e+03 3.71e+07 2.65e-06 3.71e-13 3.71e-13 3.71e-13 
2.40e+14   44      0 3.46e-13 9.36e-11 6.06e-03 4.90e+03 3.46e+07 8.80e-07 3.46e-13 3.46e-13 3.46e-13 
2.53e+14   45      0 3.27e-13 1.43e-10 8.59e-03 5.92e+03 3.27e+07 5.44e-07 3.27e-13 3.27e-13 3.27e-13 
2.67e+14   46      0 3.11e-13 2.23e-10 1.27e-02 7.44e+03 3.10e+07 2.12e-07 3.11e-13 3.11e-13 3.11e-13 
2.81e+14   47      0 2.96e-13 3.64e-10 1.93e-02 9.46e+03 2.96e+07 9.69e-08 2.96e-13 2.96e-13 2.96e-13 
2.97e+14   48      0 2.88e-13 6.85e-10 3.26e-02 1.28e+04 2.88e+07 5.59e-08 2.88e-13 2.88e-13 2.88e-13 
3.13e+14   49      0 2.81e-13 1.37e-09 5.94e-02 1.84e+04 2.80e+07 2.02e-08 2.81e-13 2.81e-13 2.81e-13 
3.30e+14   50      0 2.75e-13 3.66e-09 1.39e-01 3.10e+04 2.74e+07 1.12e-08 2.75e-13 2.75e-13 2.75e-13 
3.49e+14   51      0 2.70e-13 1.06e-08 3.42e-01 5.37e+04 2.69e+07 7.50e-09 2.70e-13 2.70e-13 2.70e-13 
3.68e+14   52      0 2.63e-13 4.39e-08 1.24e+00 1.24e+05 2.62e+07 2.34e-09 2.63e-13 2.63e-13 2.63e-13 
3.88e+14   53      0 2.37e-13 8.09e-08 2.04e+00 1.27e+05 2.36e+07 1.66e-09 2.37e-13 2.37e-13 2.37e-13 
4.09e+14   54      0 2.00e-13 3.21e-07 7.86e+00 2.93e+05 1.97e+07 6.04e-10 2.00e-13 2.00e-13 2.00e-13 
4.32e+14   55      0 1.70e-13 1.32e-05 3.41e+02 5.57e+06 1.14e+07 3.93e-12 1.70e-13 1.70e-13 1.70e-13 
4.56e+14   56      0 1.50e-13 7.53e-05 1.77e+03 1.39e+07 1.03e+06 2.73e-13 1.50e-13 1.50e-13 1.50e-13 
4.81e+14   57      0 1.47e-13 1.52e-04 3.15e+03 1.36e+07 9.35e+04 1.37e-13 1.37e-13 1.37e-13 1.37e-13 
5.07e+14   58      0 3.09e-13 3.05e-04 5.36e+03 1.24e+07 5.00e+05 1.29e-13 1.29e-13 1.29e-13 1.29e-13 
5.35e+14   59      0 4.95e-13 4.58e-04 7.22e+03 1.11e+07 1.76e-06 1.11e-13 1.11e-13 1.11e-13 1.11e-13 
5.65e+14   60      0 7.75e-13 7.30e-04 1.07e+04 9.10e+06 5.60e-07 9.11e-14 9.11e-14 9.11e-14 9.11e-14 
5.96e+14   61      0 1.51e-12 1.39e-03 1.83e+04 7.70e+06 1.79e-07 7.72e-14 7.72e-14 7.72e-14 7.72e-14 
6.28e+14   62      0 2.68e-12 2.29e-03 2.63e+04 6.55e+06 2.00e+03 6.58e-14 6.58e-14 6.58e-14 6.58e-14 
6.63e+14   63      0 5.08e-12 4.20e-03 4.38e+04 5.15e+06 3.21e-08 5.19e-14 5.19e-14 5.19e-14 5.19e-14 
7.00e+14   64      0 6.13e-12 4.61e-03 4.15e+04 4.10e+06 1.14e-08 4.14e-14 4.14e-14 4.14e-14 4.14e-14 
7.38e+14   65     -1 0.00e+00 0.00e+00 0.00e+00 0.00e+00 0.00e+00 0.00e+00 0.00e+00 0.00e+00 0.00e+00 
7.79e+14   66     -1 0.00e+00 0.00e+00 0.00e+00 0.00e+00 0.00e+00 0.00e+00 0.00e+00 0.00e+00 0.00e+00 
