        r    i inwind converge       v_x       v_y       v_z       vol       rho        ne       t_e       t_r         w  ave_freq         j   lum_tot  heat_tot heat_comp heat_line   heat_ff heat_phot heat_auge  cool_tot cool_comp lum_lines   cool_dr    lum_ff   cool_rr cool_adia heat_shoc heat_line heat_phot 
2.268e+13    0     -1        0  5.55e+09  0.00e+00  0.00e+00  0.00e+00  0.00e+00  0.00e+00  0.00e+00  0.00e+00  0.00e+00  0.00e+00  0.00e+00  0.00e+00  0.00e+00  0.00e+00  0.00e+00  0.00e+00  0.00e+00  0.00e+00  0.00e+00  0.00e+00  0.00e+00  0.00e+00  0.00e+00  0.00e+00  0.00e+00  0.00e+00  0.00e+00  0.00e+00 
2.392e+13    1      0        0  5.24e+09  0.00e+00  0.00e+00  1.01e+40  2.72e-12  1.39e+12  1.74e+05  1.73e+05  1.28e+00  1.38e+16  2.07e+16  3.55e+40  3.24e+41  2.71e+41  2.25e+37  2.43e+40  1.38e+40  0.00e+00  3.24e+41  2.88e+41  2.37e+37  0.00e+00  1.91e+40  1.64e+40  1.17e+38  0.00e+00  2.03e+37  1.28e+40 
2.524e+13    2      0        0  4.92e+09  0.00e+00  0.00e+00  1.19e+40  2.62e-12  1.34e+12  1.70e+05  1.68e+05  1.33e+00  1.34e+16  1.90e+16  3.82e+40  3.29e+41  2.71e+41  2.48e+37  2.68e+40  1.50e+40  0.00e+00  3.29e+41  2.90e+41  2.94e+37  0.00e+00  2.04e+40  1.78e+40  1.15e+38  0.00e+00  2.19e+37  1.39e+40 
2.663e+13    3      0        0  4.63e+09  0.00e+00  0.00e+00  1.40e+40  2.51e-12  1.29e+12  1.66e+05  1.64e+05  1.33e+00  1.31e+16  1.73e+16  4.11e+40  3.33e+41  2.71e+41  2.97e+37  2.92e+40  1.61e+40  0.00e+00  3.32e+41  2.91e+41  2.97e+37  0.00e+00  2.18e+40  1.93e+40  1.08e+38  0.00e+00  2.56e+37  1.49e+40 
2.810e+13    4      0        0  4.34e+09  0.00e+00  0.00e+00  1.64e+40  2.41e-12  1.24e+12  1.63e+05  1.60e+05  1.32e+00  1.28e+16  1.56e+16  4.42e+40  3.35e+41  2.70e+41  3.37e+37  3.14e+40  1.72e+40  0.00e+00  3.35e+41  2.90e+41  3.28e+37  0.00e+00  2.33e+40  2.08e+40  9.54e+37  0.00e+00  2.82e+37  1.59e+40 
2.964e+13    5      0        0  4.06e+09  0.00e+00  0.00e+00  1.92e+40  2.31e-12  1.18e+12  1.59e+05  1.56e+05  1.30e+00  1.25e+16  1.41e+16  4.72e+40  3.36e+41  2.68e+41  3.43e+37  3.32e+40  1.84e+40  0.00e+00  3.36e+41  2.88e+41  3.86e+37  0.00e+00  2.48e+40  2.24e+40  8.45e+37  0.00e+00  2.69e+37  1.70e+40 
3.127e+13    6      0        0  3.78e+09  0.00e+00  0.00e+00  2.25e+40  2.20e-12  1.13e+12  1.56e+05  1.53e+05  1.28e+00  1.22e+16  1.26e+16  4.99e+40  3.33e+41  2.62e+41  4.26e+37  3.46e+40  1.98e+40  0.00e+00  3.32e+41  2.82e+41  4.78e+37  0.00e+00  2.60e+40  2.38e+40  8.96e+37  0.00e+00  3.28e+37  1.83e+40 
3.299e+13    7      0        0  3.53e+09  0.00e+00  0.00e+00  2.64e+40  2.09e-12  1.07e+12  1.52e+05  1.50e+05  1.25e+00  1.19e+16  1.13e+16  5.25e+40  3.27e+41  2.55e+41  4.84e+37  3.57e+40  2.09e+40  0.00e+00  3.27e+41  2.73e+41  5.08e+37  0.00e+00  2.72e+40  2.52e+40  9.21e+37  0.00e+00  3.57e+37  1.94e+40 
3.481e+13    8      0        0  3.31e+09  0.00e+00  0.00e+00  3.10e+40  1.97e-12  1.01e+12  1.49e+05  1.46e+05  1.21e+00  1.17e+16  9.96e+15  5.46e+40  3.18e+41  2.45e+41  5.47e+37  3.68e+40  2.19e+40  0.00e+00  3.18e+41  2.62e+41  5.58e+37  0.00e+00  2.81e+40  2.65e+40  8.09e+37  0.00e+00  3.78e+37  2.03e+40 
3.673e+13    9      0        0  3.09e+09  0.00e+00  0.00e+00  3.64e+40  1.85e-12  9.50e+11  1.45e+05  1.43e+05  1.17e+00  1.14e+16  8.76e+15  5.61e+40  3.05e+41  2.32e+41  6.31e+37  3.71e+40  2.26e+40  0.00e+00  3.05e+41  2.47e+41  6.21e+37  0.00e+00  2.87e+40  2.74e+40  9.40e+37  0.00e+00  4.08e+37  2.09e+40 
3.875e+13   10      0        0  2.91e+09  0.00e+00  0.00e+00  4.27e+40  1.73e-12  8.86e+11  1.41e+05  1.39e+05  1.12e+00  1.11e+16  7.65e+15  5.69e+40  2.88e+41  2.17e+41  6.92e+37  3.67e+40  2.30e+40  0.00e+00  2.88e+41  2.30e+41  7.33e+37  0.00e+00  2.88e+40  2.80e+40  9.28e+37  0.00e+00  4.00e+37  2.13e+40 
4.088e+13   11      0        0  2.75e+09  0.00e+00  0.00e+00  5.01e+40  1.60e-12  8.20e+11  1.37e+05  1.36e+05  1.08e+00  1.09e+16  6.63e+15  5.68e+40  2.69e+41  1.99e+41  7.87e+37  3.57e+40  2.34e+40  0.00e+00  2.69e+41  2.11e+41  8.57e+37  0.00e+00  2.86e+40  2.82e+40  1.03e+38  0.00e+00  4.05e+37  2.16e+40 
4.313e+13   12      0        0  2.61e+09  0.00e+00  0.00e+00  5.88e+40  1.48e-12  7.58e+11  1.33e+05  1.33e+05  1.03e+00  1.06e+16  5.73e+15  5.64e+40  2.49e+41  1.82e+41  8.87e+37  3.46e+40  2.34e+40  0.00e+00  2.49e+41  1.92e+41  9.73e+37  0.00e+00  2.81e+40  2.82e+40  1.13e+38  0.00e+00  3.85e+37  2.16e+40 
4.551e+13   13      0        0  2.51e+09  0.00e+00  0.00e+00  6.91e+40  1.36e-12  6.95e+11  1.29e+05  1.29e+05  9.79e-01  1.03e+16  4.92e+15  5.52e+40  2.29e+41  1.64e+41  9.98e+37  3.29e+40  2.32e+40  0.00e+00  2.28e+41  1.72e+41  1.11e+38  0.00e+00  2.73e+40  2.78e+40  1.09e+38  0.00e+00  3.68e+37  2.14e+40 
4.801e+13   14      0        0  2.41e+09  0.00e+00  0.00e+00  8.11e+40  1.24e-12  6.35e+11  1.25e+05  1.26e+05  9.30e-01  1.01e+16  4.22e+15  5.38e+40  2.09e+41  1.47e+41  1.22e+38  3.13e+40  2.30e+40  0.00e+00  2.09e+41  1.54e+41  1.38e+38  0.00e+00  2.63e+40  2.73e+40  1.23e+38  0.00e+00  3.91e+37  2.12e+40 
5.065e+13   15      0        0  2.35e+09  0.00e+00  0.00e+00  9.52e+40  1.14e-12  5.82e+11  1.21e+05  1.23e+05  8.82e-01  9.80e+15  3.61e+15  5.26e+40  1.91e+41  1.32e+41  1.41e+38  2.98e+40  2.28e+40  0.00e+00  1.91e+41  1.37e+41  1.71e+38  0.00e+00  2.55e+40  2.69e+40  1.18e+38  0.00e+00  3.58e+37  2.10e+40 
5.344e+13   16      0        0  2.28e+09  0.00e+00  0.00e+00  1.12e+41  1.04e-12  5.34e+11  1.18e+05  1.20e+05  8.35e-01  9.55e+15  3.09e+15  5.15e+40  1.75e+41  1.19e+41  1.81e+38  2.82e+40  2.27e+40  0.00e+00  1.75e+41  1.22e+41  2.17e+38  0.00e+00  2.47e+40  2.66e+40  1.22e+38  0.00e+00  3.92e+37  2.09e+40 
5.638e+13   17      0        0  2.23e+09  0.00e+00  0.00e+00  1.31e+41  9.56e-13  4.90e+11  1.14e+05  1.17e+05  7.89e-01  9.31e+15  2.63e+15  5.04e+40  1.60e+41  1.06e+41  2.23e+38  2.66e+40  2.25e+40  0.00e+00  1.60e+41  1.08e+41  2.82e+38  0.00e+00  2.39e+40  2.62e+40  1.28e+38  0.00e+00  3.39e+37  2.07e+40 
5.949e+13   18      0        0  2.20e+09  0.00e+00  0.00e+00  1.54e+41  8.77e-13  4.49e+11  1.10e+05  1.14e+05  7.45e-01  9.07e+15  2.24e+15  4.94e+40  1.47e+41  9.51e+40  2.88e+38  2.53e+40  2.24e+40  0.00e+00  1.47e+41  9.61e+40  3.71e+38  0.00e+00  2.32e+40  2.58e+40  1.24e+38  0.00e+00  3.34e+37  2.06e+40 
6.276e+13   19      0        0  2.17e+09  0.00e+00  0.00e+00  1.81e+41  8.04e-13  4.12e+11  1.06e+05  1.11e+05  7.03e-01  8.84e+15  1.91e+15  4.83e+40  1.35e+41  8.49e+40  3.98e+38  2.39e+40  2.22e+40  0.00e+00  1.34e+41  8.48e+40  5.14e+38  0.00e+00  2.24e+40  2.54e+40  1.34e+38  0.00e+00  3.51e+37  2.03e+40 
6.621e+13   20      0        0  2.16e+09  0.00e+00  0.00e+00  2.13e+41  7.35e-13  3.77e+11  1.02e+05  1.08e+05  6.64e-01  8.61e+15  1.62e+15  4.72e+40  1.23e+41  7.55e+40  5.51e+38  2.25e+40  2.20e+40  0.00e+00  1.23e+41  7.47e+40  7.35e+38  0.00e+00  2.15e+40  2.50e+40  1.33e+38  0.00e+00  3.41e+37  2.01e+40 
6.986e+13   21      0        0  2.15e+09  0.00e+00  0.00e+00  2.50e+41  6.73e-13  3.44e+11  9.82e+04  1.05e+05  6.27e-01  8.39e+15  1.38e+15  4.62e+40  1.13e+41  6.71e+40  7.92e+38  2.11e+40  2.17e+40  0.00e+00  1.13e+41  6.57e+40  1.09e+39  0.00e+00  2.07e+40  2.45e+40  1.35e+38  0.00e+00  3.36e+37  1.99e+40 
7.370e+13   22      0        0  2.15e+09  0.00e+00  0.00e+00  2.93e+41  6.15e-13  3.15e+11  9.43e+04  1.02e+05  5.90e-01  8.18e+15  1.17e+15  4.55e+40  1.04e+41  5.97e+40  1.31e+39  1.99e+40  2.14e+40  0.00e+00  1.04e+41  5.75e+40  1.72e+39  0.00e+00  1.98e+40  2.40e+40  1.38e+38  0.00e+00  3.31e+37  1.96e+40 
7.776e+13   23      0        0  2.16e+09  0.00e+00  0.00e+00  3.44e+41  5.63e-13  2.88e+11  9.06e+04  9.99e+04  5.55e-01  7.97e+15  9.97e+14  4.55e+40  9.70e+40  5.32e+40  2.04e+39  1.87e+40  2.13e+40  0.00e+00  9.72e+40  5.05e+40  2.90e+39  0.00e+00  1.90e+40  2.35e+40  1.34e+38  0.00e+00  3.41e+37  1.96e+40 
8.204e+13   24      0        0  2.17e+09  0.00e+00  0.00e+00  4.04e+41  5.15e-13  2.64e+11  8.67e+04  9.74e+04  5.23e-01  7.78e+15  8.49e+14  4.66e+40  9.23e+40  4.75e+40  3.83e+39  1.80e+40  2.16e+40  0.00e+00  9.20e+40  4.42e+40  5.30e+39  0.00e+00  1.82e+40  2.31e+40  1.33e+38  0.00e+00  3.87e+37  2.01e+40 
8.656e+13   25      0        0  2.19e+09  0.00e+00  0.00e+00  4.75e+41  4.71e-13  2.41e+11  8.11e+04  9.50e+04  4.92e-01  7.59e+15  7.23e+14  5.13e+40  9.14e+40  4.24e+40  9.03e+39  1.73e+40  2.14e+40  0.00e+00  9.04e+40  3.79e+40  1.15e+40  0.00e+00  1.72e+40  2.25e+40  1.32e+38  0.00e+00  3.64e+37  2.01e+40 
9.132e+13   26      0        0  2.21e+09  0.00e+00  0.00e+00  5.58e+41  4.31e-13  2.21e+11  7.12e+04  9.28e+04  4.62e-01  7.41e+15  6.17e+14  9.74e+40  1.32e+41  3.79e+40  5.24e+40  1.80e+40  2.26e+40  0.00e+00  1.29e+41  3.05e+40  5.99e+40  0.00e+00  1.56e+40  2.19e+40  1.16e+38  0.00e+00  4.37e+37  2.18e+40 
9.635e+13   27      0        0  2.22e+09  0.00e+00  0.00e+00  6.55e+41  3.93e-13  2.01e+11  6.48e+04  9.06e+04  4.34e-01  7.23e+15  5.27e+14  1.29e+41  2.81e+41  3.39e+40  2.04e+41  1.80e+40  2.35e+40  0.00e+00  1.55e+41  2.54e+40  9.29e+40  0.00e+00  1.44e+40  2.12e+40  1.09e+38  0.00e+00  4.97e+37  2.28e+40 
1.017e+14   28      0        0  2.24e+09  0.00e+00  0.00e+00  7.69e+41  3.61e-13  1.85e+11  6.18e+04  8.84e+04  4.08e-01  7.06e+15  4.50e+14  2.91e+41  2.82e+41  3.05e+40  2.09e+41  1.73e+40  2.37e+40  0.00e+00  3.15e+41  2.23e+40  2.57e+41  0.00e+00  1.38e+40  2.09e+40  1.09e+38  0.00e+00  4.77e+37  2.32e+40 
1.072e+14   29      0        0  2.26e+09  0.00e+00  0.00e+00  9.04e+41  3.31e-13  1.69e+11  5.73e+04  8.63e+04  3.85e-01  6.89e+15  3.85e+14  8.48e+41  8.69e+41  2.74e+40  7.97e+41  1.68e+40  2.73e+40  0.00e+00  8.68e+41  1.91e+40  8.14e+41  0.00e+00  1.30e+40  2.06e+40  9.85e+37  0.00e+00  4.76e+37  2.46e+40 
1.131e+14   30      0        0  2.27e+09  0.00e+00  0.00e+00  1.06e+42  3.04e-13  1.55e+11  5.59e+04  8.44e+04  3.61e-01  6.74e+15  3.30e+14  8.72e+41  8.91e+41  2.48e+40  8.25e+41  1.57e+40  2.56e+40  0.00e+00  8.90e+41  1.72e+40  8.39e+41  0.00e+00  1.26e+40  2.03e+40  1.05e+38  0.00e+00  5.66e+37  2.43e+40 
1.194e+14   31      0        0  2.29e+09  0.00e+00  0.00e+00  1.25e+42  2.80e-13  1.43e+11  5.27e+04  8.25e+04  3.40e-01  6.58e+15  2.83e+14  8.00e+41  8.16e+41  2.25e+40  7.52e+41  1.52e+40  2.58e+40  0.00e+00  8.17e+41  1.50e+40  7.68e+41  0.00e+00  1.21e+40  2.00e+40  9.71e+37  0.00e+00  6.18e+37  2.53e+40 
1.259e+14   32      0        0  2.30e+09  0.00e+00  0.00e+00  1.46e+42  2.57e-13  1.32e+11  5.03e+04  8.07e+04  3.18e-01  6.44e+15  2.43e+14  7.60e+41  7.72e+41  2.04e+40  7.10e+41  1.45e+40  2.63e+40  0.00e+00  7.75e+41  1.33e+40  7.29e+41  0.00e+00  1.17e+40  1.97e+40  9.35e+37  0.00e+00  5.42e+37  2.61e+40 
1.329e+14   33      0        0  2.31e+09  0.00e+00  0.00e+00  1.72e+42  2.36e-13  1.21e+11  4.88e+04  7.89e+04  2.99e-01  6.30e+15  2.10e+14  7.49e+41  7.61e+41  1.85e+40  7.02e+41  1.36e+40  2.62e+40  0.00e+00  7.63e+41  1.20e+40  7.19e+41  0.00e+00  1.13e+40  1.94e+40  9.66e+37  0.00e+00  5.79e+37  2.61e+40 
1.402e+14   34      0        0  2.32e+09  0.00e+00  0.00e+00  2.02e+42  2.15e-13  1.10e+11  4.60e+04  7.73e+04  2.80e-01  6.17e+15  1.81e+14  6.71e+41  6.82e+41  1.67e+40  6.24e+41  1.29e+40  2.73e+40  0.00e+00  6.83e+41  1.04e+40  6.42e+41  0.00e+00  1.07e+40  1.88e+40  8.61e+37  0.00e+00  5.56e+37  2.72e+40 
1.479e+14   35      0        1  2.32e+09  0.00e+00  0.00e+00  2.37e+42  1.96e-13  1.00e+11  4.63e+04  7.58e+04  2.63e-01  6.05e+15  1.56e+14  7.17e+41  6.41e+41  1.51e+40  5.89e+41  1.13e+40  2.58e+40  0.00e+00  7.28e+41  9.69e+39  6.88e+41  0.00e+00  1.04e+40  1.83e+40  8.95e+37  0.00e+00  5.06e+37  2.58e+40 
1.561e+14   36      0        1  2.32e+09  0.00e+00  0.00e+00  2.78e+42  1.79e-13  9.14e+10  4.73e+04  7.41e+04  2.48e-01  5.92e+15  1.35e+14  7.94e+41  3.93e+41  1.37e+40  3.35e+41  1.11e+40  3.35e+40  0.00e+00  8.04e+41  9.16e+39  7.66e+41  0.00e+00  1.03e+40  1.79e+40  8.83e+37  0.00e+00  5.20e+37  2.70e+40 
1.646e+14   37      0        0  2.31e+09  0.00e+00  0.00e+00  3.27e+42  1.64e-13  8.38e+10  4.65e+04  7.27e+04  2.33e-01  5.80e+15  1.17e+14  3.30e+41  3.41e+41  1.26e+40  2.87e+41  9.28e+39  3.15e+40  0.00e+00  3.40e+41  8.42e+39  3.02e+41  0.00e+00  1.00e+40  1.85e+40  8.61e+37  0.00e+00  4.33e+37  2.51e+40 
1.737e+14   38      0        0  2.29e+09  0.00e+00  0.00e+00  3.84e+42  1.50e-13  7.68e+10  4.53e+04  7.13e+04  2.19e-01  5.69e+15  1.02e+14  3.02e+41  3.09e+41  1.16e+40  2.58e+41  8.61e+39  3.08e+40  0.00e+00  3.11e+41  7.70e+39  2.74e+41  0.00e+00  9.72e+39  1.82e+40  8.63e+37  0.00e+00  3.76e+37  2.50e+40 
1.833e+14   39      0        0  2.28e+09  0.00e+00  0.00e+00  4.51e+42  1.38e-13  7.08e+10  4.39e+04  7.00e+04  2.06e-01  5.59e+15  8.92e+13  2.71e+41  2.80e+41  1.07e+40  2.30e+41  8.15e+39  3.10e+40  0.00e+00  2.79e+41  7.05e+39  2.43e+41  0.00e+00  9.51e+39  1.80e+40  8.10e+37  0.00e+00  4.08e+37  2.57e+40 
1.934e+14   40      0        0  2.26e+09  0.00e+00  0.00e+00  5.29e+42  1.28e-13  6.55e+10  4.29e+04  6.87e+04  1.94e-01  5.49e+15  7.80e+13  2.50e+41  2.62e+41  1.00e+40  2.13e+41  7.68e+39  3.10e+40  0.00e+00  2.58e+41  6.55e+39  2.23e+41  0.00e+00  9.40e+39  1.80e+40  8.00e+37  0.00e+00  3.88e+37  2.62e+40 
2.040e+14   41      0        0  2.23e+09  0.00e+00  0.00e+00  6.22e+42  1.19e-13  6.07e+10  4.17e+04  6.75e+04  1.82e-01  5.39e+15  6.84e+13  2.27e+41  2.33e+41  9.39e+39  1.85e+41  7.29e+39  3.12e+40  0.00e+00  2.34e+41  6.07e+39  1.99e+41  0.00e+00  9.29e+39  1.81e+40  7.48e+37  0.00e+00  3.81e+37  2.69e+40 
2.152e+14   42      0        0  2.20e+09  0.00e+00  0.00e+00  7.30e+42  1.10e-13  5.61e+10  4.08e+04  6.64e+04  1.71e-01  5.30e+15  6.01e+13  2.09e+41  2.17e+41  8.81e+39  1.70e+41  6.91e+39  3.10e+40  0.00e+00  2.16e+41  5.66e+39  1.82e+41  0.00e+00  9.20e+39  1.81e+40  7.44e+37  0.00e+00  3.84e+37  2.73e+40 
2.271e+14   43      0        0  2.16e+09  0.00e+00  0.00e+00  8.57e+42  1.02e-13  5.22e+10  4.01e+04  6.54e+04  1.60e-01  5.22e+15  5.29e+13  1.98e+41  2.05e+41  8.35e+39  1.58e+41  6.57e+39  3.16e+40  0.00e+00  2.05e+41  5.35e+39  1.71e+41  0.00e+00  9.24e+39  1.83e+40  7.50e+37  0.00e+00  3.87e+37  2.82e+40 
2.396e+14   44      0        0  2.13e+09  0.00e+00  0.00e+00  1.01e+43  9.54e-14  4.88e+10  3.88e+04  6.44e+04  1.50e-01  5.15e+15  4.66e+13  1.79e+41  1.84e+41  7.94e+39  1.38e+41  6.37e+39  3.22e+40  0.00e+00  1.86e+41  5.01e+39  1.52e+41  0.00e+00  9.27e+39  1.86e+40  6.34e+37  0.00e+00  4.05e+37  2.95e+40 
2.528e+14   45      0        0  2.07e+09  0.00e+00  0.00e+00  1.18e+43  9.00e-14  4.60e+10  3.83e+04  6.36e+04  1.39e-01  5.07e+15  4.10e+13  1.77e+41  1.83e+41  7.65e+39  1.36e+41  6.20e+39  3.34e+40  0.00e+00  1.83e+41  4.83e+39  1.47e+41  0.00e+00  9.60e+39  1.94e+40  7.15e+37  0.00e+00  4.08e+37  3.11e+40 
2.667e+14   46      0        0  2.03e+09  0.00e+00  0.00e+00  1.39e+43  8.55e-14  4.37e+10  3.74e+04  6.27e+04  1.29e-01  5.01e+15  3.61e+13  1.67e+41  1.73e+41  7.42e+39  1.24e+41  6.17e+39  3.55e+40  0.00e+00  1.73e+41  4.62e+39  1.36e+41  0.00e+00  1.00e+40  2.05e+40  6.76e+37  0.00e+00  4.43e+37  3.36e+40 
2.813e+14   47      0        0  1.98e+09  0.00e+00  0.00e+00  1.63e+43  8.14e-14  4.16e+10  3.66e+04  6.19e+04  1.20e-01  4.94e+15  3.18e+13  1.62e+41  1.68e+41  7.20e+39  1.16e+41  6.19e+39  3.82e+40  0.00e+00  1.67e+41  4.45e+39  1.29e+41  0.00e+00  1.05e+40  2.17e+40  6.63e+37  0.00e+00  4.76e+37  3.65e+40 
2.968e+14   48      0        0  1.93e+09  0.00e+00  0.00e+00  1.91e+43  7.93e-14  4.05e+10  3.61e+04  6.12e+04  1.10e-01  4.88e+15  2.78e+13  1.66e+41  1.73e+41  7.12e+39  1.16e+41  6.32e+39  4.29e+40  0.00e+00  1.72e+41  4.39e+39  1.30e+41  0.00e+00  1.16e+40  2.41e+40  7.35e+37  0.00e+00  5.38e+37  4.15e+40 
3.132e+14   49      0        0  1.88e+09  0.00e+00  0.00e+00  2.25e+43  7.73e-14  3.95e+10  3.51e+04  6.04e+04  1.01e-01  4.82e+15  2.42e+13  1.64e+41  1.73e+41  7.00e+39  1.10e+41  6.60e+39  4.88e+40  0.00e+00  1.70e+41  4.25e+39  1.24e+41  0.00e+00  1.27e+40  2.68e+40  6.39e+37  0.00e+00  6.33e+37  4.77e+40 
3.304e+14   50      0        0  1.82e+09  0.00e+00  0.00e+00  2.64e+43  7.57e-14  3.87e+10  3.46e+04  5.96e+04  9.15e-02  4.76e+15  2.08e+13  1.69e+41  1.75e+41  6.84e+39  1.06e+41  6.68e+39  5.49e+40  0.00e+00  1.75e+41  4.15e+39  1.24e+41  0.00e+00  1.41e+40  3.00e+40  7.91e+37  0.00e+00  7.52e+37  5.39e+40 
3.486e+14   51      0        0  1.78e+09  0.00e+00  0.00e+00  3.10e+43  7.43e-14  3.80e+10  3.42e+04  5.89e+04  8.19e-02  4.70e+15  1.77e+13  1.80e+41  1.86e+41  6.63e+39  1.11e+41  6.76e+39  6.20e+40  0.00e+00  1.86e+41  4.03e+39  1.30e+41  0.00e+00  1.59e+40  3.39e+40  9.70e+37  0.00e+00  9.18e+37  6.15e+40 
3.678e+14   52      0        0  1.76e+09  0.00e+00  0.00e+00  3.64e+43  7.24e-14  3.70e+10  3.32e+04  5.81e+04  7.24e-02  4.64e+15  1.49e+13  1.77e+41  1.85e+41  6.27e+39  1.01e+41  6.80e+39  7.09e+40  0.00e+00  1.83e+41  3.75e+39  1.21e+41  0.00e+00  1.74e+40  3.76e+40  9.49e+37  0.00e+00  1.01e+38  7.03e+40 
3.880e+14   53      0        0  1.74e+09  0.00e+00  0.00e+00  4.27e+43  6.53e-14  3.34e+10  3.30e+04  5.73e+04  6.31e-02  4.58e+15  1.23e+13  1.67e+41  1.74e+41  5.42e+39  9.56e+40  5.61e+39  6.75e+40  0.00e+00  1.73e+41  3.27e+39  1.14e+41  0.00e+00  1.65e+40  3.59e+40  1.12e+38  0.00e+00  1.04e+38  6.72e+40 
4.094e+14   54      0        0  1.74e+09  0.00e+00  0.00e+00  5.02e+43  5.51e-14  2.82e+10  3.24e+04  5.66e+04  5.46e-02  4.52e+15  1.01e+13  1.36e+41  1.43e+41  4.36e+39  7.82e+40  4.08e+39  5.64e+40  0.00e+00  1.41e+41  2.61e+39  9.22e+40  0.00e+00  1.36e+40  2.98e+40  1.16e+38  0.00e+00  8.14e+37  5.60e+40 
4.319e+14   55      0        0  1.77e+09  0.00e+00  0.00e+00  5.90e+43  4.68e-14  2.39e+10  2.91e+04  5.58e+04  4.73e-02  4.46e+15  8.29e+12  1.23e+41  1.77e+41  3.52e+39  1.17e+41  3.33e+39  5.33e+40  0.00e+00  1.27e+41  1.92e+39  8.79e+40  0.00e+00  1.07e+40  2.47e+40  8.33e+37  0.00e+00  6.45e+37  5.23e+40 
4.557e+14   56      0        0  1.76e+09  0.00e+00  0.00e+00  6.92e+43  4.12e-14  2.11e+10  2.90e+04  5.53e+04  4.07e-02  4.41e+15  6.85e+12  1.80e+41  1.81e+41  2.98e+39  1.34e+41  2.61e+39  4.12e+40  0.00e+00  1.83e+41  1.63e+39  1.48e+41  0.00e+00  9.68e+39  2.23e+40  1.04e+38  0.00e+00  6.49e+37  4.09e+40 
4.808e+14   57      0        0  1.80e+09  0.00e+00  0.00e+00  8.13e+43  3.77e-14  1.93e+10  2.80e+04  5.47e+04  3.47e-02  4.37e+15  5.60e+12  1.54e+41  1.58e+41  2.59e+39  1.13e+41  2.26e+39  3.98e+40  0.00e+00  1.57e+41  1.39e+39  1.23e+41  0.00e+00  9.29e+39  2.17e+40  1.09e+38  0.00e+00  6.52e+37  3.97e+40 
5.072e+14   58      0        0  1.86e+09  0.00e+00  0.00e+00  9.55e+43  3.55e-14  1.81e+10  2.69e+04  5.42e+04  2.90e-02  4.33e+15  4.52e+12  1.24e+41  1.29e+41  2.29e+39  8.11e+40  2.04e+39  4.37e+40  0.00e+00  1.27e+41  1.19e+39  9.26e+40  0.00e+00  9.39e+39  2.24e+40  9.29e+37  0.00e+00  6.27e+37  4.35e+40 
5.351e+14   59      0        0  1.87e+09  0.00e+00  0.00e+00  1.12e+44  3.05e-14  1.56e+10  2.67e+04  5.38e+04  2.38e-02  4.29e+15  3.58e+12  1.05e+41  1.08e+41  1.82e+39  6.73e+40  1.44e+39  3.77e+40  0.00e+00  1.08e+41  9.43e+38  7.77e+40  0.00e+00  8.10e+39  1.94e+40  1.25e+38  0.00e+00  5.53e+37  3.76e+40 
5.646e+14   60      0        0  1.96e+09  0.00e+00  0.00e+00  1.32e+44  2.51e-14  1.28e+10  2.60e+04  5.33e+04  1.93e-02  4.25e+15  2.81e+12  7.16e+40  7.41e+40  1.36e+39  4.01e+40  9.48e+38  3.16e+40  0.00e+00  7.37e+40  6.95e+38  4.99e+40  0.00e+00  6.30e+39  1.53e+40  1.21e+38  0.00e+00  4.02e+37  3.15e+40 
5.957e+14   61      0        0  2.07e+09  0.00e+00  0.00e+00  1.55e+44  2.13e-14  1.09e+10  2.53e+04  5.29e+04  1.55e-02  4.22e+15  2.19e+12  5.13e+40  5.31e+40  1.05e+39  2.45e+40  6.54e+38  2.70e+40  0.00e+00  5.30e+40  5.24e+38  3.33e+40  0.00e+00  5.21e+39  1.28e+40  9.66e+37  0.00e+00  2.92e+37  2.68e+40 
6.285e+14   62      0        0  2.12e+09  0.00e+00  0.00e+00  1.82e+44  1.81e-14  9.26e+09  2.48e+04  5.26e+04  1.21e-02  4.20e+15  1.67e+12  3.91e+40  4.01e+40  7.95e+38  1.59e+40  4.43e+38  2.30e+40  0.00e+00  4.05e+40  3.93e+38  2.38e+40  0.00e+00  4.39e+39  1.09e+40  1.06e+38  0.00e+00  2.32e+37  2.28e+40 
6.631e+14   63      0        0  2.22e+09  0.00e+00  0.00e+00  2.14e+44  1.43e-14  7.31e+09  2.44e+04  5.22e+04  9.21e-03  4.16e+15  1.23e+12  2.54e+40  2.63e+40  5.39e+38  8.32e+39  2.47e+38  1.72e+40  0.00e+00  2.64e+40  2.64e+38  1.42e+40  0.00e+00  3.17e+39  7.96e+39  1.00e+38  0.00e+00  1.54e+37  1.71e+40 
6.996e+14   64      0        0  2.34e+09  0.00e+00  0.00e+00  2.51e+44  1.14e-14  5.83e+09  2.39e+04  5.17e+04  6.68e-03  4.13e+15  8.62e+11  1.65e+40  1.71e+40  3.51e+38  3.79e+39  1.36e+38  1.28e+40  0.00e+00  1.73e+40  1.70e+38  8.27e+39  0.00e+00  2.33e+39  5.91e+39  8.83e+37  0.00e+00  1.14e+37  1.28e+40 
7.381e+14   65     -1        0  2.45e+09  0.00e+00  0.00e+00  0.00e+00  0.00e+00  0.00e+00  0.00e+00  0.00e+00  0.00e+00  0.00e+00  0.00e+00  0.00e+00  0.00e+00  0.00e+00  0.00e+00  0.00e+00  0.00e+00  0.00e+00  0.00e+00  0.00e+00  0.00e+00  0.00e+00  0.00e+00  0.00e+00  0.00e+00  0.00e+00  0.00e+00  0.00e+00 
7.787e+14   66     -1        0  2.45e+09  0.00e+00  0.00e+00  0.00e+00  0.00e+00  0.00e+00  0.00e+00  0.00e+00  0.00e+00  0.00e+00  0.00e+00  0.00e+00  0.00e+00  0.00e+00  0.00e+00  0.00e+00  0.00e+00  0.00e+00  0.00e+00  0.00e+00  0.00e+00  0.00e+00  0.00e+00  0.00e+00  0.00e+00  0.00e+00  0.00e+00  0.00e+00 
