        r      rcen    i inwind converge     nband      nxtot        xj xave_freq  xsd_freq      fmin      fmax  fmin_mod  fmax_mod spec_mod_  pl_alpha  pl_log_w  exp_temp     exp_w 
2.268e+13 2.330e+13    0     -1        0      0  0.00e+00  0.00e+00  0.00e+00  0.00e+00  0.00e+00  0.00e+00  0.00e+00  0.00e+00  0.00e+00  0.00e+00  0.00e+00  0.00e+00  0.00e+00 
2.392e+13 2.458e+13    1      0        0      0  1.22e+05  2.12e+13  7.50e+14  1.92e+14  1.00e+14  1.00e+15  1.00e+14  1.00e+15  1.00e+00  2.00e+00 -3.11e+01 -1.41e+04  2.51e-03 
2.524e+13 2.594e+13    2      0        0      0  1.53e+05  2.18e+13  7.51e+14  1.89e+14  1.00e+14  1.00e+15  1.00e+14  1.00e+15  1.00e+00  2.00e+00 -3.12e+01 -1.41e+04  2.57e-03 
2.663e+13 2.736e+13    3      0        0      0  1.87e+05  2.18e+13  7.51e+14  1.90e+14  1.00e+14  1.00e+15  1.00e+14  1.00e+15  1.00e+00  2.00e+00 -3.12e+01 -1.41e+04  2.56e-03 
2.810e+13 2.887e+13    4      0        0      0  2.23e+05  2.13e+13  7.49e+14  1.91e+14  1.00e+14  1.00e+15  1.00e+14  1.00e+15  1.00e+00  1.97e+00 -3.07e+01 -1.42e+04  2.60e-03 
2.964e+13 3.046e+13    5      0        0      0  2.68e+05  2.13e+13  7.51e+14  1.88e+14  1.01e+14  1.00e+15  1.00e+14  1.00e+15  1.00e+00  2.01e+00 -3.14e+01 -1.40e+04  2.48e-03 
3.127e+13 3.213e+13    6      0        0      0  3.11e+05  2.09e+13  7.52e+14  1.87e+14  1.03e+14  1.00e+15  1.03e+14  1.00e+15  1.00e+00  2.02e+00 -3.15e+01 -1.40e+04  2.43e-03 
3.299e+13 3.390e+13    7      0        0      0  3.54e+05  2.02e+13  7.53e+14  1.87e+14  1.06e+14  1.00e+15  1.06e+14  1.00e+15  1.00e+00  2.04e+00 -3.19e+01 -1.39e+04  2.30e-03 
3.481e+13 3.577e+13    8      0        0      0  4.11e+05  1.96e+13  7.53e+14  1.88e+14  1.00e+14  1.00e+15  1.00e+14  1.00e+15  1.00e+00  2.03e+00 -3.17e+01 -1.39e+04  2.24e-03 
3.673e+13 3.774e+13    9      0        0      0  4.60e+05  1.90e+13  7.53e+14  1.87e+14  1.00e+14  1.00e+15  1.00e+14  1.00e+15  1.00e+00  2.04e+00 -3.19e+01 -1.38e+04  2.15e-03 
3.875e+13 3.981e+13   10      0        0      0  5.21e+05  1.86e+13  7.54e+14  1.86e+14  1.00e+14  1.00e+15  1.00e+14  1.00e+15  1.00e+00  2.06e+00 -3.21e+01 -1.37e+04  2.07e-03 
4.088e+13 4.201e+13   11      0        0      0  5.78e+05  1.80e+13  7.54e+14  1.87e+14  1.00e+14  1.00e+15  1.00e+14  1.00e+15  1.00e+00  2.05e+00 -3.21e+01 -1.38e+04  2.01e-03 
4.313e+13 4.432e+13   12      0        0      0  6.35e+05  1.73e+13  7.52e+14  1.88e+14  1.00e+14  1.00e+15  1.00e+14  1.00e+15  1.00e+00  2.01e+00 -3.15e+01 -1.40e+04  2.01e-03 
4.551e+13 4.676e+13   13      0        0      0  6.99e+05  1.65e+13  7.51e+14  1.89e+14  1.00e+14  1.00e+15  1.00e+14  1.00e+15  1.00e+00  2.00e+00 -3.14e+01 -1.40e+04  1.95e-03 
4.801e+13 4.933e+13   14      0        0      0  7.48e+05  1.60e+13  7.48e+14  1.89e+14  1.00e+14  1.00e+15  1.00e+14  1.00e+15  1.00e+00  1.96e+00 -3.07e+01 -1.43e+04  1.97e-03 
5.065e+13 5.205e+13   15      0        0      0  8.20e+05  1.53e+13  7.47e+14  1.89e+14  1.00e+14  1.00e+15  1.00e+14  1.00e+15  1.00e+00  1.94e+00 -3.04e+01 -1.44e+04  1.92e-03 
5.344e+13 5.491e+13   16      0        0      0  8.77e+05  1.44e+13  7.47e+14  1.89e+14  1.00e+14  1.00e+15  1.00e+14  1.00e+15  1.00e+00  1.93e+00 -3.04e+01 -1.45e+04  1.82e-03 
5.638e+13 5.793e+13   17      0        0      0  9.25e+05  1.36e+13  7.46e+14  1.89e+14  1.00e+14  1.00e+15  1.00e+14  1.00e+15  1.00e+00  1.93e+00 -3.03e+01 -1.45e+04  1.73e-03 
5.949e+13 6.112e+13   18      0        0      0  1.00e+06  1.29e+13  7.45e+14  1.90e+14  1.00e+14  1.00e+15  1.00e+14  1.00e+15  1.00e+00  1.90e+00 -3.00e+01 -1.46e+04  1.69e-03 
6.276e+13 6.449e+13   19      0        0      0  1.03e+06  1.21e+13  7.43e+14  1.90e+14  1.00e+14  1.00e+15  1.00e+14  1.00e+15  1.00e+00  1.88e+00 -2.97e+01 -1.48e+04  1.61e-03 
6.621e+13 6.804e+13   20      0        0      0  1.10e+06  1.14e+13  7.43e+14  1.89e+14  1.00e+14  1.00e+15  1.00e+14  1.00e+15  1.00e+00  1.88e+00 -2.97e+01 -1.48e+04  1.52e-03 
6.986e+13 7.178e+13   21      0        0      0  1.15e+06  1.07e+13  7.41e+14  1.90e+14  1.00e+14  1.00e+15  1.00e+14  1.00e+15  1.00e+00  1.85e+00 -2.92e+01 -1.50e+04  1.48e-03 
7.370e+13 7.573e+13   22      0        0      0  1.20e+06  9.97e+12  7.40e+14  1.91e+14  1.00e+14  1.00e+15  1.00e+14  1.00e+15  1.00e+00  1.82e+00 -2.89e+01 -1.51e+04  1.41e-03 
7.776e+13 7.990e+13   23      0        0      0  1.27e+06  9.28e+12  7.38e+14  1.92e+14  1.00e+14  1.00e+15  1.00e+14  1.00e+15  1.00e+00  1.80e+00 -2.86e+01 -1.53e+04  1.34e-03 
8.204e+13 8.430e+13   24      0        0      0  1.33e+06  8.66e+12  7.37e+14  1.93e+14  1.00e+14  1.00e+15  1.00e+14  1.00e+15  1.00e+00  1.78e+00 -2.83e+01 -1.55e+04  1.28e-03 
8.656e+13 8.894e+13   25      0        0      0  1.37e+06  8.02e+12  7.35e+14  1.94e+14  1.00e+14  1.00e+15  1.00e+14  1.00e+15  1.00e+00  1.75e+00 -2.79e+01 -1.57e+04  1.23e-03 
9.132e+13 9.383e+13   26      0        0      0  1.45e+06  7.45e+12  7.33e+14  1.95e+14  1.00e+14  1.00e+15  1.00e+14  1.00e+15  1.00e+00  1.73e+00 -2.76e+01 -1.58e+04  1.17e-03 
9.635e+13 9.900e+13   27      0        0      0  1.51e+06  6.91e+12  7.32e+14  1.96e+14  1.00e+14  1.00e+15  1.00e+14  1.00e+15  1.00e+00  1.71e+00 -2.74e+01 -1.60e+04  1.10e-03 
1.017e+14 1.044e+14   28      0        0      0  1.55e+06  6.39e+12  7.30e+14  1.97e+14  1.00e+14  1.00e+15  1.00e+14  1.00e+15  1.00e+00  1.69e+00 -2.71e+01 -1.61e+04  1.04e-03 
1.072e+14 1.102e+14   29      0        0      0  1.66e+06  5.88e+12  7.29e+14  1.98e+14  1.00e+14  1.00e+15  1.00e+14  1.00e+15  1.00e+00  1.67e+00 -2.68e+01 -1.63e+04  9.82e-04 
1.131e+14 1.163e+14   30      0        0      0  1.67e+06  5.43e+12  7.27e+14  1.99e+14  1.00e+14  1.00e+15  1.00e+14  1.00e+15  1.00e+00  1.64e+00 -2.65e+01 -1.65e+04  9.29e-04 
1.194e+14 1.227e+14   31      0        0      0  1.77e+06  4.99e+12  7.26e+14  1.99e+14  1.00e+14  1.00e+15  1.00e+14  1.00e+15  1.00e+00  1.62e+00 -2.62e+01 -1.67e+04  8.72e-04 
1.259e+14 1.294e+14   32      0        0      0  1.85e+06  4.58e+12  7.24e+14  2.00e+14  1.00e+14  1.00e+15  1.00e+14  1.00e+15  1.00e+00  1.61e+00 -2.60e+01 -1.68e+04  8.16e-04 
1.329e+14 1.365e+14   33      0        0      0  1.86e+06  4.19e+12  7.23e+14  2.00e+14  1.00e+14  1.00e+15  1.00e+14  1.00e+15  1.00e+00  1.59e+00 -2.58e+01 -1.70e+04  7.63e-04 
1.402e+14 1.441e+14   34      0        0      0  1.98e+06  3.85e+12  7.21e+14  2.01e+14  1.00e+14  1.00e+15  1.00e+14  1.00e+15  1.00e+00  1.56e+00 -2.55e+01 -1.72e+04  7.17e-04 
1.479e+14 1.520e+14   35      0        1      0  2.00e+06  3.54e+12  7.20e+14  2.02e+14  1.00e+14  1.00e+15  1.00e+14  1.00e+15  1.00e+00  1.55e+00 -2.52e+01 -1.73e+04  6.71e-04 
1.561e+14 1.603e+14   36      0        1      0  2.10e+06  3.24e+12  7.17e+14  2.03e+14  1.00e+14  1.00e+15  1.00e+14  1.00e+15  1.00e+00  1.51e+00 -2.48e+01 -1.77e+04  6.37e-04 
1.646e+14 1.692e+14   37      0        0      0  2.16e+06  2.98e+12  7.16e+14  2.04e+14  1.00e+14  1.00e+15  1.00e+14  1.00e+15  1.00e+00  1.49e+00 -2.45e+01 -1.79e+04  5.98e-04 
1.737e+14 1.785e+14   38      0        0      0  2.18e+06  2.72e+12  7.14e+14  2.04e+14  1.00e+14  1.00e+15  1.00e+14  1.00e+15  1.00e+00  1.47e+00 -2.43e+01 -1.81e+04  5.59e-04 
1.833e+14 1.883e+14   39      0        0      0  2.28e+06  2.49e+12  7.13e+14  2.05e+14  1.00e+14  1.00e+15  1.00e+14  1.00e+15  1.00e+00  1.46e+00 -2.42e+01 -1.82e+04  5.16e-04 
1.934e+14 1.987e+14   40      0        0      0  2.32e+06  2.27e+12  7.12e+14  2.05e+14  1.00e+14  1.00e+15  1.00e+14  1.00e+15  1.00e+00  1.45e+00 -2.39e+01 -1.84e+04  4.81e-04 
2.040e+14 2.096e+14   41      0        0      0  2.42e+06  2.07e+12  7.11e+14  2.06e+14  1.00e+14  1.00e+15  1.00e+14  1.00e+15  1.00e+00  1.43e+00 -2.37e+01 -1.85e+04  4.46e-04 
2.152e+14 2.211e+14   42      0        0      0  2.45e+06  1.89e+12  7.09e+14  2.07e+14  1.00e+14  1.00e+15  1.00e+14  1.00e+15  1.00e+00  1.41e+00 -2.35e+01 -1.88e+04  4.17e-04 
2.271e+14 2.333e+14   43      0        0      0  2.47e+06  1.73e+12  7.08e+14  2.07e+14  1.00e+14  1.00e+15  1.00e+14  1.00e+15  1.00e+00  1.39e+00 -2.33e+01 -1.90e+04  3.88e-04 
2.396e+14 2.462e+14   44      0        0      0  2.65e+06  1.58e+12  7.06e+14  2.08e+14  1.00e+14  1.00e+15  1.00e+14  1.00e+15  1.00e+00  1.37e+00 -2.30e+01 -1.92e+04  3.61e-04 
2.528e+14 2.597e+14   45      0        0      0  2.56e+06  1.44e+12  7.05e+14  2.09e+14  1.00e+14  1.00e+15  1.00e+14  1.00e+15  1.00e+00  1.36e+00 -2.28e+01 -1.94e+04  3.35e-04 
2.667e+14 2.740e+14   46      0        0      0  2.65e+06  1.31e+12  7.04e+14  2.10e+14  1.00e+14  1.00e+15  1.00e+14  1.00e+15  1.00e+00  1.34e+00 -2.26e+01 -1.96e+04  3.09e-04 
2.813e+14 2.891e+14   47      0        0      0  2.68e+06  1.18e+12  7.02e+14  2.11e+14  1.00e+14  1.00e+15  1.00e+14  1.00e+15  1.00e+00  1.32e+00 -2.24e+01 -1.98e+04  2.86e-04 
2.968e+14 3.050e+14   48      0        0      0  2.63e+06  1.07e+12  7.01e+14  2.11e+14  1.00e+14  1.00e+15  1.00e+14  1.00e+15  1.00e+00  1.31e+00 -2.23e+01 -1.99e+04  2.61e-04 
3.132e+14 3.218e+14   49      0        0      0  2.76e+06  9.54e+11  6.99e+14  2.12e+14  1.00e+14  1.00e+15  1.00e+14  1.00e+15  1.00e+00  1.29e+00 -2.20e+01 -2.02e+04  2.40e-04 
3.304e+14 3.395e+14   50      0        0      0  2.57e+06  8.45e+11  6.98e+14  2.12e+14  1.00e+14  1.00e+15  1.00e+14  1.00e+15  1.00e+00  1.27e+00 -2.18e+01 -2.04e+04  2.16e-04 
3.486e+14 3.582e+14   51      0        0      0  2.39e+06  7.40e+11  6.96e+14  2.13e+14  1.00e+14  1.00e+15  1.00e+14  1.00e+15  1.00e+00  1.25e+00 -2.15e+01 -2.08e+04  1.94e-04 
3.678e+14 3.779e+14   52      0        0      0  2.36e+06  6.37e+11  6.95e+14  2.13e+14  1.00e+14  1.00e+15  1.00e+14  1.00e+15  1.00e+00  1.24e+00 -2.14e+01 -2.09e+04  1.69e-04 
3.880e+14 3.987e+14   53      0        0      0  2.04e+06  5.41e+11  6.94e+14  2.14e+14  1.00e+14  1.00e+15  1.00e+14  1.00e+15  1.00e+00  1.23e+00 -2.14e+01 -2.11e+04  1.45e-04 
4.094e+14 4.206e+14   54      0        0      0  1.74e+06  4.59e+11  6.92e+14  2.15e+14  1.00e+14  1.00e+15  1.00e+14  1.00e+15  1.00e+00  1.21e+00 -2.11e+01 -2.14e+04  1.26e-04 
4.319e+14 4.438e+14   55      0        0      0  1.78e+06  3.87e+11  6.92e+14  2.15e+14  1.00e+14  1.00e+15  1.00e+14  1.00e+15  1.00e+00  1.20e+00 -2.11e+01 -2.15e+04  1.07e-04 
4.557e+14 4.682e+14   56      0        0      0  1.39e+06  3.26e+11  6.90e+14  2.16e+14  1.00e+14  1.00e+15  1.00e+14  1.00e+15  1.00e+00  1.18e+00 -2.09e+01 -2.18e+04  9.22e-05 
4.808e+14 4.940e+14   57      0        0      0  1.27e+06  2.73e+11  6.88e+14  2.17e+14  1.00e+14  1.00e+15  1.00e+14  1.00e+15  1.00e+00  1.16e+00 -2.06e+01 -2.22e+04  7.93e-05 
5.072e+14 5.212e+14   58      0        0      0  1.35e+06  2.25e+11  6.87e+14  2.17e+14  1.00e+14  1.00e+15  1.00e+14  1.00e+15  1.00e+00  1.15e+00 -2.05e+01 -2.24e+04  6.60e-05 
5.351e+14 5.499e+14   59      0        0      0  8.80e+05  1.81e+11  6.86e+14  2.17e+14  1.00e+14  1.00e+15  1.00e+14  1.00e+15  1.00e+00  1.14e+00 -2.05e+01 -2.25e+04  5.37e-05 
5.646e+14 5.801e+14   60      0        0      0  7.54e+05  1.45e+11  6.86e+14  2.17e+14  1.00e+14  1.00e+15  1.00e+14  1.00e+15  1.00e+00  1.13e+00 -2.05e+01 -2.26e+04  4.32e-05 
5.957e+14 6.121e+14   61      0        0      0  8.10e+05  1.15e+11  6.85e+14  2.18e+14  1.00e+14  1.00e+15  1.00e+14  1.00e+15  1.00e+00  1.13e+00 -2.05e+01 -2.27e+04  3.45e-05 
6.285e+14 6.458e+14   62      0        0      0  5.83e+05  8.93e+10  6.85e+14  2.18e+14  1.00e+14  1.00e+15  1.00e+14  1.00e+15  1.00e+00  1.13e+00 -2.06e+01 -2.27e+04  2.68e-05 
6.631e+14 6.813e+14   63      0        0      0  4.72e+05  6.69e+10  6.85e+14  2.18e+14  1.00e+14  1.00e+15  1.00e+14  1.00e+15  1.00e+00  1.12e+00 -2.07e+01 -2.27e+04  2.01e-05 
6.996e+14 7.188e+14   64      0        0      0  4.04e+05  4.83e+10  6.84e+14  2.18e+14  1.00e+14  1.00e+15  1.00e+14  1.00e+15  1.00e+00  1.11e+00 -2.07e+01 -2.29e+04  1.47e-05 
7.381e+14 7.584e+14   65     -1        0      0  0.00e+00  0.00e+00  0.00e+00  0.00e+00  0.00e+00  0.00e+00  0.00e+00  0.00e+00  0.00e+00  0.00e+00  0.00e+00  0.00e+00  0.00e+00 
7.787e+14 7.826e+14   66     -1        0      0  0.00e+00  0.00e+00  0.00e+00  0.00e+00  0.00e+00  0.00e+00  0.00e+00  0.00e+00  0.00e+00  0.00e+00  0.00e+00  0.00e+00  0.00e+00 
2.268e+13 2.330e+13    0     -1        0      1  0.00e+00  0.00e+00  0.00e+00  0.00e+00  0.00e+00  0.00e+00  0.00e+00  0.00e+00  0.00e+00  0.00e+00  0.00e+00  0.00e+00  0.00e+00 
2.392e+13 2.458e+13    1      0        0      1  2.72e+06  5.02e+14  2.37e+15  5.60e+14  1.00e+15  3.16e+15  1.00e+15  3.16e+15  1.00e+00  1.65e+00 -2.60e+01 -6.08e+04  3.99e-02 
2.524e+13 2.594e+13    2      0        0      1  3.22e+06  5.07e+14  2.37e+15  5.62e+14  1.00e+15  3.16e+15  1.00e+15  3.16e+15  1.00e+00  1.64e+00 -2.57e+01 -6.15e+04  4.12e-02 
2.663e+13 2.736e+13    3      0        0      1  3.72e+06  5.02e+14  2.37e+15  5.63e+14  1.00e+15  3.16e+15  1.00e+15  3.16e+15  1.00e+00  1.61e+00 -2.53e+01 -6.24e+04  4.18e-02 
2.810e+13 2.887e+13    4      0        0      1  4.26e+06  4.92e+14  2.37e+15  5.64e+14  1.00e+15  3.16e+15  1.00e+15  3.16e+15  1.00e+00  1.60e+00 -2.52e+01 -6.28e+04  4.14e-02 
2.964e+13 3.046e+13    5      0        0      1  4.83e+06  4.79e+14  2.36e+15  5.66e+14  1.00e+15  3.16e+15  1.00e+15  3.16e+15  1.00e+00  1.58e+00 -2.48e+01 -6.36e+04  4.14e-02 
3.127e+13 3.213e+13    6      0        0      1  5.33e+06  4.64e+14  2.36e+15  5.66e+14  1.00e+15  3.16e+15  1.00e+15  3.16e+15  1.00e+00  1.55e+00 -2.45e+01 -6.45e+04  4.10e-02 
3.299e+13 3.390e+13    7      0        0      1  5.83e+06  4.45e+14  2.36e+15  5.67e+14  1.00e+15  3.16e+15  1.00e+15  3.16e+15  1.00e+00  1.53e+00 -2.41e+01 -6.55e+04  4.04e-02 
3.481e+13 3.577e+13    8      0        0      1  6.42e+06  4.24e+14  2.35e+15  5.69e+14  1.00e+15  3.16e+15  1.00e+15  3.16e+15  1.00e+00  1.49e+00 -2.36e+01 -6.70e+04  4.01e-02 
3.673e+13 3.774e+13    9      0        0      1  6.82e+06  4.02e+14  2.34e+15  5.70e+14  1.00e+15  3.16e+15  1.00e+15  3.16e+15  1.00e+00  1.46e+00 -2.31e+01 -6.83e+04  3.92e-02 
3.875e+13 3.981e+13   10      0        0      1  7.32e+06  3.79e+14  2.34e+15  5.72e+14  1.00e+15  3.16e+15  1.00e+15  3.16e+15  1.00e+00  1.43e+00 -2.27e+01 -6.98e+04  3.83e-02 
4.088e+13 4.201e+13   11      0        0      1  7.68e+06  3.55e+14  2.33e+15  5.73e+14  1.00e+15  3.16e+15  1.00e+15  3.16e+15  1.00e+00  1.40e+00 -2.22e+01 -7.12e+04  3.70e-02 
4.313e+13 4.432e+13   12      0        0      1  8.01e+06  3.32e+14  2.33e+15  5.74e+14  1.00e+15  3.16e+15  1.00e+15  3.16e+15  1.00e+00  1.37e+00 -2.18e+01 -7.26e+04  3.57e-02 
4.551e+13 4.676e+13   13      0        0      1  8.43e+06  3.08e+14  2.32e+15  5.75e+14  1.00e+15  3.16e+15  1.00e+15  3.16e+15  1.00e+00  1.34e+00 -2.13e+01 -7.43e+04  3.43e-02 
4.801e+13 4.933e+13   14      0        0      1  8.55e+06  2.85e+14  2.32e+15  5.77e+14  1.00e+15  3.16e+15  1.00e+15  3.16e+15  1.00e+00  1.29e+00 -2.06e+01 -7.69e+04  3.33e-02 
5.065e+13 5.205e+13   15      0        0      1  8.96e+06  2.62e+14  2.31e+15  5.78e+14  1.00e+15  3.16e+15  1.00e+15  3.16e+15  1.00e+00  1.26e+00 -2.02e+01 -7.86e+04  3.17e-02 
5.344e+13 5.491e+13   16      0        0      1  9.17e+06  2.41e+14  2.31e+15  5.79e+14  1.00e+15  3.16e+15  1.00e+15  3.16e+15  1.00e+00  1.23e+00 -1.98e+01 -8.07e+04  3.02e-02 
5.638e+13 5.793e+13   17      0        0      1  9.28e+06  2.20e+14  2.30e+15  5.80e+14  1.00e+15  3.16e+15  1.00e+15  3.16e+15  1.00e+00  1.19e+00 -1.92e+01 -8.30e+04  2.86e-02 
5.949e+13 6.112e+13   18      0        0      1  9.61e+06  2.01e+14  2.29e+15  5.82e+14  1.00e+15  3.16e+15  1.00e+15  3.16e+15  1.00e+00  1.16e+00 -1.87e+01 -8.54e+04  2.71e-02 
6.276e+13 6.449e+13   19      0        0      1  9.60e+06  1.83e+14  2.29e+15  5.83e+14  1.00e+15  3.16e+15  1.00e+15  3.16e+15  1.00e+00  1.13e+00 -1.83e+01 -8.75e+04  2.55e-02 
6.621e+13 6.804e+13   20      0        0      1  9.80e+06  1.67e+14  2.28e+15  5.85e+14  1.00e+15  3.16e+15  1.00e+15  3.16e+15  1.00e+00  1.09e+00 -1.78e+01 -9.04e+04  2.42e-02 
6.986e+13 7.178e+13   21      0        0      1  9.93e+06  1.51e+14  2.28e+15  5.86e+14  1.00e+15  3.16e+15  1.00e+15  3.16e+15  1.00e+00  1.06e+00 -1.74e+01 -9.29e+04  2.27e-02 
7.370e+13 7.573e+13   22      0        0      1  9.98e+06  1.37e+14  2.27e+15  5.87e+14  1.00e+15  3.16e+15  1.00e+15  3.16e+15  1.00e+00  1.03e+00 -1.69e+01 -9.56e+04  2.12e-02 
7.776e+13 7.990e+13   23      0        0      1  1.02e+07  1.24e+14  2.27e+15  5.87e+14  1.00e+15  3.16e+15  1.00e+15  3.16e+15  1.00e+00  9.95e-01 -1.65e+01 -9.85e+04  1.98e-02 
8.204e+13 8.430e+13   24      0        0      1  1.04e+07  1.12e+14  2.26e+15  5.89e+14  1.00e+15  3.16e+15  1.00e+15  3.16e+15  1.00e+00  9.61e-01 -1.60e+01 -1.02e+05  1.86e-02 
8.656e+13 8.894e+13   25      0        0      1  1.04e+07  1.01e+14  2.26e+15  5.90e+14  1.00e+15  3.16e+15  1.00e+15  3.16e+15  1.00e+00  9.35e-01 -1.56e+01 -1.05e+05  1.72e-02 
9.132e+13 9.383e+13   26      0        0      1  1.06e+07  9.05e+13  2.25e+15  5.91e+14  1.00e+15  3.16e+15  1.00e+15  3.16e+15  1.00e+00  9.02e-01 -1.52e+01 -1.08e+05  1.60e-02 
9.635e+13 9.900e+13   27      0        0      1  1.07e+07  8.14e+13  2.25e+15  5.92e+14  1.00e+15  3.16e+15  1.00e+15  3.16e+15  1.00e+00  8.71e-01 -1.48e+01 -1.12e+05  1.49e-02 
1.017e+14 1.044e+14   28      0        0      1  1.08e+07  7.31e+13  2.24e+15  5.93e+14  1.00e+15  3.16e+15  1.00e+15  3.16e+15  1.00e+00  8.42e-01 -1.44e+01 -1.16e+05  1.38e-02 
1.072e+14 1.102e+14   29      0        0      1  1.12e+07  6.55e+13  2.23e+15  5.93e+14  1.00e+15  3.16e+15  1.00e+15  3.16e+15  1.00e+00  8.10e-01 -1.39e+01 -1.20e+05  1.28e-02 
1.131e+14 1.163e+14   30      0        0      1  1.09e+07  5.88e+13  2.23e+15  5.94e+14  1.00e+15  3.16e+15  1.00e+15  3.16e+15  1.00e+00  7.82e-01 -1.35e+01 -1.24e+05  1.18e-02 
1.194e+14 1.227e+14   31      0        0      1  1.13e+07  5.26e+13  2.22e+15  5.95e+14  1.00e+15  3.16e+15  1.00e+15  3.16e+15  1.00e+00  7.51e-01 -1.31e+01 -1.29e+05  1.09e-02 
1.259e+14 1.294e+14   32      0        0      1  1.15e+07  4.70e+13  2.22e+15  5.96e+14  1.00e+15  3.16e+15  1.00e+15  3.16e+15  1.00e+00  7.22e-01 -1.27e+01 -1.34e+05  1.01e-02 
1.329e+14 1.365e+14   33      0        0      1  1.13e+07  4.21e+13  2.21e+15  5.96e+14  1.00e+15  3.16e+15  1.00e+15  3.16e+15  1.00e+00  6.96e-01 -1.24e+01 -1.39e+05  9.28e-03 
1.402e+14 1.441e+14   34      0        0      1  1.17e+07  3.76e+13  2.21e+15  5.97e+14  1.00e+15  3.16e+15  1.00e+15  3.16e+15  1.00e+00  6.70e-01 -1.20e+01 -1.44e+05  8.53e-03 
1.479e+14 1.520e+14   35      0        1      1  1.16e+07  3.36e+13  2.20e+15  5.97e+14  1.00e+15  3.16e+15  1.00e+15  3.16e+15  1.00e+00  6.42e-01 -1.16e+01 -1.51e+05  7.86e-03 
1.561e+14 1.603e+14   36      0        1      1  1.19e+07  3.01e+13  2.20e+15  5.98e+14  1.00e+15  3.16e+15  1.00e+15  3.16e+15  1.00e+00  6.17e-01 -1.13e+01 -1.57e+05  7.23e-03 
1.646e+14 1.692e+14   37      0        0      1  1.20e+07  2.70e+13  2.20e+15  5.98e+14  1.00e+15  3.16e+15  1.00e+15  3.16e+15  1.00e+00  6.01e-01 -1.11e+01 -1.61e+05  6.60e-03 
1.737e+14 1.785e+14   38      0        0      1  1.19e+07  2.43e+13  2.19e+15  5.99e+14  1.00e+15  3.16e+15  1.00e+15  3.16e+15  1.00e+00  5.80e-01 -1.08e+01 -1.66e+05  6.05e-03 
1.833e+14 1.883e+14   39      0        0      1  1.22e+07  2.18e+13  2.19e+15  5.99e+14  1.00e+15  3.16e+15  1.00e+15  3.16e+15  1.00e+00  5.60e-01 -1.06e+01 -1.72e+05  5.55e-03 
1.934e+14 1.987e+14   40      0        0      1  1.22e+07  1.96e+13  2.19e+15  5.99e+14  1.00e+15  3.16e+15  1.00e+15  3.16e+15  1.00e+00  5.40e-01 -1.03e+01 -1.78e+05  5.09e-03 
2.040e+14 2.096e+14   41      0        0      1  1.26e+07  1.76e+13  2.18e+15  5.99e+14  1.00e+15  3.16e+15  1.00e+15  3.16e+15  1.00e+00  5.26e-01 -1.01e+01 -1.83e+05  4.65e-03 
2.152e+14 2.211e+14   42      0        0      1  1.26e+07  1.58e+13  2.18e+15  6.00e+14  1.00e+15  3.16e+15  1.00e+15  3.16e+15  1.00e+00  5.05e-01 -9.87e+00 -1.90e+05  4.27e-03 
2.271e+14 2.333e+14   43      0        0      1  1.25e+07  1.42e+13  2.18e+15  6.00e+14  1.00e+15  3.16e+15  1.00e+15  3.16e+15  1.00e+00  4.89e-01 -9.67e+00 -1.96e+05  3.91e-03 
2.396e+14 2.462e+14   44      0        0      1  1.32e+07  1.28e+13  2.17e+15  6.00e+14  1.00e+15  3.16e+15  1.00e+15  3.16e+15  1.00e+00  4.71e-01 -9.43e+00 -2.04e+05  3.58e-03 
2.528e+14 2.597e+14   45      0        0      1  1.26e+07  1.14e+13  2.17e+15  6.00e+14  1.00e+15  3.16e+15  1.00e+15  3.16e+15  1.00e+00  4.53e-01 -9.21e+00 -2.12e+05  3.27e-03 
2.667e+14 2.740e+14   46      0        0      1  1.29e+07  1.02e+13  2.17e+15  6.00e+14  1.00e+15  3.16e+15  1.00e+15  3.16e+15  1.00e+00  4.41e-01 -9.07e+00 -2.17e+05  2.96e-03 
2.813e+14 2.891e+14   47      0        0      1  1.29e+07  9.16e+12  2.16e+15  6.00e+14  1.00e+15  3.16e+15  1.00e+15  3.16e+15  1.00e+00  4.25e-01 -8.89e+00 -2.25e+05  2.70e-03 
2.968e+14 3.050e+14   48      0        0      1  1.26e+07  8.15e+12  2.16e+15  6.00e+14  1.00e+15  3.16e+15  1.00e+15  3.16e+15  1.00e+00  4.15e-01 -8.78e+00 -2.31e+05  2.42e-03 
3.132e+14 3.218e+14   49      0        0      1  1.31e+07  7.19e+12  2.16e+15  6.00e+14  1.00e+15  3.16e+15  1.00e+15  3.16e+15  1.00e+00  4.05e-01 -8.68e+00 -2.36e+05  2.16e-03 
3.304e+14 3.395e+14   50      0        0      1  1.21e+07  6.28e+12  2.16e+15  6.00e+14  1.00e+15  3.16e+15  1.00e+15  3.16e+15  1.00e+00  3.92e-01 -8.54e+00 -2.44e+05  1.92e-03 
3.486e+14 3.582e+14   51      0        0      1  1.11e+07  5.42e+12  2.15e+15  5.99e+14  1.00e+15  3.16e+15  1.00e+15  3.16e+15  1.00e+00  3.75e-01 -8.35e+00 -2.55e+05  1.68e-03 
3.678e+14 3.779e+14   52      0        0      1  1.09e+07  4.61e+12  2.15e+15  5.99e+14  1.00e+15  3.16e+15  1.00e+15  3.16e+15  1.00e+00  3.60e-01 -8.19e+00 -2.65e+05  1.45e-03 
3.880e+14 3.987e+14   53      0        0      1  9.27e+06  3.86e+12  2.15e+15  5.98e+14  1.00e+15  3.16e+15  1.00e+15  3.16e+15  1.00e+00  3.46e-01 -8.05e+00 -2.76e+05  1.24e-03 
4.094e+14 4.206e+14   54      0        0      1  7.79e+06  3.21e+12  2.15e+15  5.98e+14  1.00e+15  3.16e+15  1.00e+15  3.16e+15  1.00e+00  3.32e-01 -7.91e+00 -2.87e+05  1.04e-03 
4.319e+14 4.438e+14   55      0        0      1  7.87e+06  2.68e+12  2.14e+15  5.98e+14  1.00e+15  3.16e+15  1.00e+15  3.16e+15  1.00e+00  3.22e-01 -7.84e+00 -2.96e+05  8.81e-04 
4.557e+14 4.682e+14   56      0        0      1  6.13e+06  2.24e+12  2.14e+15  5.98e+14  1.00e+15  3.16e+15  1.00e+15  3.16e+15  1.00e+00  3.09e-01 -7.71e+00 -3.09e+05  7.45e-04 
4.808e+14 4.940e+14   57      0        0      1  5.52e+06  1.85e+12  2.14e+15  5.97e+14  1.00e+15  3.16e+15  1.00e+15  3.16e+15  1.00e+00  2.97e-01 -7.61e+00 -3.21e+05  6.25e-04 
5.072e+14 5.212e+14   58      0        0      1  5.84e+06  1.51e+12  2.14e+15  5.97e+14  1.00e+15  3.16e+15  1.00e+15  3.16e+15  1.00e+00  2.86e-01 -7.53e+00 -3.33e+05  5.15e-04 
5.351e+14 5.499e+14   59      0        0      1  3.77e+06  1.21e+12  2.14e+15  5.97e+14  1.00e+15  3.16e+15  1.00e+15  3.16e+15  1.00e+00  2.77e-01 -7.49e+00 -3.44e+05  4.17e-04 
5.646e+14 5.801e+14   60      0        0      1  3.20e+06  9.56e+11  2.13e+15  5.97e+14  1.00e+15  3.16e+15  1.00e+15  3.16e+15  1.00e+00  2.58e-01 -7.30e+00 -3.69e+05  3.36e-04 
5.957e+14 6.121e+14   61      0        0      1  3.40e+06  7.50e+11  2.13e+15  5.97e+14  1.00e+15  3.16e+15  1.00e+15  3.16e+15  1.00e+00  2.50e-01 -7.28e+00 -3.81e+05  2.66e-04 
6.285e+14 6.458e+14   62      0        0      1  2.43e+06  5.76e+11  2.13e+15  5.97e+14  1.00e+15  3.16e+15  1.00e+15  3.16e+15  1.00e+00  2.36e-01 -7.19e+00 -4.03e+05  2.07e-04 
6.631e+14 6.813e+14   63      0        0      1  1.96e+06  4.30e+11  2.13e+15  5.97e+14  1.00e+15  3.16e+15  1.00e+15  3.16e+15  1.00e+00  2.29e-01 -7.20e+00 -4.15e+05  1.56e-04 
6.996e+14 7.188e+14   64      0        0      1  1.66e+06  3.08e+11  2.12e+15  5.99e+14  1.00e+15  3.16e+15  1.00e+15  3.16e+15  1.00e+00  2.23e-01 -7.27e+00 -4.25e+05  1.12e-04 
7.381e+14 7.584e+14   65     -1        0      1  0.00e+00  0.00e+00  0.00e+00  0.00e+00  0.00e+00  0.00e+00  0.00e+00  0.00e+00  0.00e+00  0.00e+00  0.00e+00  0.00e+00  0.00e+00 
7.787e+14 7.826e+14   66     -1        0      1  0.00e+00  0.00e+00  0.00e+00  0.00e+00  0.00e+00  0.00e+00  0.00e+00  0.00e+00  0.00e+00  0.00e+00  0.00e+00  0.00e+00  0.00e+00 
2.268e+13 2.330e+13    0     -1        0      2  0.00e+00  0.00e+00  0.00e+00  0.00e+00  0.00e+00  0.00e+00  0.00e+00  0.00e+00  0.00e+00  0.00e+00  0.00e+00  0.00e+00  0.00e+00 
2.392e+13 2.458e+13    1      0        0      2  3.50e+07  6.64e+15  7.07e+15  1.86e+15  3.16e+15  1.00e+16  3.16e+15  1.00e+16  1.00e+00  8.16e-01 -1.29e+01 -3.77e+05  4.08e-01 
2.524e+13 2.594e+13    2      0        0      2  3.86e+07  6.42e+15  7.04e+15  1.86e+15  3.16e+15  1.00e+16  3.16e+15  1.00e+16  1.00e+00  7.62e-01 -1.21e+01 -4.03e+05  4.17e-01 
2.663e+13 2.736e+13    3      0        0      2  4.15e+07  6.08e+15  7.01e+15  1.87e+15  3.16e+15  1.00e+16  3.16e+15  1.00e+16  1.00e+00  7.15e-01 -1.14e+01 -4.29e+05  4.15e-01 
2.810e+13 2.887e+13    4      0        0      2  4.45e+07  5.71e+15  6.99e+15  1.87e+15  3.16e+15  1.00e+16  3.16e+15  1.00e+16  1.00e+00  6.68e-01 -1.06e+01 -4.58e+05  4.10e-01 
2.964e+13 3.046e+13    5      0        0      2  4.72e+07  5.33e+15  6.96e+15  1.87e+15  3.16e+15  1.00e+16  3.16e+15  1.00e+16  1.00e+00  6.27e-01 -1.00e+01 -4.87e+05  4.00e-01 
3.127e+13 3.213e+13    6      0        0      2  4.87e+07  4.94e+15  6.94e+15  1.88e+15  3.16e+15  1.00e+16  3.16e+15  1.00e+16  1.00e+00  5.82e-01 -9.34e+00 -5.24e+05  3.89e-01 
3.299e+13 3.390e+13    7      0        0      2  5.00e+07  4.54e+15  6.91e+15  1.88e+15  3.16e+15  1.00e+16  3.16e+15  1.00e+16  1.00e+00  5.38e-01 -8.68e+00 -5.66e+05  3.75e-01 
3.481e+13 3.577e+13    8      0        0      2  5.17e+07  4.15e+15  6.88e+15  1.88e+15  3.16e+15  1.00e+16  3.16e+15  1.00e+16  1.00e+00  4.89e-01 -7.94e+00 -6.22e+05  3.61e-01 
3.673e+13 3.774e+13    9      0        0      2  5.16e+07  3.76e+15  6.85e+15  1.89e+15  3.16e+15  1.00e+16  3.16e+15  1.00e+16  1.00e+00  4.43e-01 -7.26e+00 -6.84e+05  3.44e-01 
3.875e+13 3.981e+13   10      0        0      2  5.18e+07  3.39e+15  6.82e+15  1.89e+15  3.16e+15  1.00e+16  3.16e+15  1.00e+16  1.00e+00  3.96e-01 -6.56e+00 -7.65e+05  3.25e-01 
4.088e+13 4.201e+13   11      0        0      2  5.08e+07  3.03e+15  6.79e+15  1.89e+15  3.16e+15  1.00e+16  3.16e+15  1.00e+16  1.00e+00  3.45e-01 -5.81e+00 -8.75e+05  3.07e-01 
4.313e+13 4.432e+13   12      0        0      2  4.96e+07  2.69e+15  6.76e+15  1.90e+15  3.16e+15  1.00e+16  3.16e+15  1.00e+16  1.00e+00  2.90e-01 -4.99e+00 -1.04e+06  2.89e-01 
4.551e+13 4.676e+13   13      0        0      2  4.90e+07  2.38e+15  6.73e+15  1.90e+15  3.16e+15  1.00e+16  3.16e+15  1.00e+16  1.00e+00  2.37e-01 -4.20e+00 -1.27e+06  2.71e-01 
4.801e+13 4.933e+13   14      0        0      2  4.66e+07  2.10e+15  6.70e+15  1.90e+15  3.16e+15  1.00e+16  3.16e+15  1.00e+16  1.00e+00  1.83e-01 -3.41e+00 -1.64e+06  2.52e-01 
5.065e+13 5.205e+13   15      0        0      2  4.59e+07  1.84e+15  6.66e+15  1.90e+15  3.16e+15  1.00e+16  3.16e+15  1.00e+16  1.00e+00  1.32e-01 -2.66e+00 -2.27e+06  2.34e-01 
5.344e+13 5.491e+13   16      0        0      2  4.42e+07  1.61e+15  6.63e+15  1.90e+15  3.16e+15  1.00e+16  3.16e+15  1.00e+16  1.00e+00  7.84e-02 -1.87e+00 -3.81e+06  2.16e-01 
5.638e+13 5.793e+13   17      0        0      2  4.22e+07  1.40e+15  6.60e+15  1.90e+15  3.16e+15  1.00e+16  3.16e+15  1.00e+16  1.00e+00  2.32e-02 -1.05e+00 -1.29e+07  2.00e-01 
5.949e+13 6.112e+13   18      0        0      2  4.12e+07  1.22e+15  6.56e+15  1.91e+15  3.16e+15  1.00e+16  3.16e+15  1.00e+16  2.00e+00 -3.19e-02 -2.46e-01  9.33e+06  1.84e-01 
6.276e+13 6.449e+13   19      0        0      2  3.88e+07  1.06e+15  6.53e+15  1.91e+15  3.16e+15  1.00e+16  3.16e+15  1.00e+16  2.00e+00 -8.78e-02  5.75e-01  3.38e+06  1.70e-01 
6.621e+13 6.804e+13   20      0        0      2  3.74e+07  9.14e+14  6.49e+15  1.91e+15  3.16e+15  1.00e+16  3.16e+15  1.00e+16  2.00e+00 -1.44e-01  1.40e+00  2.06e+06  1.56e-01 
6.986e+13 7.178e+13   21      0        0      2  3.58e+07  7.89e+14  6.45e+15  1.91e+15  3.16e+15  1.00e+16  3.16e+15  1.00e+16  2.00e+00 -1.99e-01  2.21e+00  1.48e+06  1.43e-01 
7.370e+13 7.573e+13   22      0        0      2  3.40e+07  6.80e+14  6.42e+15  1.90e+15  3.16e+15  1.00e+16  3.16e+15  1.00e+16  2.00e+00 -2.54e-01  3.01e+00  1.16e+06  1.30e-01 
7.776e+13 7.990e+13   23      0        0      2  3.31e+07  5.86e+14  6.38e+15  1.90e+15  3.16e+15  1.00e+16  3.16e+15  1.00e+16  2.00e+00 -3.12e-01  3.85e+00  9.43e+05  1.19e-01 
8.204e+13 8.430e+13   24      0        0      2  3.18e+07  5.04e+14  6.35e+15  1.90e+15  3.16e+15  1.00e+16  3.16e+15  1.00e+16  2.00e+00 -3.66e-01  4.65e+00  8.00e+05  1.09e-01 
8.656e+13 8.894e+13   25      0        0      2  3.02e+07  4.34e+14  6.31e+15  1.90e+15  3.16e+15  1.00e+16  3.16e+15  1.00e+16  2.00e+00 -4.19e-01  5.42e+00  6.97e+05  9.89e-02 
9.132e+13 9.383e+13   26      0        0      2  2.95e+07  3.73e+14  6.28e+15  1.90e+15  3.16e+15  1.00e+16  3.16e+15  1.00e+16  2.00e+00 -4.69e-01  6.14e+00  6.22e+05  8.96e-02 
9.635e+13 9.900e+13   27      0        0      2  2.83e+07  3.21e+14  6.25e+15  1.89e+15  3.16e+15  1.00e+16  3.16e+15  1.00e+16  2.00e+00 -5.22e-01  6.90e+00  5.58e+05  8.14e-02 
1.017e+14 1.044e+14   28      0        0      2  2.71e+07  2.76e+14  6.22e+15  1.89e+15  3.16e+15  1.00e+16  3.16e+15  1.00e+16  2.00e+00 -5.72e-01  7.64e+00  5.08e+05  7.39e-02 
1.072e+14 1.102e+14   29      0        0      2  2.70e+07  2.37e+14  6.18e+15  1.89e+15  3.16e+15  1.00e+16  3.16e+15  1.00e+16  2.00e+00 -6.24e-01  8.39e+00  4.65e+05  6.71e-02 
1.131e+14 1.163e+14   30      0        0      2  2.52e+07  2.04e+14  6.15e+15  1.89e+15  3.16e+15  1.00e+16  3.16e+15  1.00e+16  2.00e+00 -6.72e-01  9.08e+00  4.30e+05  6.08e-02 
1.194e+14 1.227e+14   31      0        0      2  2.51e+07  1.76e+14  6.12e+15  1.88e+15  3.16e+15  1.00e+16  3.16e+15  1.00e+16  2.00e+00 -7.20e-01  9.77e+00  4.01e+05  5.50e-02 
1.259e+14 1.294e+14   32      0        0      2  2.45e+07  1.51e+14  6.09e+15  1.88e+15  3.16e+15  1.00e+16  3.16e+15  1.00e+16  2.00e+00 -7.68e-01  1.05e+01  3.75e+05  4.98e-02 
1.329e+14 1.365e+14   33      0        0      2  2.32e+07  1.30e+14  6.06e+15  1.88e+15  3.16e+15  1.00e+16  3.16e+15  1.00e+16  2.00e+00 -8.14e-01  1.11e+01  3.53e+05  4.50e-02 
1.402e+14 1.441e+14   34      0        0      2  2.33e+07  1.12e+14  6.03e+15  1.87e+15  3.16e+15  1.00e+16  3.16e+15  1.00e+16  2.00e+00 -8.60e-01  1.18e+01  3.33e+05  4.08e-02 
1.479e+14 1.520e+14   35      0        1      2  2.23e+07  9.73e+13  6.00e+15  1.87e+15  3.16e+15  1.00e+16  3.16e+15  1.00e+16  2.00e+00 -9.00e-01  1.24e+01  3.18e+05  3.68e-02 
1.561e+14 1.603e+14   36      0        1      2  2.22e+07  8.42e+13  5.98e+15  1.86e+15  3.16e+15  1.00e+16  3.16e+15  1.00e+16  2.00e+00 -9.36e-01  1.28e+01  3.06e+05  3.30e-02 
1.646e+14 1.692e+14   37      0        0      2  2.18e+07  7.31e+13  5.96e+15  1.86e+15  3.16e+15  1.00e+16  3.16e+15  1.00e+16  2.00e+00 -9.68e-01  1.33e+01  2.95e+05  2.96e-02 
1.737e+14 1.785e+14   38      0        0      2  2.10e+07  6.36e+13  5.94e+15  1.86e+15  3.16e+15  1.00e+16  3.16e+15  1.00e+16  2.00e+00 -1.00e+00  1.38e+01  2.85e+05  2.67e-02 
1.833e+14 1.883e+14   39      0        0      2  2.10e+07  5.54e+13  5.92e+15  1.85e+15  3.16e+15  1.00e+16  3.16e+15  1.00e+16  2.00e+00 -1.03e+00  1.42e+01  2.75e+05  2.41e-02 
1.934e+14 1.987e+14   40      0        0      2  2.05e+07  4.85e+13  5.90e+15  1.85e+15  3.16e+15  1.00e+16  3.16e+15  1.00e+16  2.00e+00 -1.07e+00  1.46e+01  2.67e+05  2.18e-02 
2.040e+14 2.096e+14   41      0        0      2  2.06e+07  4.24e+13  5.88e+15  1.85e+15  3.16e+15  1.00e+16  3.16e+15  1.00e+16  2.00e+00 -1.09e+00  1.50e+01  2.60e+05  1.96e-02 
2.152e+14 2.211e+14   42      0        0      2  2.00e+07  3.72e+13  5.87e+15  1.85e+15  3.16e+15  1.00e+16  3.16e+15  1.00e+16  2.00e+00 -1.11e+00  1.53e+01  2.55e+05  1.75e-02 
2.271e+14 2.333e+14   43      0        0      2  1.95e+07  3.27e+13  5.85e+15  1.85e+15  3.16e+15  1.00e+16  3.16e+15  1.00e+16  2.00e+00 -1.14e+00  1.56e+01  2.49e+05  1.59e-02 
2.396e+14 2.462e+14   44      0        0      2  2.02e+07  2.88e+13  5.84e+15  1.85e+15  3.16e+15  1.00e+16  3.16e+15  1.00e+16  2.00e+00 -1.16e+00  1.59e+01  2.45e+05  1.42e-02 
2.528e+14 2.597e+14   45      0        0      2  1.90e+07  2.53e+13  5.83e+15  1.85e+15  3.16e+15  1.00e+16  3.16e+15  1.00e+16  2.00e+00 -1.17e+00  1.61e+01  2.41e+05  1.27e-02 
2.667e+14 2.740e+14   46      0        0      2  1.91e+07  2.23e+13  5.82e+15  1.85e+15  3.16e+15  1.00e+16  3.16e+15  1.00e+16  2.00e+00 -1.19e+00  1.62e+01  2.39e+05  1.13e-02 
2.813e+14 2.891e+14   47      0        0      2  1.88e+07  1.96e+13  5.81e+15  1.85e+15  3.16e+15  1.00e+16  3.16e+15  1.00e+16  2.00e+00 -1.20e+00  1.63e+01  2.36e+05  1.01e-02 
2.968e+14 3.050e+14   48      0        0      2  1.80e+07  1.71e+13  5.81e+15  1.85e+15  3.16e+15  1.00e+16  3.16e+15  1.00e+16  2.00e+00 -1.21e+00  1.64e+01  2.34e+05  8.91e-03 
3.132e+14 3.218e+14   49      0        0      2  1.84e+07  1.49e+13  5.80e+15  1.85e+15  3.16e+15  1.00e+16  3.16e+15  1.00e+16  2.00e+00 -1.22e+00  1.65e+01  2.32e+05  7.81e-03 
3.304e+14 3.395e+14   50      0        0      2  1.68e+07  1.28e+13  5.80e+15  1.86e+15  3.16e+15  1.00e+16  3.16e+15  1.00e+16  2.00e+00 -1.22e+00  1.66e+01  2.31e+05  6.77e-03 
3.486e+14 3.582e+14   51      0        0      2  1.52e+07  1.09e+13  5.79e+15  1.86e+15  3.16e+15  1.00e+16  3.16e+15  1.00e+16  2.00e+00 -1.24e+00  1.67e+01  2.28e+05  5.83e-03 
3.678e+14 3.779e+14   52      0        0      2  1.47e+07  9.10e+12  5.78e+15  1.86e+15  3.16e+15  1.00e+16  3.16e+15  1.00e+16  2.00e+00 -1.24e+00  1.67e+01  2.27e+05  4.92e-03 
3.880e+14 3.987e+14   53      0        0      2  1.24e+07  7.51e+12  5.77e+15  1.87e+15  3.16e+15  1.00e+16  3.16e+15  1.00e+16  2.00e+00 -1.26e+00  1.69e+01  2.23e+05  4.14e-03 
4.094e+14 4.206e+14   54      0        0      2  1.05e+07  6.17e+12  5.76e+15  1.86e+15  3.16e+15  1.00e+16  3.16e+15  1.00e+16  2.00e+00 -1.28e+00  1.71e+01  2.20e+05  3.46e-03 
4.319e+14 4.438e+14   55      0        0      2  1.06e+07  5.04e+12  5.74e+15  1.86e+15  3.16e+15  1.00e+16  3.16e+15  1.00e+16  2.00e+00 -1.31e+00  1.75e+01  2.15e+05  2.91e-03 
4.557e+14 4.682e+14   56      0        0      2  8.40e+06  4.15e+12  5.72e+15  1.85e+15  3.16e+15  1.00e+16  3.16e+15  1.00e+16  2.00e+00 -1.34e+00  1.80e+01  2.09e+05  2.49e-03 
4.808e+14 4.940e+14   57      0        0      2  7.50e+06  3.38e+12  5.70e+15  1.84e+15  3.16e+15  1.00e+16  3.16e+15  1.00e+16  2.00e+00 -1.38e+00  1.84e+01  2.03e+05  2.10e-03 
5.072e+14 5.212e+14   58      0        0      2  7.65e+06  2.71e+12  5.68e+15  1.83e+15  3.16e+15  1.00e+16  3.16e+15  1.00e+16  2.00e+00 -1.40e+00  1.87e+01  2.00e+05  1.73e-03 
5.351e+14 5.499e+14   59      0        0      2  5.23e+06  2.14e+12  5.66e+15  1.82e+15  3.16e+15  1.00e+16  3.16e+15  1.00e+16  2.00e+00 -1.44e+00  1.91e+01  1.95e+05  1.41e-03 
5.646e+14 5.801e+14   60      0        0      2  4.42e+06  1.67e+12  5.65e+15  1.81e+15  3.16e+15  1.00e+16  3.16e+15  1.00e+16  2.00e+00 -1.46e+00  1.95e+01  1.91e+05  1.14e-03 
5.957e+14 6.121e+14   61      0        0      2  4.47e+06  1.30e+12  5.63e+15  1.81e+15  3.16e+15  1.00e+16  3.16e+15  1.00e+16  2.00e+00 -1.49e+00  1.97e+01  1.87e+05  9.03e-04 
6.285e+14 6.458e+14   62      0        0      2  3.30e+06  9.85e+11  5.62e+15  1.80e+15  3.16e+15  1.00e+16  3.16e+15  1.00e+16  2.00e+00 -1.51e+00  1.99e+01  1.85e+05  7.01e-04 
6.631e+14 6.813e+14   63      0        0      2  2.65e+06  7.22e+11  5.61e+15  1.79e+15  3.16e+15  1.00e+16  3.16e+15  1.00e+16  2.00e+00 -1.52e+00  2.00e+01  1.83e+05  5.21e-04 
6.996e+14 7.188e+14   64      0        0      2  2.14e+06  5.00e+11  5.61e+15  1.79e+15  3.16e+15  1.00e+16  3.16e+15  1.00e+16  2.00e+00 -1.52e+00  1.98e+01  1.83e+05  3.60e-04 
7.381e+14 7.584e+14   65     -1        0      2  0.00e+00  0.00e+00  0.00e+00  0.00e+00  0.00e+00  0.00e+00  0.00e+00  0.00e+00  0.00e+00  0.00e+00  0.00e+00  0.00e+00  0.00e+00 
7.787e+14 7.826e+14   66     -1        0      2  0.00e+00  0.00e+00  0.00e+00  0.00e+00  0.00e+00  0.00e+00  0.00e+00  0.00e+00  0.00e+00  0.00e+00  0.00e+00  0.00e+00  0.00e+00 
2.268e+13 2.330e+13    0     -1        0      3  0.00e+00  0.00e+00  0.00e+00  0.00e+00  0.00e+00  0.00e+00  0.00e+00  0.00e+00  0.00e+00  0.00e+00  0.00e+00  0.00e+00  0.00e+00 
2.392e+13 2.458e+13    1      0        0      3  6.82e+07  1.31e+16  1.68e+16  5.13e+15  1.00e+16  3.16e+16  1.00e+16  3.16e+16  2.00e+00 -2.00e+00  3.22e+01  4.31e+05  4.87e+00 
2.524e+13 2.594e+13    2      0        0      3  6.85e+07  1.17e+16  1.66e+16  5.04e+15  1.00e+16  3.16e+16  1.00e+16  3.16e+16  2.00e+00 -2.12e+00  3.41e+01  4.05e+05  4.90e+00 
2.663e+13 2.736e+13    3      0        0      3  6.83e+07  1.03e+16  1.65e+16  4.98e+15  1.00e+16  3.16e+16  1.00e+16  3.16e+16  2.00e+00 -2.21e+00  3.55e+01  3.86e+05  4.77e+00 
2.810e+13 2.887e+13    4      0        0      3  6.83e+07  9.16e+15  1.63e+16  4.93e+15  1.00e+16  3.16e+16  1.00e+16  3.16e+16  2.00e+00 -2.29e+00  3.68e+01  3.71e+05  4.61e+00 
2.964e+13 3.046e+13    5      0        0      3  6.75e+07  8.06e+15  1.62e+16  4.88e+15  1.00e+16  3.16e+16  1.00e+16  3.16e+16  2.00e+00 -2.37e+00  3.81e+01  3.57e+05  4.40e+00 
3.127e+13 3.213e+13    6      0        0      3  6.51e+07  7.05e+15  1.60e+16  4.82e+15  1.00e+16  3.16e+16  1.00e+16  3.16e+16  2.00e+00 -2.45e+00  3.93e+01  3.44e+05  4.19e+00 
3.299e+13 3.390e+13    7      0        0      3  6.24e+07  6.12e+15  1.59e+16  4.76e+15  1.00e+16  3.16e+16  1.00e+16  3.16e+16  2.00e+00 -2.53e+00  4.06e+01  3.31e+05  3.95e+00 
3.481e+13 3.577e+13    8      0        0      3  6.03e+07  5.28e+15  1.58e+16  4.70e+15  1.00e+16  3.16e+16  1.00e+16  3.16e+16  2.00e+00 -2.61e+00  4.18e+01  3.20e+05  3.69e+00 
3.673e+13 3.774e+13    9      0        0      3  5.59e+07  4.50e+15  1.57e+16  4.64e+15  1.00e+16  3.16e+16  1.00e+16  3.16e+16  2.00e+00 -2.69e+00  4.30e+01  3.09e+05  3.42e+00 
3.875e+13 3.981e+13   10      0        0      3  5.22e+07  3.80e+15  1.55e+16  4.58e+15  1.00e+16  3.16e+16  1.00e+16  3.16e+16  2.00e+00 -2.77e+00  4.43e+01  2.99e+05  3.14e+00 
4.088e+13 4.201e+13   11      0        0      3  4.75e+07  3.19e+15  1.54e+16  4.52e+15  1.00e+16  3.16e+16  1.00e+16  3.16e+16  2.00e+00 -2.86e+00  4.55e+01  2.89e+05  2.87e+00 
4.313e+13 4.432e+13   12      0        0      3  4.31e+07  2.65e+15  1.53e+16  4.45e+15  1.00e+16  3.16e+16  1.00e+16  3.16e+16  2.00e+00 -2.95e+00  4.69e+01  2.79e+05  2.62e+00 
4.551e+13 4.676e+13   13      0        0      3  3.94e+07  2.20e+15  1.51e+16  4.38e+15  1.00e+16  3.16e+16  1.00e+16  3.16e+16  2.00e+00 -3.03e+00  4.82e+01  2.70e+05  2.37e+00 
4.801e+13 4.933e+13   14      0        0      3  3.48e+07  1.81e+15  1.50e+16  4.31e+15  1.00e+16  3.16e+16  1.00e+16  3.16e+16  2.00e+00 -3.12e+00  4.95e+01  2.61e+05  2.13e+00 
5.065e+13 5.205e+13   15      0        0      3  3.18e+07  1.49e+15  1.49e+16  4.25e+15  1.00e+16  3.16e+16  1.00e+16  3.16e+16  2.00e+00 -3.20e+00  5.08e+01  2.53e+05  1.91e+00 
5.344e+13 5.491e+13   16      0        0      3  2.85e+07  1.22e+15  1.48e+16  4.18e+15  1.00e+16  3.16e+16  1.00e+16  3.16e+16  2.00e+00 -3.29e+00  5.21e+01  2.45e+05  1.71e+00 
5.638e+13 5.793e+13   17      0        0      3  2.52e+07  9.92e+14  1.47e+16  4.11e+15  1.00e+16  3.16e+16  1.00e+16  3.16e+16  2.00e+00 -3.37e+00  5.33e+01  2.38e+05  1.52e+00 
5.949e+13 6.112e+13   18      0        0      3  2.29e+07  8.07e+14  1.46e+16  4.04e+15  1.00e+16  3.16e+16  1.00e+16  3.16e+16  2.00e+00 -3.46e+00  5.46e+01  2.31e+05  1.35e+00 
6.276e+13 6.449e+13   19      0        0      3  2.00e+07  6.55e+14  1.45e+16  3.97e+15  1.00e+16  3.16e+16  1.00e+16  3.16e+16  2.00e+00 -3.54e+00  5.59e+01  2.25e+05  1.19e+00 
6.621e+13 6.804e+13   20      0        0      3  1.79e+07  5.29e+14  1.44e+16  3.90e+15  1.00e+16  3.16e+16  1.00e+16  3.16e+16  2.00e+00 -3.62e+00  5.71e+01  2.19e+05  1.05e+00 
6.986e+13 7.178e+13   21      0        0      3  1.59e+07  4.27e+14  1.43e+16  3.83e+15  1.00e+16  3.16e+16  1.00e+16  3.16e+16  2.00e+00 -3.71e+00  5.84e+01  2.13e+05  9.28e-01 
7.370e+13 7.573e+13   22      0        0      3  1.41e+07  3.45e+14  1.42e+16  3.76e+15  1.00e+16  3.16e+16  1.00e+16  3.16e+16  2.00e+00 -3.79e+00  5.97e+01  2.07e+05  8.18e-01 
7.776e+13 7.990e+13   23      0        0      3  1.27e+07  2.78e+14  1.41e+16  3.69e+15  1.00e+16  3.16e+16  1.00e+16  3.16e+16  2.00e+00 -3.87e+00  6.09e+01  2.02e+05  7.17e-01 
8.204e+13 8.430e+13   24      0        0      3  1.14e+07  2.24e+14  1.40e+16  3.63e+15  1.00e+16  3.16e+16  1.00e+16  3.16e+16  2.00e+00 -3.95e+00  6.21e+01  1.97e+05  6.27e-01 
8.656e+13 8.894e+13   25      0        0      3  1.01e+07  1.81e+14  1.39e+16  3.57e+15  1.00e+16  3.16e+16  1.00e+16  3.16e+16  2.00e+00 -4.03e+00  6.32e+01  1.92e+05  5.49e-01 
9.132e+13 9.383e+13   26      0        0      3  9.18e+06  1.46e+14  1.38e+16  3.49e+15  1.00e+16  3.16e+16  1.00e+16  3.16e+16  2.00e+00 -4.12e+00  6.46e+01  1.87e+05  4.86e-01 
9.635e+13 9.900e+13   27      0        0      3  8.24e+06  1.18e+14  1.37e+16  3.42e+15  1.00e+16  3.16e+16  1.00e+16  3.16e+16  2.00e+00 -4.20e+00  6.59e+01  1.83e+05  4.30e-01 
1.017e+14 1.044e+14   28      0        0      3  7.36e+06  9.49e+13  1.36e+16  3.34e+15  1.00e+16  3.16e+16  1.00e+16  3.16e+16  2.00e+00 -4.29e+00  6.72e+01  1.78e+05  3.81e-01 
1.072e+14 1.102e+14   29      0        0      3  6.84e+06  7.66e+13  1.35e+16  3.24e+15  1.00e+16  3.16e+16  1.00e+16  3.16e+16  2.00e+00 -4.40e+00  6.88e+01  1.73e+05  3.43e-01 
1.131e+14 1.163e+14   30      0        0      3  5.99e+06  6.20e+13  1.35e+16  3.16e+15  1.00e+16  3.16e+16  1.00e+16  3.16e+16  2.00e+00 -4.48e+00  7.01e+01  1.69e+05  3.05e-01 
1.194e+14 1.227e+14   31      0        0      3  5.56e+06  5.01e+13  1.34e+16  3.08e+15  1.00e+16  3.16e+16  1.00e+16  3.16e+16  2.00e+00 -4.57e+00  7.14e+01  1.64e+05  2.71e-01 
1.259e+14 1.294e+14   32      0        0      3  5.07e+06  4.05e+13  1.33e+16  3.02e+15  1.00e+16  3.16e+16  1.00e+16  3.16e+16  2.00e+00 -4.66e+00  7.28e+01  1.60e+05  2.42e-01 
1.329e+14 1.365e+14   33      0        0      3  4.50e+06  3.28e+13  1.32e+16  2.95e+15  1.00e+16  3.15e+16  1.00e+16  3.15e+16  2.00e+00 -4.75e+00  7.41e+01  1.57e+05  2.16e-01 
1.402e+14 1.441e+14   34      0        0      3  4.23e+06  2.66e+13  1.32e+16  2.89e+15  1.00e+16  3.08e+16  1.00e+16  3.08e+16  2.00e+00 -4.82e+00  7.51e+01  1.53e+05  1.93e-01 
1.479e+14 1.520e+14   35      0        1      3  3.80e+06  2.17e+13  1.31e+16  2.83e+15  1.00e+16  2.92e+16  1.00e+16  2.92e+16  2.00e+00 -4.85e+00  7.55e+01  1.50e+05  1.70e-01 
1.561e+14 1.603e+14   36      0        1      3  3.54e+06  1.75e+13  1.30e+16  2.73e+15  1.00e+16  2.90e+16  1.00e+16  2.90e+16  2.00e+00 -4.97e+00  7.74e+01  1.45e+05  1.58e-01 
1.646e+14 1.692e+14   37      0        0      3  3.24e+06  1.42e+13  1.29e+16  2.66e+15  1.00e+16  2.73e+16  1.00e+16  2.73e+16  2.00e+00 -5.00e+00  7.78e+01  1.42e+05  1.41e-01 
1.737e+14 1.785e+14   38      0        0      3  2.92e+06  1.16e+13  1.28e+16  2.58e+15  1.00e+16  2.73e+16  1.00e+16  2.73e+16  2.00e+00 -5.13e+00  7.98e+01  1.38e+05  1.33e-01 
1.833e+14 1.883e+14   39      0        0      3  2.72e+06  9.46e+12  1.27e+16  2.50e+15  1.00e+16  2.73e+16  1.00e+16  2.73e+16  2.00e+00 -5.27e+00  8.19e+01  1.33e+05  1.25e-01 
1.934e+14 1.987e+14   40      0        0      3  2.48e+06  7.74e+12  1.27e+16  2.42e+15  1.00e+16  2.71e+16  1.00e+16  2.71e+16  2.00e+00 -5.40e+00  8.39e+01  1.29e+05  1.18e-01 
2.040e+14 2.096e+14   41      0        0      3  2.31e+06  6.32e+12  1.26e+16  2.34e+15  1.00e+16  2.71e+16  1.00e+16  2.71e+16  2.00e+00 -5.55e+00  8.63e+01  1.25e+05  1.13e-01 
2.152e+14 2.211e+14   42      0        0      3  2.09e+06  5.16e+12  1.25e+16  2.27e+15  1.00e+16  2.72e+16  1.00e+16  2.72e+16  2.00e+00 -5.69e+00  8.85e+01  1.21e+05  1.07e-01 
2.271e+14 2.333e+14   43      0        0      3  1.90e+06  4.24e+12  1.24e+16  2.20e+15  1.00e+16  2.73e+16  1.00e+16  2.73e+16  2.00e+00 -5.83e+00  9.07e+01  1.18e+05  1.02e-01 
2.396e+14 2.462e+14   44      0        0      3  1.83e+06  3.46e+12  1.24e+16  2.13e+15  1.00e+16  2.73e+16  1.00e+16  2.73e+16  2.00e+00 -5.99e+00  9.31e+01  1.14e+05  9.86e-02 
2.528e+14 2.597e+14   45      0        0      3  1.60e+06  2.83e+12  1.23e+16  2.08e+15  1.00e+16  2.73e+16  1.00e+16  2.73e+16  2.00e+00 -6.13e+00  9.53e+01  1.11e+05  9.42e-02 
2.667e+14 2.740e+14   46      0        0      3  1.49e+06  2.31e+12  1.22e+16  2.01e+15  1.00e+16  2.73e+16  1.00e+16  2.73e+16  2.00e+00 -6.31e+00  9.80e+01  1.07e+05  9.30e-02 
2.813e+14 2.891e+14   47      0        0      3  1.35e+06  1.87e+12  1.21e+16  1.97e+15  1.00e+16  2.62e+16  1.00e+16  2.62e+16  2.00e+00 -6.44e+00  1.00e+02  1.04e+05  8.97e-02 
2.968e+14 3.050e+14   48      0        0      3  1.19e+06  1.51e+12  1.21e+16  1.93e+15  1.00e+16  2.62e+16  1.00e+16  2.62e+16  2.00e+00 -6.62e+00  1.03e+02  9.99e+04  8.82e-02 
3.132e+14 3.218e+14   49      0        0      3  1.10e+06  1.20e+12  1.20e+16  1.89e+15  1.00e+16  2.58e+16  1.00e+16  2.58e+16  2.00e+00 -6.85e+00  1.06e+02  9.57e+04  9.03e-02 
3.304e+14 3.395e+14   50      0        0      3  9.03e+05  9.18e+11  1.19e+16  1.82e+15  1.00e+16  2.53e+16  1.00e+16  2.53e+16  2.00e+00 -7.21e+00  1.12e+02  8.96e+04  1.05e-01 
3.486e+14 3.582e+14   51      0        0      3  7.32e+05  6.95e+11  1.17e+16  1.76e+15  1.00e+16  2.53e+16  1.00e+16  2.53e+16  2.00e+00 -7.60e+00  1.18e+02  8.39e+04  1.22e-01 
3.678e+14 3.779e+14   52      0        0      3  6.21e+05  5.09e+11  1.16e+16  1.64e+15  1.00e+16  2.32e+16  1.00e+16  2.32e+16  2.00e+00 -8.23e+00  1.28e+02  7.55e+04  1.86e-01 
3.880e+14 3.987e+14   53      0        0      3  4.63e+05  3.64e+11  1.14e+16  1.50e+15  1.00e+16  2.14e+16  1.00e+16  2.14e+16  1.00e+00 -9.12e+00  1.42e+02  6.62e+04  3.70e-01 
4.094e+14 4.206e+14   54      0        0      3  3.48e+05  2.60e+11  1.12e+16  1.29e+15  1.00e+16  2.11e+16  1.00e+16  2.11e+16  1.00e+00 -1.05e+01  1.65e+02  5.59e+04  1.19e+00 
4.319e+14 4.438e+14   55      0        0      3  3.11e+05  1.84e+11  1.09e+16  9.55e+14  1.00e+16  1.98e+16  1.00e+16  1.98e+16  2.00e+00 -1.25e+01  1.97e+02  4.53e+04  7.68e+00 
4.557e+14 4.682e+14   56      0        0      3  2.44e+05  1.35e+11  1.08e+16  7.17e+14  1.00e+16  1.88e+16  1.00e+16  1.88e+16  2.00e+00 -1.43e+01  2.25e+02  3.90e+04  3.70e+01 
4.808e+14 4.940e+14   57      0        0      3  2.01e+05  9.83e+10  1.07e+16  6.38e+14  1.00e+16  1.88e+16  1.00e+16  1.88e+16  2.00e+00 -1.55e+01  2.44e+02  3.55e+04  9.75e+01 
5.072e+14 5.212e+14   58      0        0      3  1.74e+05  7.06e+10  1.07e+16  5.96e+14  1.00e+16  2.04e+16  1.00e+16  2.04e+16  2.00e+00 -1.66e+01  2.62e+02  3.29e+04  2.28e+02 
5.351e+14 5.499e+14   59      0        0      3  1.28e+05  5.12e+10  1.07e+16  5.74e+14  1.00e+16  1.82e+16  1.00e+16  1.82e+16  2.00e+00 -1.73e+01  2.73e+02  3.13e+04  3.65e+02 
5.646e+14 5.801e+14   60      0        0      3  9.67e+04  3.52e+10  1.06e+16  5.49e+14  1.00e+16  1.84e+16  1.00e+16  1.84e+16  2.00e+00 -1.86e+01  2.94e+02  2.89e+04  9.72e+02 
5.957e+14 6.121e+14   61      0        0      3  7.84e+04  2.45e+10  1.06e+16  5.08e+14  1.00e+16  1.81e+16  1.00e+16  1.81e+16  2.00e+00 -2.02e+01  3.18e+02  2.64e+04  3.48e+03 
6.285e+14 6.458e+14   62      0        0      3  5.60e+04  1.66e+10  1.05e+16  5.15e+14  1.00e+16  1.95e+16  1.00e+16  1.95e+16  2.00e+00 -2.11e+01  3.33e+02  2.52e+04  6.09e+03 
6.631e+14 6.813e+14   63      0        0      3  3.99e+04  1.07e+10  1.05e+16  4.83e+14  1.00e+16  1.78e+16  1.00e+16  1.78e+16  2.00e+00 -2.28e+01  3.59e+02  2.31e+04  2.29e+04 
6.996e+14 7.188e+14   64      0        0      3  2.75e+04  6.70e+09  1.04e+16  4.67e+14  1.00e+16  1.66e+16  1.00e+16  1.66e+16  1.00e+00 -2.46e+01  3.90e+02  2.12e+04  1.04e+05 
7.381e+14 7.584e+14   65     -1        0      3  0.00e+00  0.00e+00  0.00e+00  0.00e+00  0.00e+00  0.00e+00  0.00e+00  0.00e+00  0.00e+00  0.00e+00  0.00e+00  0.00e+00  0.00e+00 
7.787e+14 7.826e+14   66     -1        0      3  0.00e+00  0.00e+00  0.00e+00  0.00e+00  0.00e+00  0.00e+00  0.00e+00  0.00e+00  0.00e+00  0.00e+00  0.00e+00  0.00e+00  0.00e+00 
2.268e+13 2.330e+13    0     -1        0      4  0.00e+00  0.00e+00  0.00e+00  0.00e+00  0.00e+00  0.00e+00  0.00e+00  0.00e+00  0.00e+00  0.00e+00  0.00e+00  0.00e+00  0.00e+00 
2.392e+13 2.458e+13    1      0        0      4  2.63e+06  5.07e+14  3.67e+16  4.94e+15  3.16e+16  8.70e+16  3.16e+16  8.70e+16  2.00e+00 -8.15e+00  1.33e+02  2.45e+05  4.90e+01 
2.524e+13 2.594e+13    2      0        0      4  2.25e+06  3.90e+14  3.66e+16  4.79e+15  3.16e+16  8.56e+16  3.16e+16  8.56e+16  2.00e+00 -8.36e+00  1.37e+02  2.37e+05  4.80e+01 
2.663e+13 2.736e+13    3      0        0      4  2.00e+06  3.12e+14  3.65e+16  4.69e+15  3.16e+16  8.51e+16  3.16e+16  8.51e+16  2.00e+00 -8.49e+00  1.39e+02  2.32e+05  4.44e+01 
2.810e+13 2.887e+13    4      0        0      4  1.78e+06  2.48e+14  3.64e+16  4.62e+15  3.16e+16  8.34e+16  3.16e+16  8.34e+16  2.00e+00 -8.57e+00  1.40e+02  2.29e+05  3.91e+01 
2.964e+13 3.046e+13    5      0        0      4  1.57e+06  1.97e+14  3.63e+16  4.54e+15  3.16e+16  8.04e+16  3.16e+16  8.04e+16  2.00e+00 -8.69e+00  1.42e+02  2.25e+05  3.59e+01 
3.127e+13 3.213e+13    6      0        0      4  1.36e+06  1.56e+14  3.62e+16  4.48e+15  3.16e+16  8.04e+16  3.16e+16  8.04e+16  2.00e+00 -8.82e+00  1.44e+02  2.21e+05  3.29e+01 
3.299e+13 3.390e+13    7      0        0      4  1.16e+06  1.22e+14  3.61e+16  4.41e+15  3.16e+16  8.13e+16  3.16e+16  8.13e+16  2.00e+00 -8.94e+00  1.46e+02  2.17e+05  2.93e+01 
3.481e+13 3.577e+13    8      0        0      4  1.00e+06  9.44e+13  3.61e+16  4.38e+15  3.16e+16  8.15e+16  3.16e+16  8.15e+16  2.00e+00 -9.01e+00  1.47e+02  2.15e+05  2.45e+01 
3.673e+13 3.774e+13    9      0        0      4  8.21e+05  7.21e+13  3.60e+16  4.33e+15  3.16e+16  8.18e+16  3.16e+16  8.18e+16  2.00e+00 -9.16e+00  1.49e+02  2.11e+05  2.20e+01 
3.875e+13 3.981e+13   10      0        0      4  6.73e+05  5.41e+13  3.59e+16  4.24e+15  3.16e+16  8.13e+16  3.16e+16  8.13e+16  2.00e+00 -9.31e+00  1.52e+02  2.06e+05  1.96e+01 
4.088e+13 4.201e+13   11      0        0      4  5.40e+05  4.03e+13  3.59e+16  4.19e+15  3.16e+16  8.17e+16  3.16e+16  8.17e+16  2.00e+00 -9.43e+00  1.54e+02  2.03e+05  1.66e+01 
4.313e+13 4.432e+13   12      0        0      4  4.28e+05  2.97e+13  3.58e+16  4.14e+15  3.16e+16  8.20e+16  3.16e+16  8.20e+16  2.00e+00 -9.51e+00  1.55e+02  2.01e+05  1.33e+01 
4.551e+13 4.676e+13   13      0        0      4  3.41e+05  2.15e+13  3.58e+16  4.10e+15  3.16e+16  8.22e+16  3.16e+16  8.22e+16  2.00e+00 -9.61e+00  1.56e+02  1.99e+05  1.07e+01 
4.801e+13 4.933e+13   14      0        0      4  2.58e+05  1.53e+13  3.57e+16  4.00e+15  3.16e+16  7.76e+16  3.16e+16  7.76e+16  2.00e+00 -9.74e+00  1.58e+02  1.95e+05  8.96e+00 
5.065e+13 5.205e+13   15      0        0      4  2.01e+05  1.09e+13  3.56e+16  3.99e+15  3.16e+16  7.24e+16  3.16e+16  7.24e+16  2.00e+00 -9.81e+00  1.59e+02  1.93e+05  7.08e+00 
5.344e+13 5.491e+13   16      0        0      4  1.53e+05  7.62e+12  3.56e+16  4.03e+15  3.16e+16  7.22e+16  3.16e+16  7.22e+16  2.00e+00 -9.86e+00  1.60e+02  1.92e+05  5.21e+00 
5.638e+13 5.793e+13   17      0        0      4  1.13e+05  5.25e+12  3.56e+16  3.98e+15  3.16e+16  7.19e+16  3.16e+16  7.19e+16  2.00e+00 -9.98e+00  1.62e+02  1.89e+05  4.13e+00 
5.949e+13 6.112e+13   18      0        0      4  8.47e+04  3.54e+12  3.55e+16  3.94e+15  3.16e+16  6.99e+16  3.16e+16  6.99e+16  2.00e+00 -1.01e+01  1.63e+02  1.87e+05  3.10e+00 
6.276e+13 6.449e+13   19      0        0      4  6.06e+04  2.41e+12  3.54e+16  4.01e+15  3.16e+16  6.94e+16  3.16e+16  6.94e+16  1.00e+00 -1.02e+01  1.66e+02  1.83e+05  2.57e+00 
6.621e+13 6.804e+13   20      0        0      4  4.24e+04  1.53e+12  3.53e+16  3.98e+15  3.16e+16  6.70e+16  3.16e+16  6.70e+16  1.00e+00 -1.05e+01  1.69e+02  1.78e+05  2.08e+00 
6.986e+13 7.178e+13   21      0        0      4  2.82e+04  9.30e+11  3.52e+16  4.03e+15  3.16e+16  6.58e+16  3.16e+16  6.58e+16  1.00e+00 -1.07e+01  1.73e+02  1.73e+05  1.66e+00 
7.370e+13 7.573e+13   22      0        0      4  1.80e+04  5.40e+11  3.50e+16  3.90e+15  3.16e+16  6.46e+16  3.16e+16  6.46e+16  1.00e+00 -1.14e+01  1.84e+02  1.61e+05  1.99e+00 
7.776e+13 7.990e+13   23      0        0      4  1.11e+04  2.95e+11  3.48e+16  3.84e+15  3.16e+16  6.06e+16  3.16e+16  6.06e+16  1.00e+00 -1.20e+01  1.93e+02  1.51e+05  2.10e+00 
8.204e+13 8.430e+13   24      0        0      4  6.39e+03  1.56e+11  3.42e+16  3.56e+15  3.16e+16  5.79e+16  3.16e+16  5.79e+16  1.00e+00 -1.40e+01  2.27e+02  1.26e+05  1.04e+01 
8.656e+13 8.894e+13   25      0        0      4  3.57e+03  7.90e+10  3.35e+16  3.17e+15  3.16e+16  5.62e+16  3.16e+16  5.62e+16  1.00e+00 -1.91e+01  3.11e+02  8.87e+04  1.14e+03 
9.132e+13 9.383e+13   26      0        0      4  2.05e+03  4.25e+10  3.24e+16  1.32e+15  3.16e+16  4.87e+16  3.16e+16  4.87e+16  1.00e+00 -4.36e+01  7.15e+02  3.65e+04  6.62e+13 
9.635e+13 9.900e+13   27      0        0      4  1.26e+03  3.50e+10  3.23e+16  4.96e+14  3.16e+16  4.85e+16  3.16e+16  4.85e+16  2.00e+00 -5.22e+01  8.56e+02  3.03e+04  3.38e+17 
1.017e+14 1.044e+14   28      0        0      4  7.03e+02  1.14e+10  3.22e+16  5.73e+14  3.16e+16  4.00e+16  3.16e+16  4.00e+16  2.00e+00 -5.68e+01  9.33e+02  2.77e+04  1.25e+19 
1.072e+14 1.102e+14   29      0        0      4  2.49e+02  4.48e+09  3.22e+16  3.92e+14  3.16e+16  3.31e+16  3.16e+16  3.31e+16  2.00e+00 -2.76e+01  4.50e+02  5.62e+04  2.83e+06 
1.131e+14 1.163e+14   30      0        0      4  1.64e+02  9.63e+08  3.21e+16  3.27e+14  3.16e+16  3.31e+16  3.16e+16  3.31e+16  2.00e+00 -5.77e+01  9.47e+02  2.68e+04  7.63e+18 
1.194e+14 1.227e+14   31      0        0      4  3.20e+01  2.55e+08  3.20e+16  2.90e+14  3.16e+16  3.29e+16  3.16e+16  3.29e+16  2.00e+00 -7.43e+01  1.22e+03  2.08e+04  3.48e+25 
1.259e+14 1.294e+14   32      0        0      4  9.00e+00  7.33e+07  3.20e+16  2.38e+14  3.16e+16  3.25e+16  3.16e+16  3.25e+16  2.00e+00 -1.12e+01  1.77e+02  1.38e+05  5.77e-03 
1.329e+14 1.365e+14   33      0        0      4  5.00e+00  3.83e+07  3.21e+16  1.77e+14  3.19e+16  3.23e+16  3.16e+16  3.23e+16  1.00e+00  1.08e+02 -1.79e+03 -1.57e+12  5.93e-08 
1.402e+14 1.441e+14   34      0        0      4  1.00e+00  8.69e+06  3.22e+16      -nan  3.22e+16  3.22e+16  3.16e+16  3.88e+16 -1.00e+00  1.00e+03 -9.99e+02  1.00e+99  0.00e+00 
1.479e+14 1.520e+14   35      0        1      4  0.00e+00  0.00e+00  0.00e+00  0.00e+00  1.00e+17  3.16e+16  3.16e+16  3.87e+16 -1.00e+00  1.00e+03 -9.99e+02  1.00e+99  0.00e+00 
1.561e+14 1.603e+14   36      0        1      4  0.00e+00  0.00e+00  0.00e+00  0.00e+00  1.00e+17  3.16e+16  3.16e+16  3.84e+16 -1.00e+00  1.00e+03 -9.99e+02  1.00e+99  0.00e+00 
1.646e+14 1.692e+14   37      0        0      4  0.00e+00  0.00e+00  0.00e+00  0.00e+00  1.00e+17  3.16e+16  3.16e+16  3.81e+16 -1.00e+00  1.00e+03 -9.99e+02  1.00e+99  0.00e+00 
1.737e+14 1.785e+14   38      0        0      4  0.00e+00  0.00e+00  0.00e+00  0.00e+00  1.00e+17  3.16e+16  3.16e+16  3.75e+16 -1.00e+00  1.00e+03 -9.99e+02  1.00e+99  0.00e+00 
1.833e+14 1.883e+14   39      0        0      4  0.00e+00  0.00e+00  0.00e+00  0.00e+00  1.00e+17  3.16e+16  3.16e+16  3.75e+16 -1.00e+00  1.00e+03 -9.99e+02  1.00e+99  0.00e+00 
1.934e+14 1.987e+14   40      0        0      4  0.00e+00  0.00e+00  0.00e+00  0.00e+00  1.00e+17  3.16e+16  3.16e+16  3.75e+16 -1.00e+00  1.00e+03 -9.99e+02  1.00e+99  0.00e+00 
2.040e+14 2.096e+14   41      0        0      4  0.00e+00  0.00e+00  0.00e+00  0.00e+00  1.00e+17  3.16e+16  3.16e+16  3.75e+16 -1.00e+00  1.00e+03 -9.99e+02  1.00e+99  0.00e+00 
2.152e+14 2.211e+14   42      0        0      4  0.00e+00  0.00e+00  0.00e+00  0.00e+00  1.00e+17  3.16e+16  3.16e+16  3.76e+16 -1.00e+00  1.00e+03 -9.99e+02  1.00e+99  0.00e+00 
2.271e+14 2.333e+14   43      0        0      4  0.00e+00  0.00e+00  0.00e+00  0.00e+00  1.00e+17  3.16e+16  3.16e+16  3.38e+16 -1.00e+00  1.00e+03 -9.99e+02  1.00e+99  0.00e+00 
2.396e+14 2.462e+14   44      0        0      4  0.00e+00  0.00e+00  0.00e+00  0.00e+00  1.00e+17  3.16e+16  3.16e+16  3.38e+16 -1.00e+00  1.00e+03 -9.99e+02  1.00e+99  0.00e+00 
2.528e+14 2.597e+14   45      0        0      4  0.00e+00  0.00e+00  0.00e+00  0.00e+00  1.00e+17  3.16e+16  3.16e+16  3.34e+16 -1.00e+00  1.00e+03 -9.99e+02  1.00e+99  0.00e+00 
2.667e+14 2.740e+14   46      0        0      4  0.00e+00  0.00e+00  0.00e+00  0.00e+00  1.00e+17  3.16e+16  3.16e+16  3.29e+16 -1.00e+00  1.00e+03 -9.99e+02  1.00e+99  0.00e+00 
2.813e+14 2.891e+14   47      0        0      4  0.00e+00  0.00e+00  0.00e+00  0.00e+00  1.00e+17  3.16e+16  3.16e+16  3.30e+16 -1.00e+00  1.00e+03 -9.99e+02  1.00e+99  0.00e+00 
2.968e+14 3.050e+14   48      0        0      4  0.00e+00  0.00e+00  0.00e+00  0.00e+00  1.00e+17  3.16e+16  3.16e+16  3.39e+16 -1.00e+00  1.00e+03 -9.99e+02  1.00e+99  0.00e+00 
3.132e+14 3.218e+14   49      0        0      4  0.00e+00  0.00e+00  0.00e+00  0.00e+00  1.00e+17  3.16e+16  1.00e+99  1.00e-99 -1.00e+00  1.00e+03 -9.99e+02  1.00e+99  0.00e+00 
3.304e+14 3.395e+14   50      0        0      4  0.00e+00  0.00e+00  0.00e+00  0.00e+00  1.00e+17  3.16e+16  1.00e+99  1.00e-99 -1.00e+00  1.00e+03 -9.99e+02  1.00e+99  0.00e+00 
3.486e+14 3.582e+14   51      0        0      4  0.00e+00  0.00e+00  0.00e+00  0.00e+00  1.00e+17  3.16e+16  1.00e+99  1.00e-99 -1.00e+00  1.00e+03 -9.99e+02  1.00e+99  0.00e+00 
3.678e+14 3.779e+14   52      0        0      4  0.00e+00  0.00e+00  0.00e+00  0.00e+00  1.00e+17  3.16e+16  1.00e+99  1.00e-99 -1.00e+00  1.00e+03 -9.99e+02  1.00e+99  0.00e+00 
3.880e+14 3.987e+14   53      0        0      4  0.00e+00  0.00e+00  0.00e+00  0.00e+00  1.00e+17  3.16e+16  1.00e+99  1.00e-99 -1.00e+00  1.00e+03 -9.99e+02  1.00e+99  0.00e+00 
4.094e+14 4.206e+14   54      0        0      4  0.00e+00  0.00e+00  0.00e+00  0.00e+00  1.00e+17  3.16e+16  1.00e+99  1.00e-99 -1.00e+00  1.00e+03 -9.99e+02  1.00e+99  0.00e+00 
4.319e+14 4.438e+14   55      0        0      4  0.00e+00  0.00e+00  0.00e+00  0.00e+00  1.00e+17  3.16e+16  1.00e+99  1.00e-99 -1.00e+00  1.00e+03 -9.99e+02  1.00e+99  0.00e+00 
4.557e+14 4.682e+14   56      0        0      4  0.00e+00  0.00e+00  0.00e+00  0.00e+00  1.00e+17  3.16e+16  1.00e+99  1.00e-99 -1.00e+00  1.00e+03 -9.99e+02  1.00e+99  0.00e+00 
4.808e+14 4.940e+14   57      0        0      4  0.00e+00  0.00e+00  0.00e+00  0.00e+00  1.00e+17  3.16e+16  1.00e+99  1.00e-99 -1.00e+00  1.00e+03 -9.99e+02  1.00e+99  0.00e+00 
5.072e+14 5.212e+14   58      0        0      4  0.00e+00  0.00e+00  0.00e+00  0.00e+00  1.00e+17  3.16e+16  1.00e+99  1.00e-99 -1.00e+00  1.00e+03 -9.99e+02  1.00e+99  0.00e+00 
5.351e+14 5.499e+14   59      0        0      4  0.00e+00  0.00e+00  0.00e+00  0.00e+00  1.00e+17  3.16e+16  1.00e+99  1.00e-99 -1.00e+00  1.00e+03 -9.99e+02  1.00e+99  0.00e+00 
5.646e+14 5.801e+14   60      0        0      4  0.00e+00  0.00e+00  0.00e+00  0.00e+00  1.00e+17  3.16e+16  1.00e+99  1.00e-99 -1.00e+00  1.00e+03 -9.99e+02  1.00e+99  0.00e+00 
5.957e+14 6.121e+14   61      0        0      4  0.00e+00  0.00e+00  0.00e+00  0.00e+00  1.00e+17  3.16e+16  1.00e+99  1.00e-99 -1.00e+00  1.00e+03 -9.99e+02  1.00e+99  0.00e+00 
6.285e+14 6.458e+14   62      0        0      4  0.00e+00  0.00e+00  0.00e+00  0.00e+00  1.00e+17  3.16e+16  1.00e+99  1.00e-99 -1.00e+00  1.00e+03 -9.99e+02  1.00e+99  0.00e+00 
6.631e+14 6.813e+14   63      0        0      4  0.00e+00  0.00e+00  0.00e+00  0.00e+00  1.00e+17  3.16e+16  1.00e+99  1.00e-99 -1.00e+00  1.00e+03 -9.99e+02  1.00e+99  0.00e+00 
6.996e+14 7.188e+14   64      0        0      4  0.00e+00  0.00e+00  0.00e+00  0.00e+00  1.00e+17  3.16e+16  1.00e+99  1.00e-99 -1.00e+00  1.00e+03 -9.99e+02  1.00e+99  0.00e+00 
7.381e+14 7.584e+14   65     -1        0      4  0.00e+00  0.00e+00  0.00e+00  0.00e+00  0.00e+00  0.00e+00  0.00e+00  0.00e+00  0.00e+00  0.00e+00  0.00e+00  0.00e+00  0.00e+00 
7.787e+14 7.826e+14   66     -1        0      4  0.00e+00  0.00e+00  0.00e+00  0.00e+00  0.00e+00  0.00e+00  0.00e+00  0.00e+00  0.00e+00  0.00e+00  0.00e+00  0.00e+00  0.00e+00 
2.268e+13 2.330e+13    0     -1        0      5  0.00e+00  0.00e+00  0.00e+00  0.00e+00  0.00e+00  0.00e+00  0.00e+00  0.00e+00  0.00e+00  0.00e+00  0.00e+00  0.00e+00  0.00e+00 
2.392e+13 2.458e+13    1      0        0      5  0.00e+00  0.00e+00  0.00e+00  0.00e+00  3.16e+17  1.00e+17  1.00e+99  1.00e-99 -1.00e+00  1.00e+03 -9.99e+02  1.00e+99  0.00e+00 
2.524e+13 2.594e+13    2      0        0      5  0.00e+00  0.00e+00  0.00e+00  0.00e+00  3.16e+17  1.00e+17  1.00e+99  1.00e-99 -1.00e+00  1.00e+03 -9.99e+02  1.00e+99  0.00e+00 
2.663e+13 2.736e+13    3      0        0      5  0.00e+00  0.00e+00  0.00e+00  0.00e+00  3.16e+17  1.00e+17  1.00e+99  1.00e-99 -1.00e+00  1.00e+03 -9.99e+02  1.00e+99  0.00e+00 
2.810e+13 2.887e+13    4      0        0      5  0.00e+00  0.00e+00  0.00e+00  0.00e+00  3.16e+17  1.00e+17  1.00e+99  1.00e-99 -1.00e+00  1.00e+03 -9.99e+02  1.00e+99  0.00e+00 
2.964e+13 3.046e+13    5      0        0      5  0.00e+00  0.00e+00  0.00e+00  0.00e+00  3.16e+17  1.00e+17  1.00e+99  1.00e-99 -1.00e+00  1.00e+03 -9.99e+02  1.00e+99  0.00e+00 
3.127e+13 3.213e+13    6      0        0      5  0.00e+00  0.00e+00  0.00e+00  0.00e+00  3.16e+17  1.00e+17  1.00e+99  1.00e-99 -1.00e+00  1.00e+03 -9.99e+02  1.00e+99  0.00e+00 
3.299e+13 3.390e+13    7      0        0      5  0.00e+00  0.00e+00  0.00e+00  0.00e+00  3.16e+17  1.00e+17  1.00e+99  1.00e-99 -1.00e+00  1.00e+03 -9.99e+02  1.00e+99  0.00e+00 
3.481e+13 3.577e+13    8      0        0      5  0.00e+00  0.00e+00  0.00e+00  0.00e+00  3.16e+17  1.00e+17  1.00e+99  1.00e-99 -1.00e+00  1.00e+03 -9.99e+02  1.00e+99  0.00e+00 
3.673e+13 3.774e+13    9      0        0      5  0.00e+00  0.00e+00  0.00e+00  0.00e+00  3.16e+17  1.00e+17  1.00e+99  1.00e-99 -1.00e+00  1.00e+03 -9.99e+02  1.00e+99  0.00e+00 
3.875e+13 3.981e+13   10      0        0      5  0.00e+00  0.00e+00  0.00e+00  0.00e+00  3.16e+17  1.00e+17  1.00e+99  1.00e-99 -1.00e+00  1.00e+03 -9.99e+02  1.00e+99  0.00e+00 
4.088e+13 4.201e+13   11      0        0      5  0.00e+00  0.00e+00  0.00e+00  0.00e+00  3.16e+17  1.00e+17  1.00e+99  1.00e-99 -1.00e+00  1.00e+03 -9.99e+02  1.00e+99  0.00e+00 
4.313e+13 4.432e+13   12      0        0      5  0.00e+00  0.00e+00  0.00e+00  0.00e+00  3.16e+17  1.00e+17  1.00e+99  1.00e-99 -1.00e+00  1.00e+03 -9.99e+02  1.00e+99  0.00e+00 
4.551e+13 4.676e+13   13      0        0      5  0.00e+00  0.00e+00  0.00e+00  0.00e+00  3.16e+17  1.00e+17  1.00e+99  1.00e-99 -1.00e+00  1.00e+03 -9.99e+02  1.00e+99  0.00e+00 
4.801e+13 4.933e+13   14      0        0      5  0.00e+00  0.00e+00  0.00e+00  0.00e+00  3.16e+17  1.00e+17  1.00e+99  1.00e-99 -1.00e+00  1.00e+03 -9.99e+02  1.00e+99  0.00e+00 
5.065e+13 5.205e+13   15      0        0      5  0.00e+00  0.00e+00  0.00e+00  0.00e+00  3.16e+17  1.00e+17  1.00e+99  1.00e-99 -1.00e+00  1.00e+03 -9.99e+02  1.00e+99  0.00e+00 
5.344e+13 5.491e+13   16      0        0      5  0.00e+00  0.00e+00  0.00e+00  0.00e+00  3.16e+17  1.00e+17  1.00e+99  1.00e-99 -1.00e+00  1.00e+03 -9.99e+02  1.00e+99  0.00e+00 
5.638e+13 5.793e+13   17      0        0      5  0.00e+00  0.00e+00  0.00e+00  0.00e+00  3.16e+17  1.00e+17  1.00e+99  1.00e-99 -1.00e+00  1.00e+03 -9.99e+02  1.00e+99  0.00e+00 
5.949e+13 6.112e+13   18      0        0      5  0.00e+00  0.00e+00  0.00e+00  0.00e+00  3.16e+17  1.00e+17  1.00e+99  1.00e-99 -1.00e+00  1.00e+03 -9.99e+02  1.00e+99  0.00e+00 
6.276e+13 6.449e+13   19      0        0      5  0.00e+00  0.00e+00  0.00e+00  0.00e+00  3.16e+17  1.00e+17  1.00e+99  1.00e-99 -1.00e+00  1.00e+03 -9.99e+02  1.00e+99  0.00e+00 
6.621e+13 6.804e+13   20      0        0      5  0.00e+00  0.00e+00  0.00e+00  0.00e+00  3.16e+17  1.00e+17  1.00e+99  1.00e-99 -1.00e+00  1.00e+03 -9.99e+02  1.00e+99  0.00e+00 
6.986e+13 7.178e+13   21      0        0      5  0.00e+00  0.00e+00  0.00e+00  0.00e+00  3.16e+17  1.00e+17  1.00e+99  1.00e-99 -1.00e+00  1.00e+03 -9.99e+02  1.00e+99  0.00e+00 
7.370e+13 7.573e+13   22      0        0      5  0.00e+00  0.00e+00  0.00e+00  0.00e+00  3.16e+17  1.00e+17  1.00e+99  1.00e-99 -1.00e+00  1.00e+03 -9.99e+02  1.00e+99  0.00e+00 
7.776e+13 7.990e+13   23      0        0      5  0.00e+00  0.00e+00  0.00e+00  0.00e+00  3.16e+17  1.00e+17  1.00e+99  1.00e-99 -1.00e+00  1.00e+03 -9.99e+02  1.00e+99  0.00e+00 
8.204e+13 8.430e+13   24      0        0      5  0.00e+00  0.00e+00  0.00e+00  0.00e+00  3.16e+17  1.00e+17  1.00e+99  1.00e-99 -1.00e+00  1.00e+03 -9.99e+02  1.00e+99  0.00e+00 
8.656e+13 8.894e+13   25      0        0      5  0.00e+00  0.00e+00  0.00e+00  0.00e+00  3.16e+17  1.00e+17  1.00e+99  1.00e-99 -1.00e+00  1.00e+03 -9.99e+02  1.00e+99  0.00e+00 
9.132e+13 9.383e+13   26      0        0      5  0.00e+00  0.00e+00  0.00e+00  0.00e+00  3.16e+17  1.00e+17  1.00e+99  1.00e-99 -1.00e+00  1.00e+03 -9.99e+02  1.00e+99  0.00e+00 
9.635e+13 9.900e+13   27      0        0      5  0.00e+00  0.00e+00  0.00e+00  0.00e+00  3.16e+17  1.00e+17  1.00e+99  1.00e-99 -1.00e+00  1.00e+03 -9.99e+02  1.00e+99  0.00e+00 
1.017e+14 1.044e+14   28      0        0      5  0.00e+00  0.00e+00  0.00e+00  0.00e+00  3.16e+17  1.00e+17  1.00e+99  1.00e-99 -1.00e+00  1.00e+03 -9.99e+02  1.00e+99  0.00e+00 
1.072e+14 1.102e+14   29      0        0      5  0.00e+00  0.00e+00  0.00e+00  0.00e+00  3.16e+17  1.00e+17  1.00e+99  1.00e-99 -1.00e+00  1.00e+03 -9.99e+02  1.00e+99  0.00e+00 
1.131e+14 1.163e+14   30      0        0      5  0.00e+00  0.00e+00  0.00e+00  0.00e+00  3.16e+17  1.00e+17  1.00e+99  1.00e-99 -1.00e+00  1.00e+03 -9.99e+02  1.00e+99  0.00e+00 
1.194e+14 1.227e+14   31      0        0      5  0.00e+00  0.00e+00  0.00e+00  0.00e+00  3.16e+17  1.00e+17  1.00e+99  1.00e-99 -1.00e+00  1.00e+03 -9.99e+02  1.00e+99  0.00e+00 
1.259e+14 1.294e+14   32      0        0      5  0.00e+00  0.00e+00  0.00e+00  0.00e+00  3.16e+17  1.00e+17  1.00e+99  1.00e-99 -1.00e+00  1.00e+03 -9.99e+02  1.00e+99  0.00e+00 
1.329e+14 1.365e+14   33      0        0      5  0.00e+00  0.00e+00  0.00e+00  0.00e+00  3.16e+17  1.00e+17  1.00e+99  1.00e-99 -1.00e+00  1.00e+03 -9.99e+02  1.00e+99  0.00e+00 
1.402e+14 1.441e+14   34      0        0      5  0.00e+00  0.00e+00  0.00e+00  0.00e+00  3.16e+17  1.00e+17  1.00e+99  1.00e-99 -1.00e+00  1.00e+03 -9.99e+02  1.00e+99  0.00e+00 
1.479e+14 1.520e+14   35      0        1      5  0.00e+00  0.00e+00  0.00e+00  0.00e+00  3.16e+17  1.00e+17  1.00e+99  1.00e-99 -1.00e+00  1.00e+03 -9.99e+02  1.00e+99  0.00e+00 
1.561e+14 1.603e+14   36      0        1      5  0.00e+00  0.00e+00  0.00e+00  0.00e+00  3.16e+17  1.00e+17  1.00e+99  1.00e-99 -1.00e+00  1.00e+03 -9.99e+02  1.00e+99  0.00e+00 
1.646e+14 1.692e+14   37      0        0      5  0.00e+00  0.00e+00  0.00e+00  0.00e+00  3.16e+17  1.00e+17  1.00e+99  1.00e-99 -1.00e+00  1.00e+03 -9.99e+02  1.00e+99  0.00e+00 
1.737e+14 1.785e+14   38      0        0      5  0.00e+00  0.00e+00  0.00e+00  0.00e+00  3.16e+17  1.00e+17  1.00e+99  1.00e-99 -1.00e+00  1.00e+03 -9.99e+02  1.00e+99  0.00e+00 
1.833e+14 1.883e+14   39      0        0      5  0.00e+00  0.00e+00  0.00e+00  0.00e+00  3.16e+17  1.00e+17  1.00e+99  1.00e-99 -1.00e+00  1.00e+03 -9.99e+02  1.00e+99  0.00e+00 
1.934e+14 1.987e+14   40      0        0      5  0.00e+00  0.00e+00  0.00e+00  0.00e+00  3.16e+17  1.00e+17  1.00e+99  1.00e-99 -1.00e+00  1.00e+03 -9.99e+02  1.00e+99  0.00e+00 
2.040e+14 2.096e+14   41      0        0      5  0.00e+00  0.00e+00  0.00e+00  0.00e+00  3.16e+17  1.00e+17  1.00e+99  1.00e-99 -1.00e+00  1.00e+03 -9.99e+02  1.00e+99  0.00e+00 
2.152e+14 2.211e+14   42      0        0      5  0.00e+00  0.00e+00  0.00e+00  0.00e+00  3.16e+17  1.00e+17  1.00e+99  1.00e-99 -1.00e+00  1.00e+03 -9.99e+02  1.00e+99  0.00e+00 
2.271e+14 2.333e+14   43      0        0      5  0.00e+00  0.00e+00  0.00e+00  0.00e+00  3.16e+17  1.00e+17  1.00e+99  1.00e-99 -1.00e+00  1.00e+03 -9.99e+02  1.00e+99  0.00e+00 
2.396e+14 2.462e+14   44      0        0      5  0.00e+00  0.00e+00  0.00e+00  0.00e+00  3.16e+17  1.00e+17  1.00e+99  1.00e-99 -1.00e+00  1.00e+03 -9.99e+02  1.00e+99  0.00e+00 
2.528e+14 2.597e+14   45      0        0      5  0.00e+00  0.00e+00  0.00e+00  0.00e+00  3.16e+17  1.00e+17  1.00e+99  1.00e-99 -1.00e+00  1.00e+03 -9.99e+02  1.00e+99  0.00e+00 
2.667e+14 2.740e+14   46      0        0      5  0.00e+00  0.00e+00  0.00e+00  0.00e+00  3.16e+17  1.00e+17  1.00e+99  1.00e-99 -1.00e+00  1.00e+03 -9.99e+02  1.00e+99  0.00e+00 
2.813e+14 2.891e+14   47      0        0      5  0.00e+00  0.00e+00  0.00e+00  0.00e+00  3.16e+17  1.00e+17  1.00e+99  1.00e-99 -1.00e+00  1.00e+03 -9.99e+02  1.00e+99  0.00e+00 
2.968e+14 3.050e+14   48      0        0      5  0.00e+00  0.00e+00  0.00e+00  0.00e+00  3.16e+17  1.00e+17  1.00e+99  1.00e-99 -1.00e+00  1.00e+03 -9.99e+02  1.00e+99  0.00e+00 
3.132e+14 3.218e+14   49      0        0      5  0.00e+00  0.00e+00  0.00e+00  0.00e+00  3.16e+17  1.00e+17  1.00e+99  1.00e-99 -1.00e+00  1.00e+03 -9.99e+02  1.00e+99  0.00e+00 
3.304e+14 3.395e+14   50      0        0      5  0.00e+00  0.00e+00  0.00e+00  0.00e+00  3.16e+17  1.00e+17  1.00e+99  1.00e-99 -1.00e+00  1.00e+03 -9.99e+02  1.00e+99  0.00e+00 
3.486e+14 3.582e+14   51      0        0      5  0.00e+00  0.00e+00  0.00e+00  0.00e+00  3.16e+17  1.00e+17  1.00e+99  1.00e-99 -1.00e+00  1.00e+03 -9.99e+02  1.00e+99  0.00e+00 
3.678e+14 3.779e+14   52      0        0      5  0.00e+00  0.00e+00  0.00e+00  0.00e+00  3.16e+17  1.00e+17  1.00e+99  1.00e-99 -1.00e+00  1.00e+03 -9.99e+02  1.00e+99  0.00e+00 
3.880e+14 3.987e+14   53      0        0      5  0.00e+00  0.00e+00  0.00e+00  0.00e+00  3.16e+17  1.00e+17  1.00e+99  1.00e-99 -1.00e+00  1.00e+03 -9.99e+02  1.00e+99  0.00e+00 
4.094e+14 4.206e+14   54      0        0      5  0.00e+00  0.00e+00  0.00e+00  0.00e+00  3.16e+17  1.00e+17  1.00e+99  1.00e-99 -1.00e+00  1.00e+03 -9.99e+02  1.00e+99  0.00e+00 
4.319e+14 4.438e+14   55      0        0      5  0.00e+00  0.00e+00  0.00e+00  0.00e+00  3.16e+17  1.00e+17  1.00e+99  1.00e-99 -1.00e+00  1.00e+03 -9.99e+02  1.00e+99  0.00e+00 
4.557e+14 4.682e+14   56      0        0      5  0.00e+00  0.00e+00  0.00e+00  0.00e+00  3.16e+17  1.00e+17  1.00e+99  1.00e-99 -1.00e+00  1.00e+03 -9.99e+02  1.00e+99  0.00e+00 
4.808e+14 4.940e+14   57      0        0      5  0.00e+00  0.00e+00  0.00e+00  0.00e+00  3.16e+17  1.00e+17  1.00e+99  1.00e-99 -1.00e+00  1.00e+03 -9.99e+02  1.00e+99  0.00e+00 
5.072e+14 5.212e+14   58      0        0      5  0.00e+00  0.00e+00  0.00e+00  0.00e+00  3.16e+17  1.00e+17  1.00e+99  1.00e-99 -1.00e+00  1.00e+03 -9.99e+02  1.00e+99  0.00e+00 
5.351e+14 5.499e+14   59      0        0      5  0.00e+00  0.00e+00  0.00e+00  0.00e+00  3.16e+17  1.00e+17  1.00e+99  1.00e-99 -1.00e+00  1.00e+03 -9.99e+02  1.00e+99  0.00e+00 
5.646e+14 5.801e+14   60      0        0      5  0.00e+00  0.00e+00  0.00e+00  0.00e+00  3.16e+17  1.00e+17  1.00e+99  1.00e-99 -1.00e+00  1.00e+03 -9.99e+02  1.00e+99  0.00e+00 
5.957e+14 6.121e+14   61      0        0      5  0.00e+00  0.00e+00  0.00e+00  0.00e+00  3.16e+17  1.00e+17  1.00e+99  1.00e-99 -1.00e+00  1.00e+03 -9.99e+02  1.00e+99  0.00e+00 
6.285e+14 6.458e+14   62      0        0      5  0.00e+00  0.00e+00  0.00e+00  0.00e+00  3.16e+17  1.00e+17  1.00e+99  1.00e-99 -1.00e+00  1.00e+03 -9.99e+02  1.00e+99  0.00e+00 
6.631e+14 6.813e+14   63      0        0      5  0.00e+00  0.00e+00  0.00e+00  0.00e+00  3.16e+17  1.00e+17  1.00e+99  1.00e-99 -1.00e+00  1.00e+03 -9.99e+02  1.00e+99  0.00e+00 
6.996e+14 7.188e+14   64      0        0      5  0.00e+00  0.00e+00  0.00e+00  0.00e+00  3.16e+17  1.00e+17  1.00e+99  1.00e-99 -1.00e+00  1.00e+03 -9.99e+02  1.00e+99  0.00e+00 
7.381e+14 7.584e+14   65     -1        0      5  0.00e+00  0.00e+00  0.00e+00  0.00e+00  0.00e+00  0.00e+00  0.00e+00  0.00e+00  0.00e+00  0.00e+00  0.00e+00  0.00e+00  0.00e+00 
7.787e+14 7.826e+14   66     -1        0      5  0.00e+00  0.00e+00  0.00e+00  0.00e+00  0.00e+00  0.00e+00  0.00e+00  0.00e+00  0.00e+00  0.00e+00  0.00e+00  0.00e+00  0.00e+00 
2.268e+13 2.330e+13    0     -1        0      6  0.00e+00  0.00e+00  0.00e+00  0.00e+00  0.00e+00  0.00e+00  0.00e+00  0.00e+00  0.00e+00  0.00e+00  0.00e+00  0.00e+00  0.00e+00 
2.392e+13 2.458e+13    1      0        0      6  0.00e+00  0.00e+00  0.00e+00  0.00e+00  1.00e+18  3.16e+17  1.00e+99  1.00e-99 -1.00e+00  1.00e+03 -9.99e+02  1.00e+99  0.00e+00 
2.524e+13 2.594e+13    2      0        0      6  0.00e+00  0.00e+00  0.00e+00  0.00e+00  1.00e+18  3.16e+17  1.00e+99  1.00e-99 -1.00e+00  1.00e+03 -9.99e+02  1.00e+99  0.00e+00 
2.663e+13 2.736e+13    3      0        0      6  0.00e+00  0.00e+00  0.00e+00  0.00e+00  1.00e+18  3.16e+17  1.00e+99  1.00e-99 -1.00e+00  1.00e+03 -9.99e+02  1.00e+99  0.00e+00 
2.810e+13 2.887e+13    4      0        0      6  0.00e+00  0.00e+00  0.00e+00  0.00e+00  1.00e+18  3.16e+17  1.00e+99  1.00e-99 -1.00e+00  1.00e+03 -9.99e+02  1.00e+99  0.00e+00 
2.964e+13 3.046e+13    5      0        0      6  0.00e+00  0.00e+00  0.00e+00  0.00e+00  1.00e+18  3.16e+17  1.00e+99  1.00e-99 -1.00e+00  1.00e+03 -9.99e+02  1.00e+99  0.00e+00 
3.127e+13 3.213e+13    6      0        0      6  0.00e+00  0.00e+00  0.00e+00  0.00e+00  1.00e+18  3.16e+17  1.00e+99  1.00e-99 -1.00e+00  1.00e+03 -9.99e+02  1.00e+99  0.00e+00 
3.299e+13 3.390e+13    7      0        0      6  0.00e+00  0.00e+00  0.00e+00  0.00e+00  1.00e+18  3.16e+17  1.00e+99  1.00e-99 -1.00e+00  1.00e+03 -9.99e+02  1.00e+99  0.00e+00 
3.481e+13 3.577e+13    8      0        0      6  0.00e+00  0.00e+00  0.00e+00  0.00e+00  1.00e+18  3.16e+17  1.00e+99  1.00e-99 -1.00e+00  1.00e+03 -9.99e+02  1.00e+99  0.00e+00 
3.673e+13 3.774e+13    9      0        0      6  0.00e+00  0.00e+00  0.00e+00  0.00e+00  1.00e+18  3.16e+17  1.00e+99  1.00e-99 -1.00e+00  1.00e+03 -9.99e+02  1.00e+99  0.00e+00 
3.875e+13 3.981e+13   10      0        0      6  0.00e+00  0.00e+00  0.00e+00  0.00e+00  1.00e+18  3.16e+17  1.00e+99  1.00e-99 -1.00e+00  1.00e+03 -9.99e+02  1.00e+99  0.00e+00 
4.088e+13 4.201e+13   11      0        0      6  0.00e+00  0.00e+00  0.00e+00  0.00e+00  1.00e+18  3.16e+17  1.00e+99  1.00e-99 -1.00e+00  1.00e+03 -9.99e+02  1.00e+99  0.00e+00 
4.313e+13 4.432e+13   12      0        0      6  0.00e+00  0.00e+00  0.00e+00  0.00e+00  1.00e+18  3.16e+17  1.00e+99  1.00e-99 -1.00e+00  1.00e+03 -9.99e+02  1.00e+99  0.00e+00 
4.551e+13 4.676e+13   13      0        0      6  0.00e+00  0.00e+00  0.00e+00  0.00e+00  1.00e+18  3.16e+17  1.00e+99  1.00e-99 -1.00e+00  1.00e+03 -9.99e+02  1.00e+99  0.00e+00 
4.801e+13 4.933e+13   14      0        0      6  0.00e+00  0.00e+00  0.00e+00  0.00e+00  1.00e+18  3.16e+17  1.00e+99  1.00e-99 -1.00e+00  1.00e+03 -9.99e+02  1.00e+99  0.00e+00 
5.065e+13 5.205e+13   15      0        0      6  0.00e+00  0.00e+00  0.00e+00  0.00e+00  1.00e+18  3.16e+17  1.00e+99  1.00e-99 -1.00e+00  1.00e+03 -9.99e+02  1.00e+99  0.00e+00 
5.344e+13 5.491e+13   16      0        0      6  0.00e+00  0.00e+00  0.00e+00  0.00e+00  1.00e+18  3.16e+17  1.00e+99  1.00e-99 -1.00e+00  1.00e+03 -9.99e+02  1.00e+99  0.00e+00 
5.638e+13 5.793e+13   17      0        0      6  0.00e+00  0.00e+00  0.00e+00  0.00e+00  1.00e+18  3.16e+17  1.00e+99  1.00e-99 -1.00e+00  1.00e+03 -9.99e+02  1.00e+99  0.00e+00 
5.949e+13 6.112e+13   18      0        0      6  0.00e+00  0.00e+00  0.00e+00  0.00e+00  1.00e+18  3.16e+17  1.00e+99  1.00e-99 -1.00e+00  1.00e+03 -9.99e+02  1.00e+99  0.00e+00 
6.276e+13 6.449e+13   19      0        0      6  0.00e+00  0.00e+00  0.00e+00  0.00e+00  1.00e+18  3.16e+17  1.00e+99  1.00e-99 -1.00e+00  1.00e+03 -9.99e+02  1.00e+99  0.00e+00 
6.621e+13 6.804e+13   20      0        0      6  0.00e+00  0.00e+00  0.00e+00  0.00e+00  1.00e+18  3.16e+17  1.00e+99  1.00e-99 -1.00e+00  1.00e+03 -9.99e+02  1.00e+99  0.00e+00 
6.986e+13 7.178e+13   21      0        0      6  0.00e+00  0.00e+00  0.00e+00  0.00e+00  1.00e+18  3.16e+17  1.00e+99  1.00e-99 -1.00e+00  1.00e+03 -9.99e+02  1.00e+99  0.00e+00 
7.370e+13 7.573e+13   22      0        0      6  0.00e+00  0.00e+00  0.00e+00  0.00e+00  1.00e+18  3.16e+17  1.00e+99  1.00e-99 -1.00e+00  1.00e+03 -9.99e+02  1.00e+99  0.00e+00 
7.776e+13 7.990e+13   23      0        0      6  0.00e+00  0.00e+00  0.00e+00  0.00e+00  1.00e+18  3.16e+17  1.00e+99  1.00e-99 -1.00e+00  1.00e+03 -9.99e+02  1.00e+99  0.00e+00 
8.204e+13 8.430e+13   24      0        0      6  0.00e+00  0.00e+00  0.00e+00  0.00e+00  1.00e+18  3.16e+17  1.00e+99  1.00e-99 -1.00e+00  1.00e+03 -9.99e+02  1.00e+99  0.00e+00 
8.656e+13 8.894e+13   25      0        0      6  0.00e+00  0.00e+00  0.00e+00  0.00e+00  1.00e+18  3.16e+17  1.00e+99  1.00e-99 -1.00e+00  1.00e+03 -9.99e+02  1.00e+99  0.00e+00 
9.132e+13 9.383e+13   26      0        0      6  0.00e+00  0.00e+00  0.00e+00  0.00e+00  1.00e+18  3.16e+17  1.00e+99  1.00e-99 -1.00e+00  1.00e+03 -9.99e+02  1.00e+99  0.00e+00 
9.635e+13 9.900e+13   27      0        0      6  0.00e+00  0.00e+00  0.00e+00  0.00e+00  1.00e+18  3.16e+17  1.00e+99  1.00e-99 -1.00e+00  1.00e+03 -9.99e+02  1.00e+99  0.00e+00 
1.017e+14 1.044e+14   28      0        0      6  0.00e+00  0.00e+00  0.00e+00  0.00e+00  1.00e+18  3.16e+17  1.00e+99  1.00e-99 -1.00e+00  1.00e+03 -9.99e+02  1.00e+99  0.00e+00 
1.072e+14 1.102e+14   29      0        0      6  0.00e+00  0.00e+00  0.00e+00  0.00e+00  1.00e+18  3.16e+17  1.00e+99  1.00e-99 -1.00e+00  1.00e+03 -9.99e+02  1.00e+99  0.00e+00 
1.131e+14 1.163e+14   30      0        0      6  0.00e+00  0.00e+00  0.00e+00  0.00e+00  1.00e+18  3.16e+17  1.00e+99  1.00e-99 -1.00e+00  1.00e+03 -9.99e+02  1.00e+99  0.00e+00 
1.194e+14 1.227e+14   31      0        0      6  0.00e+00  0.00e+00  0.00e+00  0.00e+00  1.00e+18  3.16e+17  1.00e+99  1.00e-99 -1.00e+00  1.00e+03 -9.99e+02  1.00e+99  0.00e+00 
1.259e+14 1.294e+14   32      0        0      6  0.00e+00  0.00e+00  0.00e+00  0.00e+00  1.00e+18  3.16e+17  1.00e+99  1.00e-99 -1.00e+00  1.00e+03 -9.99e+02  1.00e+99  0.00e+00 
1.329e+14 1.365e+14   33      0        0      6  0.00e+00  0.00e+00  0.00e+00  0.00e+00  1.00e+18  3.16e+17  1.00e+99  1.00e-99 -1.00e+00  1.00e+03 -9.99e+02  1.00e+99  0.00e+00 
1.402e+14 1.441e+14   34      0        0      6  0.00e+00  0.00e+00  0.00e+00  0.00e+00  1.00e+18  3.16e+17  1.00e+99  1.00e-99 -1.00e+00  1.00e+03 -9.99e+02  1.00e+99  0.00e+00 
1.479e+14 1.520e+14   35      0        1      6  0.00e+00  0.00e+00  0.00e+00  0.00e+00  1.00e+18  3.16e+17  1.00e+99  1.00e-99 -1.00e+00  1.00e+03 -9.99e+02  1.00e+99  0.00e+00 
1.561e+14 1.603e+14   36      0        1      6  0.00e+00  0.00e+00  0.00e+00  0.00e+00  1.00e+18  3.16e+17  1.00e+99  1.00e-99 -1.00e+00  1.00e+03 -9.99e+02  1.00e+99  0.00e+00 
1.646e+14 1.692e+14   37      0        0      6  0.00e+00  0.00e+00  0.00e+00  0.00e+00  1.00e+18  3.16e+17  1.00e+99  1.00e-99 -1.00e+00  1.00e+03 -9.99e+02  1.00e+99  0.00e+00 
1.737e+14 1.785e+14   38      0        0      6  0.00e+00  0.00e+00  0.00e+00  0.00e+00  1.00e+18  3.16e+17  1.00e+99  1.00e-99 -1.00e+00  1.00e+03 -9.99e+02  1.00e+99  0.00e+00 
1.833e+14 1.883e+14   39      0        0      6  0.00e+00  0.00e+00  0.00e+00  0.00e+00  1.00e+18  3.16e+17  1.00e+99  1.00e-99 -1.00e+00  1.00e+03 -9.99e+02  1.00e+99  0.00e+00 
1.934e+14 1.987e+14   40      0        0      6  0.00e+00  0.00e+00  0.00e+00  0.00e+00  1.00e+18  3.16e+17  1.00e+99  1.00e-99 -1.00e+00  1.00e+03 -9.99e+02  1.00e+99  0.00e+00 
2.040e+14 2.096e+14   41      0        0      6  0.00e+00  0.00e+00  0.00e+00  0.00e+00  1.00e+18  3.16e+17  1.00e+99  1.00e-99 -1.00e+00  1.00e+03 -9.99e+02  1.00e+99  0.00e+00 
2.152e+14 2.211e+14   42      0        0      6  0.00e+00  0.00e+00  0.00e+00  0.00e+00  1.00e+18  3.16e+17  1.00e+99  1.00e-99 -1.00e+00  1.00e+03 -9.99e+02  1.00e+99  0.00e+00 
2.271e+14 2.333e+14   43      0        0      6  0.00e+00  0.00e+00  0.00e+00  0.00e+00  1.00e+18  3.16e+17  1.00e+99  1.00e-99 -1.00e+00  1.00e+03 -9.99e+02  1.00e+99  0.00e+00 
2.396e+14 2.462e+14   44      0        0      6  0.00e+00  0.00e+00  0.00e+00  0.00e+00  1.00e+18  3.16e+17  1.00e+99  1.00e-99 -1.00e+00  1.00e+03 -9.99e+02  1.00e+99  0.00e+00 
2.528e+14 2.597e+14   45      0        0      6  0.00e+00  0.00e+00  0.00e+00  0.00e+00  1.00e+18  3.16e+17  1.00e+99  1.00e-99 -1.00e+00  1.00e+03 -9.99e+02  1.00e+99  0.00e+00 
2.667e+14 2.740e+14   46      0        0      6  0.00e+00  0.00e+00  0.00e+00  0.00e+00  1.00e+18  3.16e+17  1.00e+99  1.00e-99 -1.00e+00  1.00e+03 -9.99e+02  1.00e+99  0.00e+00 
2.813e+14 2.891e+14   47      0        0      6  0.00e+00  0.00e+00  0.00e+00  0.00e+00  1.00e+18  3.16e+17  1.00e+99  1.00e-99 -1.00e+00  1.00e+03 -9.99e+02  1.00e+99  0.00e+00 
2.968e+14 3.050e+14   48      0        0      6  0.00e+00  0.00e+00  0.00e+00  0.00e+00  1.00e+18  3.16e+17  1.00e+99  1.00e-99 -1.00e+00  1.00e+03 -9.99e+02  1.00e+99  0.00e+00 
3.132e+14 3.218e+14   49      0        0      6  0.00e+00  0.00e+00  0.00e+00  0.00e+00  1.00e+18  3.16e+17  1.00e+99  1.00e-99 -1.00e+00  1.00e+03 -9.99e+02  1.00e+99  0.00e+00 
3.304e+14 3.395e+14   50      0        0      6  0.00e+00  0.00e+00  0.00e+00  0.00e+00  1.00e+18  3.16e+17  1.00e+99  1.00e-99 -1.00e+00  1.00e+03 -9.99e+02  1.00e+99  0.00e+00 
3.486e+14 3.582e+14   51      0        0      6  0.00e+00  0.00e+00  0.00e+00  0.00e+00  1.00e+18  3.16e+17  1.00e+99  1.00e-99 -1.00e+00  1.00e+03 -9.99e+02  1.00e+99  0.00e+00 
3.678e+14 3.779e+14   52      0        0      6  0.00e+00  0.00e+00  0.00e+00  0.00e+00  1.00e+18  3.16e+17  1.00e+99  1.00e-99 -1.00e+00  1.00e+03 -9.99e+02  1.00e+99  0.00e+00 
3.880e+14 3.987e+14   53      0        0      6  0.00e+00  0.00e+00  0.00e+00  0.00e+00  1.00e+18  3.16e+17  1.00e+99  1.00e-99 -1.00e+00  1.00e+03 -9.99e+02  1.00e+99  0.00e+00 
4.094e+14 4.206e+14   54      0        0      6  0.00e+00  0.00e+00  0.00e+00  0.00e+00  1.00e+18  3.16e+17  1.00e+99  1.00e-99 -1.00e+00  1.00e+03 -9.99e+02  1.00e+99  0.00e+00 
4.319e+14 4.438e+14   55      0        0      6  0.00e+00  0.00e+00  0.00e+00  0.00e+00  1.00e+18  3.16e+17  1.00e+99  1.00e-99 -1.00e+00  1.00e+03 -9.99e+02  1.00e+99  0.00e+00 
4.557e+14 4.682e+14   56      0        0      6  0.00e+00  0.00e+00  0.00e+00  0.00e+00  1.00e+18  3.16e+17  1.00e+99  1.00e-99 -1.00e+00  1.00e+03 -9.99e+02  1.00e+99  0.00e+00 
4.808e+14 4.940e+14   57      0        0      6  0.00e+00  0.00e+00  0.00e+00  0.00e+00  1.00e+18  3.16e+17  1.00e+99  1.00e-99 -1.00e+00  1.00e+03 -9.99e+02  1.00e+99  0.00e+00 
5.072e+14 5.212e+14   58      0        0      6  0.00e+00  0.00e+00  0.00e+00  0.00e+00  1.00e+18  3.16e+17  1.00e+99  1.00e-99 -1.00e+00  1.00e+03 -9.99e+02  1.00e+99  0.00e+00 
5.351e+14 5.499e+14   59      0        0      6  0.00e+00  0.00e+00  0.00e+00  0.00e+00  1.00e+18  3.16e+17  1.00e+99  1.00e-99 -1.00e+00  1.00e+03 -9.99e+02  1.00e+99  0.00e+00 
5.646e+14 5.801e+14   60      0        0      6  0.00e+00  0.00e+00  0.00e+00  0.00e+00  1.00e+18  3.16e+17  1.00e+99  1.00e-99 -1.00e+00  1.00e+03 -9.99e+02  1.00e+99  0.00e+00 
5.957e+14 6.121e+14   61      0        0      6  0.00e+00  0.00e+00  0.00e+00  0.00e+00  1.00e+18  3.16e+17  1.00e+99  1.00e-99 -1.00e+00  1.00e+03 -9.99e+02  1.00e+99  0.00e+00 
6.285e+14 6.458e+14   62      0        0      6  0.00e+00  0.00e+00  0.00e+00  0.00e+00  1.00e+18  3.16e+17  1.00e+99  1.00e-99 -1.00e+00  1.00e+03 -9.99e+02  1.00e+99  0.00e+00 
6.631e+14 6.813e+14   63      0        0      6  0.00e+00  0.00e+00  0.00e+00  0.00e+00  1.00e+18  3.16e+17  1.00e+99  1.00e-99 -1.00e+00  1.00e+03 -9.99e+02  1.00e+99  0.00e+00 
6.996e+14 7.188e+14   64      0        0      6  0.00e+00  0.00e+00  0.00e+00  0.00e+00  1.00e+18  3.16e+17  1.00e+99  1.00e-99 -1.00e+00  1.00e+03 -9.99e+02  1.00e+99  0.00e+00 
7.381e+14 7.584e+14   65     -1        0      6  0.00e+00  0.00e+00  0.00e+00  0.00e+00  0.00e+00  0.00e+00  0.00e+00  0.00e+00  0.00e+00  0.00e+00  0.00e+00  0.00e+00  0.00e+00 
7.787e+14 7.826e+14   66     -1        0      6  0.00e+00  0.00e+00  0.00e+00  0.00e+00  0.00e+00  0.00e+00  0.00e+00  0.00e+00  0.00e+00  0.00e+00  0.00e+00  0.00e+00  0.00e+00 
