        r      rcen    i inwind converge       v_x       v_y       v_z       vol       rho        ne       t_e       t_r        h1       he2        c4        n5        o6  dmo_dt_x  dmo_dt_y  dmo_dt_z        ip      ntot      nrad    nioniz 
2.268e+13 2.330e+13    0     -1        0  5.55e+09  0.00e+00  0.00e+00  0.00e+00  0.00e+00  0.00e+00  0.00e+00  0.00e+00  0.00e+00  0.00e+00  0.00e+00  0.00e+00  0.00e+00  0.00e+00  0.00e+00  0.00e+00  0.00e+00  0.00e+00  0.00e+00  0.00e+00 
2.392e+13 2.458e+13    1      0        0  5.24e+09  0.00e+00  0.00e+00  1.01e+40  2.72e-12  1.39e+12  1.74e+05  1.73e+05  6.57e-10  9.24e-10  0.00e+00  0.00e+00  8.18e-07 -1.77e+33 -7.02e+31 -1.19e+33  1.02e+05  1.78e+07  0.00e+00  1.73e+07 
2.524e+13 2.594e+13    2      0        0  4.92e+09  0.00e+00  0.00e+00  1.19e+40  2.62e-12  1.34e+12  1.70e+05  1.68e+05  7.34e-10  1.00e-09  0.00e+00  0.00e+00  1.04e-06 -1.81e+33  7.66e+31 -1.12e+33  9.91e+04  1.87e+07  0.00e+00  1.81e+07 
2.663e+13 2.736e+13    3      0        0  4.63e+09  0.00e+00  0.00e+00  1.40e+40  2.51e-12  1.29e+12  1.66e+05  1.64e+05  6.36e-10  1.04e-09  0.00e+00  0.00e+00  1.28e-06 -1.69e+33 -1.35e+31 -1.07e+33  9.55e+04  1.94e+07  0.00e+00  1.87e+07 
2.810e+13 2.887e+13    4      0        0  4.34e+09  0.00e+00  0.00e+00  1.64e+40  2.41e-12  1.24e+12  1.63e+05  1.60e+05  6.17e-10  1.06e-09  0.00e+00  0.00e+00  1.57e-06 -1.90e+33  4.59e+31 -1.21e+33  9.16e+04  2.01e+07  0.00e+00  1.93e+07 
2.964e+13 3.046e+13    5      0        0  4.06e+09  0.00e+00  0.00e+00  1.92e+40  2.31e-12  1.18e+12  1.59e+05  1.56e+05  6.50e-10  1.11e-09  0.00e+00  0.00e+00  1.92e-06 -2.09e+33 -2.81e+31 -1.29e+33  8.76e+04  2.07e+07  0.00e+00  1.98e+07 
3.127e+13 3.213e+13    6      0        0  3.78e+09  0.00e+00  0.00e+00  2.25e+40  2.20e-12  1.13e+12  1.56e+05  1.53e+05  7.40e-10  1.17e-09  0.00e+00  0.00e+00  2.36e-06 -2.05e+33  1.38e+31 -1.21e+33  8.38e+04  2.12e+07  0.00e+00  2.02e+07 
3.299e+13 3.390e+13    7      0        0  3.53e+09  0.00e+00  0.00e+00  2.64e+40  2.09e-12  1.07e+12  1.52e+05  1.50e+05  6.84e-10  1.09e-09  0.00e+00  0.00e+00  2.93e-06 -2.24e+33  4.83e+31 -1.42e+33  7.97e+04  2.16e+07  0.00e+00  2.04e+07 
3.481e+13 3.577e+13    8      0        0  3.31e+09  0.00e+00  0.00e+00  3.10e+40  1.97e-12  1.01e+12  1.49e+05  1.46e+05  6.36e-10  1.20e-09  0.00e+00  0.00e+00  3.65e-06 -2.17e+33  3.17e+31 -1.44e+33  7.57e+04  2.19e+07  0.00e+00  2.05e+07 
3.673e+13 3.774e+13    9      0        0  3.09e+09  0.00e+00  0.00e+00  3.64e+40  1.85e-12  9.50e+11  1.45e+05  1.43e+05  5.97e-10  1.30e-09  0.00e+00  0.00e+00  4.59e-06 -2.35e+33  1.56e+31 -1.46e+33  7.19e+04  2.20e+07  0.00e+00  2.05e+07 
3.875e+13 3.981e+13   10      0        0  2.91e+09  0.00e+00  0.00e+00  4.27e+40  1.73e-12  8.86e+11  1.41e+05  1.39e+05  6.36e-10  1.25e-09  0.00e+00  0.00e+00  5.84e-06 -2.31e+33 -1.22e+30 -1.51e+33  6.83e+04  2.20e+07  0.00e+00  2.04e+07 
4.088e+13 4.201e+13   11      0        0  2.75e+09  0.00e+00  0.00e+00  5.01e+40  1.60e-12  8.20e+11  1.37e+05  1.36e+05  6.44e-10  1.41e-09  0.00e+00  0.00e+00  7.45e-06 -2.33e+33 -2.27e+31 -1.54e+33  6.49e+04  2.19e+07  0.00e+00  2.01e+07 
4.313e+13 4.432e+13   12      0        0  2.61e+09  0.00e+00  0.00e+00  5.88e+40  1.48e-12  7.58e+11  1.33e+05  1.33e+05  5.98e-10  1.49e-09  0.00e+00  0.00e+00  9.55e-06 -2.35e+33  1.33e+31 -1.48e+33  6.15e+04  2.17e+07  0.00e+00  1.98e+07 
4.551e+13 4.676e+13   13      0        0  2.51e+09  0.00e+00  0.00e+00  6.91e+40  1.36e-12  6.95e+11  1.29e+05  1.29e+05  5.31e-10  1.53e-09  0.00e+00  0.00e+00  1.25e-05 -2.25e+33  2.40e+30 -1.44e+33  5.85e+04  2.15e+07  0.00e+00  1.93e+07 
4.801e+13 4.933e+13   14      0        0  2.41e+09  0.00e+00  0.00e+00  8.11e+40  1.24e-12  6.35e+11  1.25e+05  1.26e+05  5.87e-10  1.73e-09  0.00e+00  0.00e+00  1.64e-05 -2.19e+33 -3.92e+29 -1.37e+33  5.55e+04  2.11e+07  0.00e+00  1.88e+07 
5.065e+13 5.205e+13   15      0        0  2.35e+09  0.00e+00  0.00e+00  9.52e+40  1.14e-12  5.82e+11  1.21e+05  1.23e+05  5.95e-10  1.85e-09  0.00e+00  0.00e+00  2.17e-05 -2.09e+33 -1.01e+31 -1.33e+33  5.25e+04  2.08e+07  0.00e+00  1.83e+07 
5.344e+13 5.491e+13   16      0        0  2.28e+09  0.00e+00  0.00e+00  1.12e+41  1.04e-12  5.34e+11  1.18e+05  1.20e+05  6.05e-10  2.02e-09  0.00e+00  0.00e+00  2.92e-05 -2.06e+33  2.19e+31 -1.30e+33  4.94e+04  2.04e+07  0.00e+00  1.78e+07 
5.638e+13 5.793e+13   17      0        0  2.23e+09  0.00e+00  0.00e+00  1.31e+41  9.56e-13  4.90e+11  1.14e+05  1.17e+05  6.14e-10  2.26e-09  0.00e+00  0.00e+00  4.01e-05 -1.89e+33  1.07e+31 -1.24e+33  4.65e+04  2.00e+07  0.00e+00  1.72e+07 
5.949e+13 6.112e+13   18      0        0  2.20e+09  0.00e+00  0.00e+00  1.54e+41  8.77e-13  4.49e+11  1.10e+05  1.14e+05  5.38e-10  2.56e-09  0.00e+00  0.00e+00  5.61e-05 -1.88e+33 -1.60e+31 -1.22e+33  4.36e+04  1.96e+07  0.00e+00  1.66e+07 
6.276e+13 6.449e+13   19      0        0  2.17e+09  0.00e+00  0.00e+00  1.81e+41  8.04e-13  4.12e+11  1.06e+05  1.11e+05  5.52e-10  2.79e-09  0.00e+00  0.00e+00  8.14e-05 -1.76e+33 -1.50e+30 -1.13e+33  4.08e+04  1.91e+07  0.00e+00  1.60e+07 
6.621e+13 6.804e+13   20      0        0  2.16e+09  0.00e+00  0.00e+00  2.13e+41  7.35e-13  3.77e+11  1.02e+05  1.08e+05  5.61e-10  3.25e-09  0.00e+00  0.00e+00  1.22e-04 -1.68e+33  1.14e+31 -1.05e+33  3.82e+04  1.87e+07  0.00e+00  1.54e+07 
6.986e+13 7.178e+13   21      0        0  2.15e+09  0.00e+00  0.00e+00  2.50e+41  6.73e-13  3.44e+11  9.82e+04  1.05e+05  5.71e-10  3.65e-09  0.00e+00  0.00e+00  1.89e-04 -1.61e+33  4.05e+30 -1.02e+33  3.58e+04  1.82e+07  0.00e+00  1.48e+07 
7.370e+13 7.573e+13   22      0        0  2.15e+09  0.00e+00  0.00e+00  2.93e+41  6.15e-13  3.15e+11  9.43e+04  1.02e+05  5.49e-10  4.19e-09  0.00e+00  0.00e+00  3.14e-04 -1.47e+33 -2.19e+28 -9.94e+32  3.35e+04  1.78e+07  0.00e+00  1.42e+07 
7.776e+13 7.990e+13   23      0        0  2.16e+09  0.00e+00  0.00e+00  3.44e+41  5.63e-13  2.88e+11  9.06e+04  9.99e+04  5.88e-10  4.93e-09  0.00e+00  0.00e+00  5.55e-04 -1.42e+33 -1.52e+31 -9.25e+32  3.13e+04  1.74e+07  0.00e+00  1.37e+07 
8.204e+13 8.430e+13   24      0        0  2.17e+09  0.00e+00  0.00e+00  4.04e+41  5.15e-13  2.64e+11  8.67e+04  9.74e+04  5.79e-10  5.77e-09  0.00e+00  0.00e+00  1.07e-03 -1.36e+33  2.61e+31 -8.64e+32  2.92e+04  1.70e+07  0.00e+00  1.31e+07 
8.656e+13 8.894e+13   25      0        0  2.19e+09  0.00e+00  0.00e+00  4.75e+41  4.71e-13  2.41e+11  8.11e+04  9.50e+04  5.79e-10  6.90e-09  0.00e+00  0.00e+00  2.54e-03 -1.31e+33 -6.26e+29 -7.89e+32  2.74e+04  1.66e+07  0.00e+00  1.26e+07 
9.132e+13 9.383e+13   26      0        0  2.21e+09  0.00e+00  0.00e+00  5.58e+41  4.31e-13  2.21e+11  7.12e+04  9.28e+04  6.43e-10  8.62e-09  0.00e+00  0.00e+00  1.65e-02 -1.20e+33  9.55e+30 -8.02e+32  2.56e+04  1.62e+07  0.00e+00  1.21e+07 
9.635e+13 9.900e+13   27      0        0  2.22e+09  0.00e+00  0.00e+00  6.55e+41  3.93e-13  2.01e+11  6.48e+04  9.06e+04  6.68e-10  1.09e-08  0.00e+00  0.00e+00  3.10e-02 -1.19e+33  1.33e+30 -7.14e+32  2.40e+04  1.58e+07  0.00e+00  1.17e+07 
1.017e+14 1.044e+14   28      0        0  2.24e+09  0.00e+00  0.00e+00  7.69e+41  3.61e-13  1.85e+11  6.18e+04  8.84e+04  6.86e-10  1.29e-08  0.00e+00  0.00e+00  1.08e-01 -1.06e+33  5.65e+30 -6.90e+32  2.24e+04  1.55e+07  0.00e+00  1.12e+07 
1.072e+14 1.102e+14   29      0        0  2.26e+09  0.00e+00  0.00e+00  9.04e+41  3.31e-13  1.69e+11  5.73e+04  8.63e+04  7.85e-10  1.64e-08  0.00e+00  0.00e+00  1.00e+00 -1.01e+33 -3.21e+31 -6.27e+32  2.09e+04  1.52e+07  0.00e+00  1.08e+07 
1.131e+14 1.163e+14   30      0        0  2.27e+09  0.00e+00  0.00e+00  1.06e+42  3.04e-13  1.55e+11  5.59e+04  8.44e+04  7.00e-10  1.89e-08  0.00e+00  0.00e+00  9.99e-01 -9.55e+32  1.30e+31 -6.01e+32  1.96e+04  1.49e+07  0.00e+00  1.04e+07 
1.194e+14 1.227e+14   31      0        0  2.29e+09  0.00e+00  0.00e+00  1.25e+42  2.80e-13  1.43e+11  5.27e+04  8.25e+04  7.00e-10  2.36e-08  0.00e+00  0.00e+00  9.99e-01 -8.91e+32 -2.34e+30 -5.84e+32  1.82e+04  1.46e+07  0.00e+00  1.00e+07 
1.259e+14 1.294e+14   32      0        0  2.30e+09  0.00e+00  0.00e+00  1.46e+42  2.57e-13  1.32e+11  5.03e+04  8.07e+04  8.37e-10  2.89e-08  0.00e+00  0.00e+00  9.99e-01 -8.65e+32 -1.62e+31 -5.28e+32  1.70e+04  1.43e+07  0.00e+00  9.64e+06 
1.329e+14 1.365e+14   33      0        0  2.31e+09  0.00e+00  0.00e+00  1.72e+42  2.36e-13  1.21e+11  4.88e+04  7.89e+04  7.81e-10  3.37e-08  0.00e+00  0.00e+00  9.99e-01 -7.98e+32  2.88e+31 -5.20e+32  1.59e+04  1.40e+07  0.00e+00  9.30e+06 
1.402e+14 1.441e+14   34      0        0  2.32e+09  0.00e+00  0.00e+00  2.02e+42  2.15e-13  1.10e+11  4.60e+04  7.73e+04  7.94e-10  4.20e-08  0.00e+00  0.00e+00  9.98e-01 -7.57e+32 -2.38e+30 -4.76e+32  1.50e+04  1.38e+07  0.00e+00  8.98e+06 
1.479e+14 1.520e+14   35      0        1  2.32e+09  0.00e+00  0.00e+00  2.37e+42  1.96e-13  1.00e+11  4.63e+04  7.58e+04  7.92e-10  4.77e-08  0.00e+00  0.00e+00  9.97e-01 -6.98e+32 -6.71e+30 -4.53e+32  1.43e+04  1.35e+07  0.00e+00  8.70e+06 
1.561e+14 1.603e+14   36      0        1  2.32e+09  0.00e+00  0.00e+00  2.78e+42  1.79e-13  9.14e+10  4.73e+04  7.41e+04  6.72e-10  5.56e-08  0.00e+00  0.00e+00  9.96e-01 -6.63e+32  1.37e+31 -4.24e+32  1.35e+04  1.33e+07  0.00e+00  8.43e+06 
1.646e+14 1.692e+14   37      0        0  2.31e+09  0.00e+00  0.00e+00  3.27e+42  1.64e-13  8.38e+10  4.65e+04  7.27e+04  6.63e-10  6.57e-08  0.00e+00  0.00e+00  6.54e-12 -6.35e+32 -1.86e+31 -4.10e+32  1.27e+04  1.32e+07  0.00e+00  8.19e+06 
1.737e+14 1.785e+14   38      0        0  2.29e+09  0.00e+00  0.00e+00  3.84e+42  1.50e-13  7.68e+10  4.53e+04  7.13e+04  7.13e-10  7.73e-08  0.00e+00  0.00e+00  3.17e-12 -6.11e+32  4.04e+30 -3.98e+32  1.21e+04  1.30e+07  0.00e+00  7.97e+06 
1.833e+14 1.883e+14   39      0        0  2.28e+09  0.00e+00  0.00e+00  4.51e+42  1.38e-13  7.08e+10  4.39e+04  7.00e+04  6.95e-10  9.28e-08  0.00e+00  0.00e+00  1.27e-12 -5.78e+32  4.23e+30 -3.58e+32  1.14e+04  1.29e+07  0.00e+00  7.77e+06 
1.934e+14 1.987e+14   40      0        0  2.26e+09  0.00e+00  0.00e+00  5.29e+42  1.28e-13  6.55e+10  4.29e+04  6.87e+04  7.13e-10  1.10e-07  0.00e+00  0.00e+00  6.25e-13 -5.46e+32 -5.40e+30 -3.30e+32  1.08e+04  1.28e+07  0.00e+00  7.59e+06 
2.040e+14 2.096e+14   41      0        0  2.23e+09  0.00e+00  0.00e+00  6.22e+42  1.19e-13  6.07e+10  4.17e+04  6.75e+04  7.00e-10  1.33e-07  0.00e+00  0.00e+00  2.57e-13 -5.46e+32 -6.05e+30 -3.44e+32  1.01e+04  1.27e+07  0.00e+00  7.41e+06 
2.152e+14 2.211e+14   42      0        0  2.20e+09  0.00e+00  0.00e+00  7.30e+42  1.10e-13  5.61e+10  4.08e+04  6.64e+04  7.00e-10  1.58e-07  0.00e+00  0.00e+00  1.29e-13 -5.18e+32  2.79e+30 -3.19e+32  9.59e+03  1.26e+07  0.00e+00  7.25e+06 
2.271e+14 2.333e+14   43      0        0  2.16e+09  0.00e+00  0.00e+00  8.57e+42  1.02e-13  5.22e+10  4.01e+04  6.54e+04  7.02e-10  1.87e-07  0.00e+00  0.00e+00  7.15e-14 -4.81e+32 -1.22e+31 -3.21e+32  9.05e+03  1.25e+07  0.00e+00  7.11e+06 
2.396e+14 2.462e+14   44      0        0  2.13e+09  0.00e+00  0.00e+00  1.01e+43  9.54e-14  4.88e+10  3.88e+04  6.44e+04  7.05e-10  2.28e-07  0.00e+00  0.00e+00  2.54e-14 -4.78e+32 -1.07e+31 -3.14e+32  8.50e+03  1.24e+07  0.00e+00  6.98e+06 
2.528e+14 2.597e+14   45      0        0  2.07e+09  0.00e+00  0.00e+00  1.18e+43  9.00e-14  4.60e+10  3.83e+04  6.36e+04  7.16e-10  2.76e-07  0.00e+00  0.00e+00  1.67e-14 -5.00e+32  9.82e+30 -3.17e+32  7.91e+03  1.23e+07  0.00e+00  6.84e+06 
2.667e+14 2.740e+14   46      0        0  2.03e+09  0.00e+00  0.00e+00  1.39e+43  8.55e-14  4.37e+10  3.74e+04  6.27e+04  7.40e-10  3.42e-07  0.00e+00  0.00e+00  6.81e-15 -4.82e+32  1.25e+30 -3.20e+32  7.30e+03  1.22e+07  0.00e+00  6.71e+06 
2.813e+14 2.891e+14   47      0        0  1.98e+09  0.00e+00  0.00e+00  1.63e+43  8.14e-14  4.16e+10  3.66e+04  6.19e+04  7.53e-10  4.31e-07  0.00e+00  0.00e+00  3.28e-15 -4.92e+32 -1.85e+31 -3.02e+32  6.72e+03  1.20e+07  0.00e+00  6.55e+06 
2.968e+14 3.050e+14   48      0        0  1.93e+09  0.00e+00  0.00e+00  1.91e+43  7.93e-14  4.05e+10  3.61e+04  6.12e+04  8.10e-10  5.58e-07  0.00e+00  0.00e+00  1.94e-15 -4.98e+32 -1.29e+31 -3.23e+32  6.03e+03  1.18e+07  0.00e+00  6.38e+06 
3.132e+14 3.218e+14   49      0        0  1.88e+09  0.00e+00  0.00e+00  2.25e+43  7.73e-14  3.95e+10  3.51e+04  6.04e+04  8.72e-10  7.54e-07  0.00e+00  0.00e+00  7.19e-16 -5.09e+32 -5.26e+30 -3.44e+32  5.36e+03  1.16e+07  0.00e+00  6.17e+06 
3.304e+14 3.395e+14   50      0        0  1.82e+09  0.00e+00  0.00e+00  2.64e+43  7.57e-14  3.87e+10  3.46e+04  5.96e+04  9.56e-10  1.08e-06  0.00e+00  0.00e+00  4.09e-16 -5.15e+32  2.86e+30 -3.16e+32  4.69e+03  1.12e+07  0.00e+00  5.90e+06 
3.486e+14 3.582e+14   51      0        0  1.78e+09  0.00e+00  0.00e+00  3.10e+43  7.43e-14  3.80e+10  3.42e+04  5.89e+04  1.06e-09  1.57e-06  0.00e+00  0.00e+00  2.78e-16 -5.35e+32  4.20e+29 -3.48e+32  4.06e+03  1.07e+07  0.00e+00  5.59e+06 
3.678e+14 3.779e+14   52      0        0  1.76e+09  0.00e+00  0.00e+00  3.64e+43  7.24e-14  3.70e+10  3.32e+04  5.81e+04  1.19e-09  2.61e-06  0.00e+00  0.00e+00  8.90e-17 -5.58e+32 -1.88e+31 -3.36e+32  3.47e+03  1.01e+07  0.00e+00  5.21e+06 
3.880e+14 3.987e+14   53      0        0  1.74e+09  0.00e+00  0.00e+00  4.27e+43  6.53e-14  3.34e+10  3.30e+04  5.73e+04  1.20e-09  4.40e-06  0.00e+00  0.00e+00  7.00e-17 -5.27e+32 -2.71e+30 -3.33e+32  3.17e+03  9.38e+06  0.00e+00  4.80e+06 
4.094e+14 4.206e+14   54      0        0  1.74e+09  0.00e+00  0.00e+00  5.02e+43  5.51e-14  2.82e+10  3.24e+04  5.66e+04  1.26e-09  8.09e-06  0.00e+00  0.00e+00  3.02e-17 -4.71e+32 -1.57e+31 -3.06e+32  3.09e+03  8.70e+06  0.00e+00  4.41e+06 
4.319e+14 4.438e+14   55      0        0  1.77e+09  0.00e+00  0.00e+00  5.90e+43  4.68e-14  2.39e+10  2.91e+04  5.58e+04  1.29e-09  2.26e-05  0.00e+00  0.00e+00  2.31e-19 -4.30e+32 -5.04e+30 -2.66e+32  2.97e+03  8.10e+06  0.00e+00  4.07e+06 
4.557e+14 4.682e+14   56      0        0  1.76e+09  0.00e+00  0.00e+00  6.92e+43  4.12e-14  2.11e+10  2.90e+04  5.53e+04  1.34e-09  6.66e-05  0.00e+00  0.00e+00  1.83e-20 -3.94e+32  3.23e+30 -2.58e+32  2.78e+03  7.53e+06  0.00e+00  3.75e+06 
4.808e+14 4.940e+14   57      0        0  1.80e+09  0.00e+00  0.00e+00  8.13e+43  3.77e-14  1.93e+10  2.80e+04  5.47e+04  1.47e-09  1.39e-04  0.00e+00  0.00e+00  1.00e-20 -3.82e+32  2.95e+30 -2.43e+32  2.48e+03  6.95e+06  0.00e+00  3.44e+06 
5.072e+14 5.212e+14   58      0        0  1.86e+09  0.00e+00  0.00e+00  9.55e+43  3.55e-14  1.81e+10  2.69e+04  5.42e+04  1.66e-09  2.63e-04  0.00e+00  0.00e+00  1.00e-20 -3.65e+32 -5.14e+30 -2.36e+32  2.11e+03  6.34e+06  0.00e+00  3.11e+06 
5.351e+14 5.499e+14   59      0        0  1.87e+09  0.00e+00  0.00e+00  1.12e+44  3.05e-14  1.56e+10  2.67e+04  5.38e+04  1.77e-09  3.53e-04  0.00e+00  0.00e+00  1.00e-20 -3.47e+32  9.13e+30 -2.28e+32  1.94e+03  5.69e+06  0.00e+00  2.77e+06 
5.646e+14 5.801e+14   60      0        0  1.96e+09  0.00e+00  0.00e+00  1.32e+44  2.51e-14  1.28e+10  2.60e+04  5.33e+04  1.84e-09  5.05e-04  0.00e+00  0.00e+00  1.00e-20 -2.91e+32  4.44e+30 -1.91e+32  1.85e+03  5.08e+06  0.00e+00  2.45e+06 
5.957e+14 6.121e+14   61      0        0  2.07e+09  0.00e+00  0.00e+00  1.55e+44  2.13e-14  1.09e+10  2.53e+04  5.29e+04  1.96e-09  8.58e-04  0.00e+00  0.00e+00  1.00e-20 -2.74e+32 -2.21e+30 -1.68e+32  1.69e+03  4.52e+06  0.00e+00  2.16e+06 
6.285e+14 6.458e+14   62      0        0  2.12e+09  0.00e+00  0.00e+00  1.82e+44  1.81e-14  9.26e+09  2.48e+04  5.26e+04  2.18e-09  1.23e-03  0.00e+00  0.00e+00  1.00e-20 -2.53e+32 -5.68e+30 -1.63e+32  1.51e+03  3.97e+06  0.00e+00  1.88e+06 
6.631e+14 6.813e+14   63      0        0  2.22e+09  0.00e+00  0.00e+00  2.14e+44  1.43e-14  7.31e+09  2.44e+04  5.22e+04  2.32e-09  1.90e-03  0.00e+00  0.00e+00  1.00e-20 -2.13e+32  2.79e+30 -1.36e+32  1.40e+03  3.44e+06  0.00e+00  1.60e+06 
6.996e+14 7.188e+14   64      0        0  2.34e+09  0.00e+00  0.00e+00  2.51e+44  1.14e-14  5.83e+09  2.39e+04  5.17e+04  2.69e-09  3.24e-03  0.00e+00  0.00e+00  1.00e-20 -1.86e+32  3.45e+29 -1.22e+32  1.21e+03  2.92e+06  0.00e+00  1.33e+06 
7.381e+14 7.584e+14   65     -1        0  2.45e+09  0.00e+00  0.00e+00  0.00e+00  0.00e+00  0.00e+00  0.00e+00  0.00e+00  0.00e+00  0.00e+00  0.00e+00  0.00e+00  0.00e+00  0.00e+00  0.00e+00  0.00e+00  0.00e+00  0.00e+00  0.00e+00  0.00e+00 
7.787e+14 7.826e+14   66     -1        0  2.45e+09  0.00e+00  0.00e+00  0.00e+00  0.00e+00  0.00e+00  0.00e+00  0.00e+00  0.00e+00  0.00e+00  0.00e+00  0.00e+00  0.00e+00  0.00e+00  0.00e+00  0.00e+00  0.00e+00  0.00e+00  0.00e+00  0.00e+00 
