       r    i inwind      i01      i02      i03      i04      i05      i06      i07      i08      i09 
2.27e+13    0     -1 0.00e+00 0.00e+00 0.00e+00 0.00e+00 0.00e+00 0.00e+00 0.00e+00 0.00e+00 0.00e+00 
2.39e+13    1      0 1.00e-20 1.00e-20 1.00e-20 1.40e-19 9.86e-13 8.18e-07 1.00e+00 1.00e-20 1.00e-20 
2.52e+13    2      0 1.00e-20 1.00e-20 1.00e-20 2.47e-19 1.53e-12 1.04e-06 1.00e+00 1.00e-20 1.00e-20 
2.66e+13    3      0 1.00e-20 1.00e-20 1.00e-20 4.07e-19 2.23e-12 1.28e-06 1.00e+00 1.00e-20 1.00e-20 
2.81e+13    4      0 1.00e-20 1.00e-20 1.00e-20 6.71e-19 3.25e-12 1.57e-06 1.00e+00 1.00e-20 1.00e-20 
2.96e+13    5      0 1.00e-20 1.00e-20 1.00e-20 1.10e-18 4.73e-12 1.92e-06 1.00e+00 1.00e-20 1.00e-20 
3.13e+13    6      0 1.00e-20 1.00e-20 1.00e-20 1.82e-18 6.90e-12 2.36e-06 1.00e+00 1.00e-20 1.00e-20 
3.30e+13    7      0 1.00e-20 1.00e-20 1.00e-20 3.09e-18 1.03e-11 2.93e-06 1.00e+00 1.00e-20 1.00e-20 
3.48e+13    8      0 1.00e-20 1.00e-20 1.00e-20 5.30e-18 1.54e-11 3.65e-06 1.00e+00 1.00e-20 1.00e-20 
3.67e+13    9      0 1.00e-20 1.00e-20 1.00e-20 9.26e-18 2.35e-11 4.59e-06 1.00e+00 1.00e-20 1.00e-20 
3.87e+13   10      0 1.00e-20 1.00e-20 1.00e-20 1.65e-17 3.64e-11 5.84e-06 1.00e+00 1.00e-20 1.00e-20 
4.09e+13   11      0 1.00e-20 1.00e-20 1.00e-20 2.97e-17 5.67e-11 7.45e-06 1.00e+00 1.00e-20 1.00e-20 
4.31e+13   12      0 1.00e-20 1.00e-20 1.00e-20 5.44e-17 8.97e-11 9.55e-06 1.00e+00 1.00e-20 1.00e-20 
4.55e+13   13      0 1.00e-20 1.00e-20 1.00e-20 1.02e-16 1.45e-10 1.25e-05 1.00e+00 1.00e-20 1.00e-20 
4.80e+13   14      0 1.00e-20 1.00e-20 1.00e-20 1.91e-16 2.35e-10 1.64e-05 1.00e+00 1.00e-20 1.00e-20 
5.07e+13   15      0 1.00e-20 1.00e-20 1.00e-20 3.67e-16 3.87e-10 2.17e-05 1.00e+00 1.00e-20 1.00e-20 
5.34e+13   16      0 1.00e-20 1.00e-20 1.00e-20 7.25e-16 6.55e-10 2.92e-05 1.00e+00 1.00e-20 1.00e-20 
5.64e+13   17      0 1.00e-20 1.00e-20 1.00e-20 1.46e-15 1.13e-09 4.01e-05 1.00e+00 1.00e-20 1.00e-20 
5.95e+13   18      0 1.00e-20 1.00e-20 1.00e-20 3.04e-15 2.00e-09 5.61e-05 1.00e+00 1.00e-20 1.00e-20 
6.28e+13   19      0 1.00e-20 1.00e-20 1.00e-20 6.54e-15 3.67e-09 8.14e-05 1.00e+00 1.00e-20 1.00e-20 
6.62e+13   20      0 1.00e-20 1.00e-20 1.00e-20 1.47e-14 6.98e-09 1.22e-04 1.00e+00 1.00e-20 1.00e-20 
6.99e+13   21      0 1.00e-20 1.00e-20 1.00e-20 3.45e-14 1.40e-08 1.89e-04 1.00e+00 1.00e-20 1.00e-20 
7.37e+13   22      0 1.00e-20 1.00e-20 1.25e-20 8.62e-14 2.97e-08 3.14e-04 1.00e+00 1.00e-20 1.00e-20 
7.78e+13   23      0 1.00e-20 1.00e-20 3.68e-20 2.27e-13 6.68e-08 5.55e-04 9.99e-01 1.00e-20 1.00e-20 
8.20e+13   24      0 1.00e-20 1.00e-20 1.17e-19 6.50e-13 1.64e-07 1.07e-03 9.99e-01 1.00e-20 1.00e-20 
8.66e+13   25      0 1.00e-20 1.00e-20 4.43e-19 2.25e-12 4.91e-07 2.54e-03 9.97e-01 1.00e-20 1.00e-20 
9.13e+13   26      0 1.00e-20 1.00e-20 4.12e-18 2.05e-11 4.00e-06 1.65e-02 9.83e-01 1.00e-20 1.00e-20 
9.63e+13   27      0 1.00e-20 1.00e-20 1.10e-17 5.29e-11 9.18e-06 3.10e-02 9.69e-01 1.00e-20 1.00e-20 
1.02e+14   28      0 1.00e-20 1.00e-20 6.21e-17 2.74e-10 4.06e-05 1.08e-01 8.92e-01 1.00e-20 1.00e-20 
1.07e+14   29      0 1.00e-20 1.00e-20 8.79e-16 3.69e-09 4.73e-04 1.00e+00 3.28e-11 1.00e-20 1.00e-20 
1.13e+14   30      0 1.00e-20 1.00e-20 1.45e-15 5.48e-09 5.94e-04 9.99e-01 1.59e-11 1.00e-20 1.00e-20 
1.19e+14   31      0 1.00e-20 1.00e-20 2.25e-15 7.95e-09 7.36e-04 9.99e-01 2.49e-12 1.00e-20 1.00e-20 
1.26e+14   32      0 1.00e-20 1.00e-20 3.56e-15 1.17e-08 9.17e-04 9.99e-01 5.53e-13 1.00e-20 1.00e-20 
1.33e+14   33      0 1.00e-20 1.00e-20 5.88e-15 1.75e-08 1.16e-03 9.99e-01 2.04e-13 1.00e-20 1.00e-20 
1.40e+14   34      0 1.00e-20 1.00e-20 9.42e-15 2.67e-08 1.52e-03 9.98e-01 2.54e-14 1.00e-20 1.00e-20 
1.48e+14   35      0 1.00e-20 1.00e-20 2.29e-14 5.69e-08 2.74e-03 9.97e-01 3.34e-14 1.00e-20 1.00e-20 
1.56e+14   36      0 1.00e-20 1.00e-20 5.15e-14 1.07e-07 4.14e-03 9.96e-01 6.82e-14 1.00e-20 1.00e-20 
1.65e+14   37      0 1.00e-20 1.99e-19 1.68e-11 3.12e-05 1.00e+00 6.54e-12 1.00e-20 1.00e-20 1.00e-20 
1.74e+14   38      0 1.00e-20 2.80e-19 2.27e-11 3.80e-05 1.00e+00 3.17e-12 1.00e-20 1.00e-20 1.00e-20 
1.83e+14   39      0 1.00e-20 3.93e-19 3.10e-11 4.66e-05 1.00e+00 1.27e-12 1.00e-20 1.00e-20 1.00e-20 
1.93e+14   40      0 1.00e-20 5.67e-19 4.29e-11 5.74e-05 1.00e+00 6.25e-13 1.00e-20 1.00e-20 1.00e-20 
2.04e+14   41      0 1.00e-20 8.23e-19 6.03e-11 7.18e-05 1.00e+00 2.57e-13 1.00e-20 1.00e-20 1.00e-20 
2.15e+14   42      0 1.00e-20 1.21e-18 8.52e-11 8.94e-05 1.00e+00 1.29e-13 1.00e-20 1.00e-20 1.00e-20 
2.27e+14   43      0 1.00e-20 1.81e-18 1.21e-10 1.11e-04 1.00e+00 7.15e-14 1.00e-20 1.00e-20 1.00e-20 
2.40e+14   44      0 1.00e-20 2.70e-18 1.75e-10 1.42e-04 1.00e+00 2.54e-14 1.00e-20 1.00e-20 1.00e-20 
2.53e+14   45      0 1.00e-20 4.37e-18 2.63e-10 1.81e-04 1.00e+00 1.67e-14 1.00e-20 1.00e-20 1.00e-20 
2.67e+14   46      0 1.00e-20 7.19e-18 4.09e-10 2.40e-04 1.00e+00 6.81e-15 1.00e-20 1.00e-20 1.00e-20 
2.81e+14   47      0 1.00e-20 1.23e-17 6.53e-10 3.20e-04 1.00e+00 3.28e-15 1.00e-20 1.00e-20 1.00e-20 
2.97e+14   48      0 1.00e-20 2.38e-17 1.13e-09 4.45e-04 1.00e+00 1.94e-15 1.00e-20 1.00e-20 1.00e-20 
3.13e+14   49      0 1.00e-20 4.89e-17 2.12e-09 6.56e-04 9.99e-01 7.19e-16 1.00e-20 1.00e-20 1.00e-20 
3.30e+14   50      0 1.00e-20 1.33e-16 5.04e-09 1.13e-03 9.99e-01 4.09e-16 1.00e-20 1.00e-20 1.00e-20 
3.49e+14   51      0 1.00e-20 3.93e-16 1.27e-08 1.99e-03 9.98e-01 2.78e-16 1.00e-20 1.00e-20 1.00e-20 
3.68e+14   52      0 1.00e-20 1.67e-15 4.71e-08 4.72e-03 9.95e-01 8.90e-17 1.00e-20 1.00e-20 1.00e-20 
3.88e+14   53      0 1.00e-20 3.41e-15 8.59e-08 5.34e-03 9.95e-01 7.00e-17 1.00e-20 1.00e-20 1.00e-20 
4.09e+14   54      0 1.00e-20 1.60e-14 3.93e-07 1.47e-02 9.85e-01 3.02e-17 1.00e-20 1.00e-20 1.00e-20 
4.32e+14   55      0 1.00e-20 7.77e-13 2.01e-05 3.27e-01 6.73e-01 2.31e-19 1.00e-20 1.00e-20 1.00e-20 
4.56e+14   56      0 1.00e-20 5.03e-12 1.18e-04 9.31e-01 6.86e-02 1.83e-20 1.00e-20 1.00e-20 1.00e-20 
4.81e+14   57      0 1.07e-20 1.11e-11 2.30e-04 9.93e-01 6.83e-03 1.00e-20 1.00e-20 1.00e-20 1.00e-20 
5.07e+14   58      0 2.39e-20 2.36e-11 4.16e-04 9.61e-01 3.88e-02 1.00e-20 1.00e-20 1.00e-20 1.00e-20 
5.35e+14   59      0 4.47e-20 4.14e-11 6.52e-04 9.99e-01 1.59e-13 1.00e-20 1.00e-20 1.00e-20 1.00e-20 
5.65e+14   60      0 8.50e-20 8.02e-11 1.17e-03 9.99e-01 6.15e-14 1.00e-20 1.00e-20 1.00e-20 1.00e-20 
5.96e+14   61      0 1.95e-19 1.80e-10 2.37e-03 9.98e-01 2.32e-14 1.00e-20 1.00e-20 1.00e-20 1.00e-20 
6.28e+14   62      0 4.07e-19 3.48e-10 3.99e-03 9.96e-01 3.04e-04 1.00e-20 1.00e-20 1.00e-20 1.00e-20 
6.63e+14   63      0 9.79e-19 8.09e-10 8.44e-03 9.92e-01 6.17e-15 1.00e-20 1.00e-20 1.00e-20 1.00e-20 
7.00e+14   64      0 1.48e-18 1.11e-09 1.00e-02 9.90e-01 2.75e-15 1.00e-20 1.00e-20 1.00e-20 1.00e-20 
7.38e+14   65     -1 0.00e+00 0.00e+00 0.00e+00 0.00e+00 0.00e+00 0.00e+00 0.00e+00 0.00e+00 0.00e+00 
7.79e+14   66     -1 0.00e+00 0.00e+00 0.00e+00 0.00e+00 0.00e+00 0.00e+00 0.00e+00 0.00e+00 0.00e+00 
