       r    i inwind      i01      i02      i03 
2.27e+13    0     -1 0.00e+00 0.00e+00 0.00e+00 
2.39e+13    1      0 1.00e-20 1.05e+02 1.13e+11 
2.52e+13    2      0 1.00e-20 1.09e+02 1.09e+11 
2.66e+13    3      0 1.00e-20 1.09e+02 1.05e+11 
2.81e+13    4      0 1.00e-20 1.07e+02 1.01e+11 
2.96e+13    5      0 1.00e-20 1.07e+02 9.63e+10 
3.13e+13    6      0 1.00e-20 1.07e+02 9.17e+10 
3.30e+13    7      0 1.00e-20 9.47e+01 8.71e+10 
3.48e+13    8      0 1.00e-20 9.90e+01 8.23e+10 
3.67e+13    9      0 1.00e-20 1.00e+02 7.73e+10 
3.87e+13   10      0 1.00e-20 9.02e+01 7.21e+10 
4.09e+13   11      0 1.00e-20 9.43e+01 6.68e+10 
4.31e+13   12      0 6.22e-10 9.22e+01 6.17e+10 
4.55e+13   13      0 7.02e-10 8.67e+01 5.65e+10 
4.80e+13   14      0 7.95e-10 8.94e+01 5.17e+10 
5.07e+13   15      0 9.14e-10 8.78e+01 4.74e+10 
5.34e+13   16      0 1.05e-09 8.78e+01 4.35e+10 
5.64e+13   17      0 1.24e-09 9.02e+01 3.99e+10 
5.95e+13   18      0 1.45e-09 9.37e+01 3.66e+10 
6.28e+13   19      0 2.74e-09 9.34e+01 3.35e+10 
6.62e+13   20      0 3.18e-09 9.96e+01 3.07e+10 
6.99e+13   21      0 3.63e-09 1.02e+02 2.80e+10 
7.37e+13   22      0 4.15e-09 1.07e+02 2.56e+10 
7.78e+13   23      0 5.00e-09 1.16e+02 2.35e+10 
8.20e+13   24      0 7.10e-09 1.24e+02 2.15e+10 
8.66e+13   25      0 9.15e-09 1.36e+02 1.96e+10 
9.13e+13   26      0 1.21e-08 1.55e+02 1.80e+10 
9.63e+13   27      0 2.00e-08 1.78e+02 1.64e+10 
1.02e+14   28      0 2.33e-08 1.93e+02 1.50e+10 
1.07e+14   29      0 3.00e-08 2.26e+02 1.38e+10 
1.13e+14   30      0 3.33e-08 2.39e+02 1.27e+10 
1.19e+14   31      0 4.20e-08 2.75e+02 1.17e+10 
1.26e+14   32      0 5.10e-08 3.10e+02 1.07e+10 
1.33e+14   33      0 5.81e-08 3.31e+02 9.84e+09 
1.40e+14   34      0 7.20e-08 3.77e+02 8.98e+09 
1.48e+14   35      0 7.77e-08 3.89e+02 8.16e+09 
1.56e+14   36      0 8.44e-08 4.14e+02 7.45e+09 
1.65e+14   37      0 9.59e-08 4.48e+02 6.83e+09 
1.74e+14   38      0 1.09e-07 4.84e+02 6.26e+09 
1.83e+14   39      0 1.29e-07 5.36e+02 5.77e+09 
1.93e+14   40      0 1.51e-07 5.90e+02 5.34e+09 
2.04e+14   41      0 1.79e-07 6.57e+02 4.94e+09 
2.15e+14   42      0 2.09e-07 7.24e+02 4.57e+09 
2.27e+14   43      0 2.45e-07 7.97e+02 4.26e+09 
2.40e+14   44      0 3.00e-07 9.06e+02 3.98e+09 
2.53e+14   45      0 3.68e-07 1.04e+03 3.75e+09 
2.67e+14   46      0 4.73e-07 1.22e+03 3.57e+09 
2.81e+14   47      0 6.20e-07 1.46e+03 3.39e+09 
2.97e+14   48      0 8.77e-07 1.85e+03 3.30e+09 
3.13e+14   49      0 1.31e-06 2.43e+03 3.22e+09 
3.30e+14   50      0 2.11e-06 3.40e+03 3.15e+09 
3.49e+14   51      0 3.51e-06 4.86e+03 3.10e+09 
3.68e+14   52      0 6.75e-06 7.89e+03 3.02e+09 
3.88e+14   53      0 1.13e-05 1.20e+04 2.72e+09 
4.09e+14   54      0 1.82e-05 1.86e+04 2.30e+09 
4.32e+14   55      0 4.79e-05 4.41e+04 1.95e+09 
4.56e+14   56      0 1.34e-04 1.14e+05 1.72e+09 
4.81e+14   57      0 2.94e-04 2.19e+05 1.57e+09 
5.07e+14   58      0 6.29e-04 3.89e+05 1.48e+09 
5.35e+14   59      0 7.99e-04 4.48e+05 1.27e+09 
5.65e+14   60      0 1.04e-03 5.28e+05 1.05e+09 
5.96e+14   61      0 1.65e-03 7.60e+05 8.85e+08 
6.28e+14   62      0 2.28e-03 9.26e+05 7.55e+08 
6.63e+14   63      0 3.01e-03 1.14e+06 5.95e+08 
7.00e+14   64      0 4.68e-03 1.54e+06 4.74e+08 
7.38e+14   65     -1 0.00e+00 0.00e+00 0.00e+00 
7.79e+14   66     -1 0.00e+00 0.00e+00 0.00e+00 
