       r    i inwind      i01      i02      i03 
2.27e+13    0     -1 0.00e+00 0.00e+00 0.00e+00 
2.39e+13    1      0 8.82e-32 9.24e-10 1.00e+00 
2.52e+13    2      0 9.17e-32 1.00e-09 1.00e+00 
2.66e+13    3      0 9.55e-32 1.04e-09 1.00e+00 
2.81e+13    4      0 9.94e-32 1.06e-09 1.00e+00 
2.96e+13    5      0 1.04e-31 1.11e-09 1.00e+00 
3.13e+13    6      0 1.09e-31 1.17e-09 1.00e+00 
3.30e+13    7      0 1.15e-31 1.09e-09 1.00e+00 
3.48e+13    8      0 1.21e-31 1.20e-09 1.00e+00 
3.67e+13    9      0 1.29e-31 1.30e-09 1.00e+00 
3.87e+13   10      0 1.39e-31 1.25e-09 1.00e+00 
4.09e+13   11      0 1.50e-31 1.41e-09 1.00e+00 
4.31e+13   12      0 1.01e-20 1.49e-09 1.00e+00 
4.55e+13   13      0 1.24e-20 1.53e-09 1.00e+00 
4.80e+13   14      0 1.54e-20 1.73e-09 1.00e+00 
5.07e+13   15      0 1.93e-20 1.85e-09 1.00e+00 
5.34e+13   16      0 2.42e-20 2.02e-09 1.00e+00 
5.64e+13   17      0 3.10e-20 2.26e-09 1.00e+00 
5.95e+13   18      0 3.97e-20 2.56e-09 1.00e+00 
6.28e+13   19      0 8.18e-20 2.79e-09 1.00e+00 
6.62e+13   20      0 1.04e-19 3.25e-09 1.00e+00 
6.99e+13   21      0 1.30e-19 3.65e-09 1.00e+00 
7.37e+13   22      0 1.62e-19 4.19e-09 1.00e+00 
7.78e+13   23      0 2.13e-19 4.93e-09 1.00e+00 
8.20e+13   24      0 3.31e-19 5.77e-09 1.00e+00 
8.66e+13   25      0 4.66e-19 6.90e-09 1.00e+00 
9.13e+13   26      0 6.73e-19 8.62e-09 1.00e+00 
9.63e+13   27      0 1.22e-18 1.09e-08 1.00e+00 
1.02e+14   28      0 1.55e-18 1.29e-08 1.00e+00 
1.07e+14   29      0 2.17e-18 1.64e-08 1.00e+00 
1.13e+14   30      0 2.63e-18 1.89e-08 1.00e+00 
1.19e+14   31      0 3.60e-18 2.36e-08 1.00e+00 
1.26e+14   32      0 4.76e-18 2.89e-08 1.00e+00 
1.33e+14   33      0 5.90e-18 3.37e-08 1.00e+00 
1.40e+14   34      0 8.02e-18 4.20e-08 1.00e+00 
1.48e+14   35      0 9.52e-18 4.77e-08 1.00e+00 
1.56e+14   36      0 1.13e-17 5.56e-08 1.00e+00 
1.65e+14   37      0 1.40e-17 6.57e-08 1.00e+00 
1.74e+14   38      0 1.75e-17 7.73e-08 1.00e+00 
1.83e+14   39      0 2.24e-17 9.28e-08 1.00e+00 
1.93e+14   40      0 2.83e-17 1.10e-07 1.00e+00 
2.04e+14   41      0 3.63e-17 1.33e-07 1.00e+00 
2.15e+14   42      0 4.57e-17 1.58e-07 1.00e+00 
2.27e+14   43      0 5.76e-17 1.87e-07 1.00e+00 
2.40e+14   44      0 7.53e-17 2.28e-07 1.00e+00 
2.53e+14   45      0 9.82e-17 2.76e-07 1.00e+00 
2.67e+14   46      0 1.33e-16 3.42e-07 1.00e+00 
2.81e+14   47      0 1.83e-16 4.31e-07 1.00e+00 
2.97e+14   48      0 2.65e-16 5.58e-07 1.00e+00 
3.13e+14   49      0 4.07e-16 7.54e-07 1.00e+00 
3.30e+14   50      0 6.68e-16 1.08e-06 1.00e+00 
3.49e+14   51      0 1.13e-15 1.57e-06 1.00e+00 
3.68e+14   52      0 2.24e-15 2.61e-06 1.00e+00 
3.88e+14   53      0 4.15e-15 4.40e-06 1.00e+00 
4.09e+14   54      0 7.94e-15 8.09e-06 1.00e+00 
4.32e+14   55      0 2.45e-14 2.26e-05 1.00e+00 
4.56e+14   56      0 7.80e-14 6.66e-05 1.00e+00 
4.81e+14   57      0 1.87e-13 1.39e-04 1.00e+00 
5.07e+14   58      0 4.25e-13 2.63e-04 1.00e+00 
5.35e+14   59      0 6.28e-13 3.53e-04 1.00e+00 
5.65e+14   60      0 9.94e-13 5.05e-04 9.99e-01 
5.96e+14   61      0 1.86e-12 8.58e-04 9.99e-01 
6.28e+14   62      0 3.02e-12 1.23e-03 9.99e-01 
6.63e+14   63      0 5.05e-12 1.90e-03 9.98e-01 
7.00e+14   64      0 9.84e-12 3.24e-03 9.97e-01 
7.38e+14   65     -1 0.00e+00 0.00e+00 0.00e+00 
7.79e+14   66     -1 0.00e+00 0.00e+00 0.00e+00 
