  i            r          v_r          rho          t_e          t_r
--- ------------ ------------ ------------ ------------ ------------
  0 3.667632e+12 5.177911e+07 0.000000e+00 0.000000e+00 0.000000e+00
  1 3.869505e+12 3.925683e+08 1.302040e-11 6.084140e+05 6.760156e+05
  2 4.082491e+12 9.109993e+08 1.239816e-11 5.910666e+05 6.567406e+05
  3 4.307199e+12 1.545078e+09 1.171437e-11 5.741795e+05 6.379773e+05
  4 4.544276e+12 2.198679e+09 1.096387e-11 5.576090e+05 6.195656e+05
  5 4.794401e+12 2.842677e+09 1.022267e-11 5.413134e+05 6.014593e+05
  6 5.058295e+12 3.457514e+09 9.547122e-12 5.257583e+05 5.841759e+05
  7 5.336713e+12 4.037258e+09 8.962932e-12 5.109527e+05 5.677252e+05
  8 5.630456e+12 4.615610e+09 8.479394e-12 4.961401e+05 5.512667e+05
  9 5.940368e+12 5.189710e+09 8.013695e-12 4.824314e+05 5.360349e+05
 10 6.267337e+12 5.720639e+09 7.591374e-12 4.689988e+05 5.211098e+05
 11 6.612304e+12 6.187269e+09 7.207466e-12 4.564306e+05 5.071451e+05
 12 6.976258e+12 6.619637e+09 6.844408e-12 4.443539e+05 4.937265e+05
 13 7.360245e+12 6.969542e+09 6.510846e-12 4.318477e+05 4.798308e+05
 14 7.765367e+12 7.262540e+09 6.208487e-12 4.195591e+05 4.661768e+05
 15 8.192788e+12 7.529034e+09 5.939000e-12 4.080648e+05 4.534054e+05
 16 8.643735e+12 7.754814e+09 5.701545e-12 3.967102e+05 4.407891e+05
 17 9.119503e+12 7.924840e+09 5.488824e-12 3.855179e+05 4.283532e+05
 18 9.621459e+12 8.063808e+09 5.294877e-12 3.748152e+05 4.164614e+05
 19 1.015104e+13 8.169860e+09 5.111577e-12 3.645316e+05 4.050351e+05
 20 1.070978e+13 8.224825e+09 4.932795e-12 3.541048e+05 3.934498e+05
 21 1.129926e+13 8.231245e+09 4.765185e-12 3.439174e+05 3.821304e+05
 22 1.192120e+13 8.201467e+09 4.604951e-12 3.343466e+05 3.714962e+05
 23 1.257736e+13 8.134886e+09 4.457033e-12 3.251371e+05 3.612635e+05
 24 1.326965e+13 8.023112e+09 4.318739e-12 3.159618e+05 3.510687e+05
 25 1.400003e+13 7.874615e+09 4.171349e-12 3.074471e+05 3.416079e+05
 26 1.477062e+13 7.700420e+09 4.024769e-12 2.997141e+05 3.330156e+05
 27 1.558363e+13 7.493480e+09 3.873365e-12 2.918341e+05 3.242601e+05
 28 1.644138e+13 7.254312e+09 3.716690e-12 2.843176e+05 3.159085e+05
 29 1.734634e+13 7.007958e+09 3.561703e-12 2.775786e+05 3.084207e+05
 30 1.830112e+13 6.732291e+09 3.411129e-12 2.704037e+05 3.004485e+05
 31 1.930845e+13 6.442570e+09 3.266858e-12 2.636359e+05 2.929287e+05
 32 2.037123e+13 6.153954e+09 3.130489e-12 2.569846e+05 2.855385e+05
 33 2.149250e+13 5.840827e+09 3.003137e-12 2.505284e+05 2.783649e+05
 34 2.267549e+13 5.546562e+09 2.880802e-12 2.443596e+05 2.715106e+05
 35 2.392359e+13 5.239610e+09 2.760905e-12 2.379340e+05 2.643711e+05
 36 2.524039e+13 4.924481e+09 2.648928e-12 2.314016e+05 2.571129e+05
 37 2.662967e+13 4.628685e+09 2.541427e-12 2.251753e+05 2.501948e+05
 38 2.809542e+13 4.342754e+09 2.436572e-12 2.188563e+05 2.431737e+05
 39 2.964185e+13 4.057754e+09 2.329268e-12 2.122495e+05 2.358328e+05
 40 3.127339e+13 3.778464e+09 2.215216e-12 2.059152e+05 2.287946e+05
 41 3.299474e+13 3.531460e+09 2.102389e-12 1.999472e+05 2.221635e+05
 42 3.481084e+13 3.309439e+09 1.986041e-12 1.937760e+05 2.153067e+05
 43 3.672690e+13 3.090410e+09 1.864002e-12 1.875139e+05 2.083488e+05
 44 3.874842e+13 2.910783e+09 1.736963e-12 1.815050e+05 2.016723e+05
 45 4.088120e+13 2.746656e+09 1.608260e-12 1.757253e+05 1.952503e+05
 46 4.313139e+13 2.613314e+09 1.484633e-12 1.699968e+05 1.888853e+05
 47 4.550542e+13 2.508616e+09 1.361136e-12 1.643406e+05 1.826006e+05
 48 4.801013e+13 2.411334e+09 1.244376e-12 1.588128e+05 1.764586e+05
 49 5.065270e+13 2.346698e+09 1.140305e-12 1.533637e+05 1.704041e+05
 50 5.344072e+13 2.283331e+09 1.045982e-12 1.480261e+05 1.644735e+05
 51 5.638221e+13 2.234066e+09 9.590268e-13 1.429609e+05 1.588454e+05
 52 5.948559e+13 2.202255e+09 8.795746e-13 1.378858e+05 1.532064e+05
 53 6.275980e+13 2.170056e+09 8.057976e-13 1.330348e+05 1.478164e+05
 54 6.621422e+13 2.159119e+09 7.372373e-13 1.284933e+05 1.427704e+05
 55 6.985878e+13 2.152761e+09 6.742619e-13 1.241076e+05 1.378973e+05
 56 7.370394e+13 2.153866e+09 6.166473e-13 1.199763e+05 1.333070e+05
 57 7.776075e+13 2.164662e+09 5.643898e-13 1.159843e+05 1.288715e+05
 58 8.204086e+13 2.173484e+09 5.164606e-13 1.123382e+05 1.248202e+05
 59 8.655655e+13 2.185177e+09 4.722883e-13 1.089350e+05 1.210388e+05
 60 9.132079e+13 2.205281e+09 4.320242e-13 1.056207e+05 1.173563e+05
 61 9.634727e+13 2.220339e+09 3.940541e-13 1.026556e+05 1.140617e+05
 62 1.016504e+14 2.237448e+09 3.616961e-13 9.981356e+04 1.109040e+05
 63 1.072454e+14 2.259385e+09 3.318275e-13 9.710778e+04 1.078975e+05
 64 1.131484e+14 2.266839e+09 3.045130e-13 9.457038e+04 1.050782e+05
 65 1.193764e+14 2.289348e+09 2.805783e-13 9.211835e+04 1.023537e+05
 66 1.259471e+14 2.299532e+09 2.579465e-13 8.980735e+04 9.978595e+04
 67 1.328794e+14 2.305163e+09 2.367963e-13 8.761288e+04 9.734765e+04
 68 1.401934e+14 2.320264e+09 2.160655e-13 8.547213e+04 9.496903e+04
 69 1.479099e+14 2.316726e+09 1.963150e-13 8.347151e+04 9.274612e+04
 70 1.560512e+14 2.318132e+09 1.792227e-13 8.156809e+04 9.063121e+04
 71 1.646405e+14 2.307847e+09 1.642970e-13 7.964355e+04 8.849283e+04
 72 1.737027e+14 2.292343e+09 1.506108e-13 7.788817e+04 8.654241e+04
 73 1.832636e+14 2.280095e+09 1.388819e-13 7.610040e+04 8.455600e+04
 74 1.933508e+14 2.256488e+09 1.283932e-13 7.435790e+04 8.261989e+04
 75 2.039932e+14 2.231739e+09 1.189302e-13 7.272934e+04 8.081038e+04
 76 2.152214e+14 2.195683e+09 1.100076e-13 7.106931e+04 7.896590e+04
 77 2.270676e+14 2.160944e+09 1.023587e-13 6.944606e+04 7.716228e+04
 78 2.395658e+14 2.128168e+09 9.561811e-14 6.783202e+04 7.536891e+04
 79 2.527520e+14 2.068453e+09 9.018503e-14 6.628266e+04 7.364740e+04
 80 2.666639e+14 2.028715e+09 8.572194e-14 6.477524e+04 7.197249e+04
 81 2.813417e+14 1.978908e+09 8.160907e-14 6.320782e+04 7.023091e+04
 82 2.968273e+14 1.925510e+09 7.943180e-14 6.165335e+04 6.850372e+04
 83 3.131652e+14 1.883300e+09 7.742454e-14 6.007290e+04 6.674767e+04
 84 3.304024e+14 1.818121e+09 7.581993e-14 5.848496e+04 6.498329e+04
 85 3.485884e+14 1.779076e+09 7.443222e-14 5.688266e+04 6.320296e+04
 86 3.677754e+14 1.763517e+09 7.255373e-14 5.518168e+04 6.131298e+04
 87 3.880185e+14 1.737603e+09 6.545614e-14 5.338634e+04 5.931815e+04
 88 4.093758e+14 1.742421e+09 5.518459e-14 5.162951e+04 5.736612e+04
 89 4.319086e+14 1.769754e+09 4.692578e-14 4.992665e+04 5.547406e+04
 90 4.556817e+14 1.762207e+09 4.130473e-14 4.825284e+04 5.361427e+04
 91 4.807634e+14 1.804849e+09 3.777224e-14 4.655302e+04 5.172558e+04
 92 5.072255e+14 1.855337e+09 3.557764e-14 4.478143e+04 4.975714e+04
 93 5.351442e+14 1.865751e+09 3.058316e-14 4.277421e+04 4.752690e+04
 94 5.645996e+14 1.958540e+09 2.514588e-14 4.080497e+04 4.533886e+04
 95 5.956763e+14 2.065760e+09 2.130316e-14 3.890829e+04 4.323143e+04
 96 6.284634e+14 2.122488e+09 1.817269e-14 3.703524e+04 4.115027e+04
 97 6.630553e+14 2.221381e+09 1.435055e-14 3.522398e+04 3.913775e+04
 98 6.995512e+14 2.339537e+09 1.144196e-14 3.366463e+04 3.740515e+04
 99 7.380558e+14 2.450129e+09 0.000000e+00 0.000000e+00 0.000000e+00
100 7.786799e+14 2.450129e+09 0.000000e+00 0.000000e+00 0.000000e+00
