       r    i inwind      i01      i02 
3.55e+12    0     -1 0.00e+00 0.00e+00 
3.73e+12    1      0 5.86e-11 1.00e+00 
3.91e+12    2      0 4.23e-11 1.00e+00 
4.11e+12    3      0 4.11e-11 1.00e+00 
4.31e+12    4      0 3.86e-11 1.00e+00 
4.52e+12    5      0 3.07e-11 1.00e+00 
4.75e+12    6      0 2.27e-11 1.00e+00 
4.99e+12    7      0 2.15e-11 1.00e+00 
5.23e+12    8      0 3.15e-11 1.00e+00 
5.49e+12    9      0 1.70e-11 1.00e+00 
5.77e+12   10      0 1.40e-11 1.00e+00 
6.05e+12   11      0 1.64e-11 1.00e+00 
6.36e+12   12      0 1.51e-11 1.00e+00 
6.67e+12   13      0 1.55e-11 1.00e+00 
7.00e+12   14      0 1.68e-11 1.00e+00 
7.35e+12   15      0 1.41e-11 1.00e+00 
7.72e+12   16      0 1.38e-11 1.00e+00 
8.10e+12   17      0 1.37e-11 1.00e+00 
8.51e+12   18      0 1.40e-11 1.00e+00 
8.93e+12   19      0 1.35e-11 1.00e+00 
9.37e+12   20      0 1.39e-11 1.00e+00 
9.84e+12   21      0 1.33e-11 1.00e+00 
1.03e+13   22      0 1.40e-11 1.00e+00 
1.08e+13   23      0 1.30e-11 1.00e+00 
1.14e+13   24      0 1.36e-11 1.00e+00 
1.19e+13   25      0 1.23e-11 1.00e+00 
1.25e+13   26      0 1.39e-11 1.00e+00 
1.32e+13   27      0 1.41e-11 1.00e+00 
1.38e+13   28      0 1.50e-11 1.00e+00 
1.45e+13   29      0 1.46e-11 1.00e+00 
1.52e+13   30      0 1.59e-11 1.00e+00 
1.60e+13   31      0 1.55e-11 1.00e+00 
1.68e+13   32      0 1.63e-11 1.00e+00 
1.76e+13   33      0 1.68e-11 1.00e+00 
1.85e+13   34      0 1.72e-11 1.00e+00 
1.94e+13   35      0 1.82e-11 1.00e+00 
2.04e+13   36      0 1.78e-11 1.00e+00 
2.14e+13   37      0 1.84e-11 1.00e+00 
2.25e+13   38      0 2.00e-11 1.00e+00 
2.36e+13   39      0 2.58e-11 1.00e+00 
2.48e+13   40      0 2.70e-11 1.00e+00 
2.60e+13   41      0 2.86e-11 1.00e+00 
2.73e+13   42      0 3.00e-11 1.00e+00 
2.86e+13   43      0 4.02e-11 1.00e+00 
3.01e+13   44      0 3.30e-11 1.00e+00 
3.16e+13   45      0 3.41e-11 1.00e+00 
3.31e+13   46      0 2.82e-11 1.00e+00 
3.48e+13   47      0 3.68e-11 1.00e+00 
3.65e+13   48      0 3.81e-11 1.00e+00 
3.83e+13   49      0 3.96e-11 1.00e+00 
4.02e+13   50      0 4.11e-11 1.00e+00 
4.22e+13   51      0 4.17e-11 1.00e+00 
4.43e+13   52      0 3.62e-11 1.00e+00 
4.65e+13   53      0 3.82e-11 1.00e+00 
4.88e+13   54      0 3.81e-11 1.00e+00 
5.13e+13   55      0 4.03e-11 1.00e+00 
5.38e+13   56      0 4.06e-11 1.00e+00 
5.65e+13   57      0 4.20e-11 1.00e+00 
5.93e+13   58      0 4.28e-11 1.00e+00 
6.23e+13   59      0 4.37e-11 1.00e+00 
6.54e+13   60      0 4.28e-11 1.00e+00 
6.86e+13   61      0 4.49e-11 1.00e+00 
7.20e+13   62      0 4.55e-11 1.00e+00 
7.56e+13   63      0 4.76e-11 1.00e+00 
7.94e+13   64      0 4.79e-11 1.00e+00 
8.33e+13   65      0 4.83e-11 1.00e+00 
8.75e+13   66      0 4.87e-11 1.00e+00 
9.18e+13   67      0 5.21e-11 1.00e+00 
9.64e+13   68      0 5.46e-11 1.00e+00 
1.01e+14   69      0 5.46e-11 1.00e+00 
1.06e+14   70      0 5.69e-11 1.00e+00 
1.11e+14   71      0 5.71e-11 1.00e+00 
1.17e+14   72      0 6.02e-11 1.00e+00 
1.23e+14   73      0 6.36e-11 1.00e+00 
1.29e+14   74      0 6.37e-11 1.00e+00 
1.35e+14   75      0 7.05e-11 1.00e+00 
1.42e+14   76      0 7.42e-11 1.00e+00 
1.49e+14   77      0 8.00e-11 1.00e+00 
1.57e+14   78      0 8.14e-11 1.00e+00 
1.64e+14   79      0 8.83e-11 1.00e+00 
1.73e+14   80      0 9.24e-11 1.00e+00 
1.81e+14   81      0 9.57e-11 1.00e+00 
1.90e+14   82      0 1.08e-10 1.00e+00 
2.00e+14   83      0 1.11e-10 1.00e+00 
2.10e+14   84      0 1.20e-10 1.00e+00 
2.20e+14   85      0 1.31e-10 1.00e+00 
2.31e+14   86      0 1.36e-10 1.00e+00 
2.42e+14   87      0 1.46e-10 1.00e+00 
2.55e+14   88      0 1.50e-10 1.00e+00 
2.67e+14   89      0 1.82e-10 1.00e+00 
2.80e+14   90      0 1.88e-10 1.00e+00 
2.94e+14   91      0 2.22e-10 1.00e+00 
3.09e+14   92      0 2.47e-10 1.00e+00 
3.24e+14   93      0 2.61e-10 1.00e+00 
3.41e+14   94      0 3.12e-10 1.00e+00 
3.58e+14   95      0 3.75e-10 1.00e+00 
3.75e+14   96      0 4.69e-10 1.00e+00 
3.94e+14   97      0 5.43e-10 1.00e+00 
4.14e+14   98      0 6.05e-10 1.00e+00 
4.34e+14   99      0 6.47e-10 1.00e+00 
4.56e+14  100      0 7.67e-10 1.00e+00 
4.78e+14  101      0 8.95e-10 1.00e+00 
5.02e+14  102      0 1.07e-09 1.00e+00 
5.27e+14  103      0 1.16e-09 1.00e+00 
5.53e+14  104      0 1.35e-09 1.00e+00 
5.81e+14  105      0 1.50e-09 1.00e+00 
6.10e+14  106      0 1.72e-09 1.00e+00 
6.40e+14  107      0 2.14e-09 1.00e+00 
6.72e+14  108     -1 0.00e+00 0.00e+00 
7.06e+14  109     -1 0.00e+00 0.00e+00 
