        r    i inwind converge       v_x       v_y       v_z   dv_x_dx   dv_y_dx   dv_z_dx   dv_x_dy   dv_y_dy   dv_z_dy   dv_x_dz   dv_y_dz   dv_z_dz     div_v  dvds_max     gamma    dfudge 
3.550e+12    0     -1        0  5.14e+06  0.00e+00  0.00e+00  0.00e+00  0.00e+00  0.00e+00  0.00e+00  0.00e+00  0.00e+00  0.00e+00  0.00e+00  0.00e+00  0.00e+00  0.00e+00  0.00e+00  0.00e+00 
3.726e+12    1      0        0  2.43e+08  0.00e+00  0.00e+00  9.43e-04 -1.52e-14  8.78e-04  0.00e+00  6.52e-05  0.00e+00  8.78e-04 -1.52e-14  9.43e-04  2.53e-03  2.29e-03  1.00e+00  1.00e+05 
3.911e+12    2      0        0  6.68e+08  0.00e+00  0.00e+00  1.38e-03 -3.00e-13  1.20e-03  0.00e+00  1.71e-04  0.00e+00  1.20e-03 -3.00e-13  1.38e-03  3.34e-03  2.87e-03  1.00e+00  1.00e+05 
4.106e+12    3      0        0  1.23e+09  0.00e+00  0.00e+00  1.59e-03 -1.77e-12  1.29e-03  0.00e+00  2.99e-04  0.00e+00  1.29e-03 -1.77e-12  1.59e-03  3.61e-03  2.89e-03  1.00e+00  1.00e+05 
4.310e+12    4      0        0  1.82e+09  0.00e+00  0.00e+00  1.62e-03 -5.49e-12  1.20e-03  0.00e+00  4.22e-04  0.00e+00  1.20e-03 -5.49e-12  1.62e-03  3.70e-03  2.83e-03  1.00e+00  1.00e+05 
4.525e+12    5      0        0  2.40e+09  0.00e+00  0.00e+00  1.60e-03 -1.22e-11  1.06e-03  0.00e+00  5.33e-04  0.00e+00  1.06e-03 -1.22e-11  1.60e-03  3.74e-03  2.68e-03  1.00e+00  1.00e+05 
4.750e+12    6      0        0  2.98e+09  0.00e+00  0.00e+00  1.56e-03 -2.23e-11  9.24e-04  0.00e+00  6.31e-04  0.00e+00  9.24e-04 -2.23e-11  1.56e-03  3.73e-03  2.51e-03  1.00e+00  1.00e+05 
4.986e+12    7      0        0  3.55e+09  0.00e+00  0.00e+00  1.48e-03 -3.58e-11  7.67e-04  0.00e+00  7.16e-04  0.00e+00  7.67e-04 -3.58e-11  1.48e-03  3.62e-03  2.29e-03  1.01e+00  1.00e+05 
5.234e+12    8      0        0  4.07e+09  0.00e+00  0.00e+00  1.43e-03 -5.20e-11  6.42e-04  0.00e+00  7.85e-04  0.00e+00  6.42e-04 -5.20e-11  1.43e-03  3.65e-03  2.11e-03  1.01e+00  1.00e+05 
5.495e+12    9      0        0  4.60e+09  0.00e+00  0.00e+00  1.40e-03 -7.17e-11  5.54e-04  0.00e+00  8.47e-04  0.00e+00  5.54e-04 -7.17e-11  1.40e-03  3.64e-03  2.01e-03  1.01e+00  1.00e+05 
5.768e+12   10      0        0  5.12e+09  0.00e+00  0.00e+00  1.36e-03 -9.47e-11  4.62e-04  0.00e+00  9.00e-04  0.00e+00  4.62e-04 -9.47e-11  1.36e-03  3.60e-03  1.88e-03  1.01e+00  1.00e+05 
6.055e+12   11      0        0  5.62e+09  0.00e+00  0.00e+00  1.27e-03 -1.21e-10  3.24e-04  0.00e+00  9.45e-04  0.00e+00  3.24e-04 -1.21e-10  1.27e-03  3.35e-03  1.66e-03  1.02e+00  1.00e+05 
6.356e+12   12      0        0  6.05e+09  0.00e+00  0.00e+00  1.16e-03 -1.44e-10  1.89e-04  0.00e+00  9.72e-04  0.00e+00  1.89e-04 -1.44e-10  1.16e-03  3.23e-03  1.41e-03  1.02e+00  1.00e+05 
6.672e+12   13      0        0  6.45e+09  0.00e+00  0.00e+00  1.08e-03 -1.68e-10  9.33e-05  0.00e+00  9.90e-04  0.00e+00  9.33e-05 -1.68e-10  1.08e-03  3.07e-03  1.24e-03  1.02e+00  1.00e+05 
7.004e+12   14      0        0  6.81e+09  0.00e+00  0.00e+00  9.84e-04 -1.90e-10 -1.43e-05  0.00e+00  9.98e-04  0.00e+00 -1.43e-05 -1.90e-10  9.84e-04  2.85e-03  1.03e-03  1.03e+00  1.00e+05 
7.353e+12   15      0        0  7.11e+09  0.00e+00  0.00e+00  8.84e-04 -2.07e-10 -1.12e-04  0.00e+00  9.95e-04  0.00e+00 -1.12e-04 -2.07e-10  8.84e-04  2.67e-03  9.95e-04  1.03e+00  1.00e+05 
7.719e+12   16      0        0  7.36e+09  0.00e+00  0.00e+00  8.15e-04 -2.20e-10 -1.69e-04  0.00e+00  9.84e-04  0.00e+00 -1.69e-04 -2.20e-10  8.15e-04  2.56e-03  9.84e-04  1.03e+00  1.00e+05 
8.103e+12   17      0        0  7.59e+09  0.00e+00  0.00e+00  7.62e-04 -2.31e-10 -2.06e-04  0.00e+00  9.69e-04  0.00e+00 -2.06e-04 -2.31e-10  7.62e-04  2.43e-03  9.69e-04  1.03e+00  1.00e+05 
8.506e+12   18      0        0  7.80e+09  0.00e+00  0.00e+00  6.91e-04 -2.39e-10 -2.58e-04  0.00e+00  9.49e-04  0.00e+00 -2.58e-04 -2.39e-10  6.91e-04  2.23e-03  9.49e-04  1.04e+00  1.00e+05 
8.929e+12   19      0        0  7.95e+09  0.00e+00  0.00e+00  6.21e-04 -2.42e-10 -3.02e-04  0.00e+00  9.23e-04  0.00e+00 -3.02e-04 -2.42e-10  6.21e-04  2.10e-03  9.23e-04  1.04e+00  1.00e+05 
9.373e+12   20      0        0  8.07e+09  0.00e+00  0.00e+00  5.71e-04 -2.43e-10 -3.24e-04  0.00e+00  8.94e-04  0.00e+00 -3.24e-04 -2.43e-10  5.71e-04  1.97e-03  8.94e-04  1.04e+00  1.00e+05 
9.839e+12   21      0        0  8.17e+09  0.00e+00  0.00e+00  5.18e-04 -2.40e-10 -3.45e-04  0.00e+00  8.63e-04  0.00e+00 -3.45e-04 -2.40e-10  5.18e-04  1.83e-03  8.63e-04  1.04e+00  1.00e+05 
1.033e+13   22      0        0  8.24e+09  0.00e+00  0.00e+00  4.58e-04 -2.35e-10 -3.72e-04  0.00e+00  8.30e-04  0.00e+00 -3.72e-04 -2.35e-10  4.58e-04  1.66e-03  8.30e-04  1.04e+00  1.00e+05 
1.084e+13   23      0        0  8.26e+09  0.00e+00  0.00e+00  3.98e-04 -2.25e-10 -3.94e-04  0.00e+00  7.92e-04  0.00e+00 -3.94e-04 -2.25e-10  3.98e-04  1.52e-03  7.92e-04  1.04e+00  1.00e+05 
1.138e+13   24      0        0  8.24e+09  0.00e+00  0.00e+00  3.50e-04 -2.14e-10 -4.04e-04  0.00e+00  7.53e-04  0.00e+00 -4.04e-04 -2.14e-10  3.50e-04  1.38e-03  7.53e-04  1.04e+00  1.00e+05 
1.195e+13   25      0        0  8.20e+09  0.00e+00  0.00e+00  3.06e-04 -2.00e-10 -4.07e-04  0.00e+00  7.13e-04  0.00e+00 -4.07e-04 -2.00e-10  3.06e-04  1.26e-03  7.13e-04  1.04e+00  1.00e+05 
1.254e+13   26      0        0  8.13e+09  0.00e+00  0.00e+00  2.58e-04 -1.85e-10 -4.15e-04  0.00e+00  6.73e-04  0.00e+00 -4.15e-04 -1.85e-10  2.58e-04  1.11e-03  6.73e-04  1.04e+00  1.00e+05 
1.317e+13   27      0        0  8.01e+09  0.00e+00  0.00e+00  2.14e-04 -1.68e-10 -4.17e-04  0.00e+00  6.31e-04  0.00e+00 -4.17e-04 -1.68e-10  2.14e-04  1.01e-03  6.31e-04  1.04e+00  1.00e+05 
1.382e+13   28      0        0  7.87e+09  0.00e+00  0.00e+00  1.81e-04 -1.51e-10 -4.09e-04  0.00e+00  5.90e-04  0.00e+00 -4.09e-04 -1.51e-10  1.81e-04  8.92e-04  5.90e-04  1.04e+00  1.00e+05 
1.451e+13   29      0        0  7.70e+09  0.00e+00  0.00e+00  1.49e-04 -1.35e-10 -4.00e-04  0.00e+00  5.49e-04  0.00e+00 -4.00e-04 -1.35e-10  1.49e-04  8.02e-04  5.49e-04  1.03e+00  1.00e+05 
1.523e+13   30      0        0  7.51e+09  0.00e+00  0.00e+00  1.17e-04 -1.19e-10 -3.92e-04  0.00e+00  5.10e-04  0.00e+00 -3.92e-04 -1.19e-10  1.17e-04  6.84e-04  5.10e-04  1.03e+00  1.00e+05 
1.599e+13   31      0        0  7.29e+09  0.00e+00  0.00e+00  9.02e-05 -1.03e-10 -3.80e-04  0.00e+00  4.70e-04  0.00e+00 -3.80e-04 -1.03e-10  9.02e-05  6.17e-04  4.70e-04  1.03e+00  1.00e+05 
1.678e+13   32      0        0  7.06e+09  0.00e+00  0.00e+00  6.97e-05 -8.87e-11 -3.63e-04  0.00e+00  4.33e-04  0.00e+00 -3.63e-04 -8.87e-11  6.97e-05  5.27e-04  4.33e-04  1.03e+00  1.00e+05 
1.762e+13   33      0        0  6.81e+09  0.00e+00  0.00e+00  4.72e-05 -7.54e-11 -3.50e-04  0.00e+00  3.97e-04  0.00e+00 -3.50e-04 -7.54e-11  4.72e-05  4.56e-04  3.97e-04  1.03e+00  1.00e+05 
1.850e+13   34      0        0  6.55e+09  0.00e+00  0.00e+00  3.48e-05 -6.34e-11 -3.28e-04  0.00e+00  3.63e-04  0.00e+00 -3.28e-04 -6.34e-11  3.48e-05  4.10e-04  3.63e-04  1.02e+00  1.00e+05 
1.942e+13   35      0        0  6.28e+09  0.00e+00  0.00e+00  2.10e-05 -5.32e-11 -3.10e-04  0.00e+00  3.31e-04  0.00e+00 -3.10e-04 -5.32e-11  2.10e-05  3.36e-04  3.31e-04  1.02e+00  1.00e+05 
2.038e+13   36      0        0  6.00e+09  0.00e+00  0.00e+00  5.41e-06 -4.39e-11 -2.95e-04  0.00e+00  3.00e-04  0.00e+00 -2.95e-04 -4.39e-11  5.41e-06  2.87e-04  3.02e-04  1.02e+00  1.00e+05 
2.140e+13   37      0        0  5.71e+09  0.00e+00  0.00e+00  2.87e-06 -3.59e-11 -2.69e-04  0.00e+00  2.72e-04  0.00e+00 -2.69e-04 -3.59e-11  2.87e-06  2.70e-04  2.77e-04  1.02e+00  1.00e+05 
2.246e+13   38      0        0  5.45e+09  0.00e+00  0.00e+00 -2.07e-06 -2.95e-11 -2.49e-04  0.00e+00  2.47e-04  0.00e+00 -2.49e-04 -2.95e-11 -2.07e-06  2.15e-04  2.62e-04  1.02e+00  1.00e+05 
2.358e+13   39      0        0  5.16e+09  0.00e+00  0.00e+00 -1.69e-05 -2.39e-11 -2.39e-04  0.00e+00  2.22e-04  0.00e+00 -2.39e-04 -2.39e-11 -1.69e-05  1.62e-04  2.67e-04  1.02e+00  1.00e+05 
2.475e+13   40      0        0  4.86e+09  0.00e+00  0.00e+00 -1.80e-05 -1.89e-11 -2.17e-04  0.00e+00  1.99e-04  0.00e+00 -2.17e-04 -1.89e-11 -1.80e-05  1.66e-04  2.43e-04  1.01e+00  1.00e+05 
2.598e+13   41      0        0  4.60e+09  0.00e+00  0.00e+00 -1.31e-05 -1.52e-11 -1.92e-04  0.00e+00  1.79e-04  0.00e+00 -1.92e-04 -1.52e-11 -1.31e-05  1.40e-04  2.11e-04  1.01e+00  1.00e+05 
2.728e+13   42      0        0  4.34e+09  0.00e+00  0.00e+00 -2.00e-05 -1.21e-11 -1.81e-04  0.00e+00  1.61e-04  0.00e+00 -1.81e-04 -1.21e-11 -2.00e-05  1.01e-04  2.07e-04  1.01e+00  1.00e+05 
2.863e+13   43      0        0  4.07e+09  0.00e+00  0.00e+00 -2.09e-05 -9.47e-12 -1.64e-04  0.00e+00  1.43e-04  0.00e+00 -1.64e-04 -9.47e-12 -2.09e-05  1.03e-04  1.90e-04  1.01e+00  1.00e+05 
3.006e+13   44      0        0  3.83e+09  0.00e+00  0.00e+00 -1.72e-05 -7.50e-12 -1.46e-04  0.00e+00  1.28e-04  0.00e+00 -1.46e-04 -7.50e-12 -1.72e-05  8.50e-05  1.66e-04  1.01e+00  1.00e+05 
3.155e+13   45      0        0  3.59e+09  0.00e+00  0.00e+00 -1.67e-05 -5.89e-12 -1.31e-04  0.00e+00  1.15e-04  0.00e+00 -1.31e-04 -5.89e-12 -1.67e-05  7.84e-05  1.51e-04  1.01e+00  1.00e+05 
3.312e+13   46      0        0  3.38e+09  0.00e+00  0.00e+00 -1.21e-05 -4.64e-12 -1.15e-04  0.00e+00  1.03e-04  0.00e+00 -1.15e-04 -4.64e-12 -1.21e-05  7.93e-05  1.29e-04  1.01e+00  1.00e+05 
3.477e+13   47      0        0  3.19e+09  0.00e+00  0.00e+00 -8.08e-06 -3.71e-12 -1.00e-04  0.00e+00  9.21e-05  0.00e+00 -1.00e-04 -3.71e-12 -8.08e-06  7.32e-05  1.10e-04  1.01e+00  1.00e+05 
3.650e+13   48      0        0  3.01e+09  0.00e+00  0.00e+00 -7.17e-06 -2.98e-12 -9.00e-05  0.00e+00  8.29e-05  0.00e+00 -9.00e-05 -2.98e-12 -7.17e-06  6.43e-05  9.85e-05  1.01e+00  1.00e+05 
3.832e+13   49      0        0  2.84e+09  0.00e+00  0.00e+00 -3.84e-06 -2.38e-12 -7.83e-05  0.00e+00  7.45e-05  0.00e+00 -7.83e-05 -2.38e-12 -3.84e-06  7.04e-05  8.37e-05  1.00e+00  1.00e+05 
4.022e+13   50      0        0  2.70e+09  0.00e+00  0.00e+00  2.81e-06 -1.96e-12 -6.47e-05  0.00e+00  6.75e-05  0.00e+00 -6.47e-05 -1.96e-12  2.81e-06  7.68e-05  6.75e-05  1.00e+00  1.00e+05 
4.222e+13   51      0        0  2.60e+09  0.00e+00  0.00e+00  5.54e-06 -1.65e-12 -5.63e-05  0.00e+00  6.18e-05  0.00e+00 -5.63e-05 -1.65e-12  5.54e-06  6.91e-05  6.18e-05  1.00e+00  1.00e+05 
4.432e+13   52      0        0  2.50e+09  0.00e+00  0.00e+00  5.97e-06 -1.39e-12 -5.06e-05  0.00e+00  5.65e-05  0.00e+00 -5.06e-05 -1.39e-12  5.97e-06  6.82e-05  5.65e-05  1.00e+00  1.00e+05 
4.653e+13   53      0        0  2.41e+09  0.00e+00  0.00e+00  9.96e-06 -1.19e-12 -4.20e-05  0.00e+00  5.19e-05  0.00e+00 -4.20e-05 -1.19e-12  9.96e-06  7.62e-05  5.19e-05  1.00e+00  1.00e+05 
4.884e+13   54      0        0  2.35e+09  0.00e+00  0.00e+00  1.27e-05 -1.06e-12 -3.56e-05  0.00e+00  4.83e-05  0.00e+00 -3.56e-05 -1.06e-12  1.27e-05  7.14e-05  4.83e-05  1.00e+00  1.00e+05 
5.127e+13   55      0        0  2.30e+09  0.00e+00  0.00e+00  1.14e-05 -9.41e-13 -3.36e-05  0.00e+00  4.50e-05  0.00e+00 -3.36e-05 -9.41e-13  1.14e-05  6.43e-05  4.50e-05  1.00e+00  1.00e+05 
5.382e+13   56      0        0  2.24e+09  0.00e+00  0.00e+00  1.23e-05 -8.30e-13 -2.95e-05  0.00e+00  4.18e-05  0.00e+00 -2.95e-05 -8.30e-13  1.23e-05  6.91e-05  4.18e-05  1.00e+00  1.00e+05 
5.650e+13   57      0        0  2.21e+09  0.00e+00  0.00e+00  1.43e-05 -7.58e-13 -2.49e-05  0.00e+00  3.92e-05  0.00e+00 -2.49e-05 -7.58e-13  1.43e-05  6.69e-05  3.92e-05  1.00e+00  1.00e+05 
5.931e+13   58      0        0  2.18e+09  0.00e+00  0.00e+00  1.45e-05 -6.96e-13 -2.25e-05  0.00e+00  3.69e-05  0.00e+00 -2.25e-05 -6.96e-13  1.45e-05  6.50e-05  3.69e-05  1.00e+00  1.00e+05 
6.226e+13   59      0        0  2.17e+09  0.00e+00  0.00e+00  1.47e-05 -6.45e-13 -2.01e-05  0.00e+00  3.49e-05  0.00e+00 -2.01e-05 -6.45e-13  1.47e-05  6.38e-05  3.49e-05  1.00e+00  1.00e+05 
6.536e+13   60      0        0  2.15e+09  0.00e+00  0.00e+00  1.52e-05 -6.04e-13 -1.78e-05  0.00e+00  3.30e-05  0.00e+00 -1.78e-05 -6.04e-13  1.52e-05  6.32e-05  3.30e-05  1.00e+00  1.00e+05 
6.861e+13   61      0        0  2.15e+09  0.00e+00  0.00e+00  1.54e-05 -5.72e-13 -1.60e-05  0.00e+00  3.14e-05  0.00e+00 -1.60e-05 -5.72e-13  1.54e-05  6.15e-05  3.14e-05  1.00e+00  1.00e+05 
7.203e+13   62      0        0  2.15e+09  0.00e+00  0.00e+00  1.56e-05 -5.46e-13 -1.43e-05  0.00e+00  2.99e-05  0.00e+00 -1.43e-05 -5.46e-13  1.56e-05  6.09e-05  2.99e-05  1.00e+00  1.00e+05 
7.561e+13   63      0        0  2.16e+09  0.00e+00  0.00e+00  1.55e-05 -5.26e-13 -1.32e-05  0.00e+00  2.86e-05  0.00e+00 -1.32e-05 -5.26e-13  1.55e-05  5.81e-05  2.86e-05  1.00e+00  1.00e+05 
7.937e+13   64      0        0  2.17e+09  0.00e+00  0.00e+00  1.51e-05 -5.07e-13 -1.23e-05  0.00e+00  2.74e-05  0.00e+00 -1.23e-05 -5.07e-13  1.51e-05  5.69e-05  2.74e-05  1.00e+00  1.00e+05 
8.332e+13   65      0        0  2.18e+09  0.00e+00  0.00e+00  1.49e-05 -4.92e-13 -1.13e-05  0.00e+00  2.62e-05  0.00e+00 -1.13e-05 -4.92e-13  1.49e-05  5.51e-05  2.62e-05  1.00e+00  1.00e+05 
8.746e+13   66      0        0  2.19e+09  0.00e+00  0.00e+00  1.44e-05 -4.79e-13 -1.07e-05  0.00e+00  2.52e-05  0.00e+00 -1.07e-05 -4.79e-13  1.44e-05  5.30e-05  2.52e-05  1.00e+00  1.00e+05 
9.181e+13   67      0        0  2.21e+09  0.00e+00  0.00e+00  1.36e-05 -4.66e-13 -1.06e-05  0.00e+00  2.41e-05  0.00e+00 -1.06e-05 -4.66e-13  1.36e-05  4.96e-05  2.41e-05  1.00e+00  1.00e+05 
9.638e+13   68      0        0  2.22e+09  0.00e+00  0.00e+00  1.32e-05 -4.51e-13 -9.89e-06  0.00e+00  2.31e-05  0.00e+00 -9.89e-06 -4.51e-13  1.32e-05  4.96e-05  2.31e-05  1.00e+00  1.00e+05 
1.012e+14   69      0        0  2.24e+09  0.00e+00  0.00e+00  1.30e-05 -4.41e-13 -9.20e-06  0.00e+00  2.22e-05  0.00e+00 -9.20e-06 -4.41e-13  1.30e-05  4.69e-05  2.22e-05  1.00e+00  1.00e+05 
1.062e+14   70      0        0  2.26e+09  0.00e+00  0.00e+00  1.18e-05 -4.30e-13 -9.57e-06  0.00e+00  2.13e-05  0.00e+00 -9.57e-06 -4.30e-13  1.18e-05  4.27e-05  2.13e-05  1.00e+00  1.00e+05 
1.115e+14   71      0        0  2.26e+09  0.00e+00  0.00e+00  1.15e-05 -4.13e-13 -8.88e-06  0.00e+00  2.04e-05  0.00e+00 -8.88e-06 -4.13e-13  1.15e-05  4.41e-05  2.04e-05  1.00e+00  1.00e+05 
1.170e+14   72      0        0  2.29e+09  0.00e+00  0.00e+00  1.13e-05 -4.05e-13 -8.31e-06  0.00e+00  1.96e-05  0.00e+00 -8.31e-06 -4.05e-13  1.13e-05  4.01e-05  1.96e-05  1.00e+00  1.00e+05 
1.229e+14   73      0        0  2.30e+09  0.00e+00  0.00e+00  1.00e-05 -3.91e-13 -8.73e-06  0.00e+00  1.88e-05  0.00e+00 -8.73e-06 -3.91e-13  1.00e-05  3.75e-05  1.88e-05  1.00e+00  1.00e+05 
1.290e+14   74      0        0  2.30e+09  0.00e+00  0.00e+00  9.77e-06 -3.75e-13 -8.14e-06  0.00e+00  1.79e-05  0.00e+00 -8.14e-06 -3.75e-13  9.77e-06  3.75e-05  1.79e-05  1.00e+00  1.00e+05 
1.354e+14   75      0        0  2.32e+09  0.00e+00  0.00e+00  9.27e-06 -3.65e-13 -7.91e-06  0.00e+00  1.72e-05  0.00e+00 -7.91e-06 -3.65e-13  9.27e-06  3.38e-05  1.72e-05  1.00e+00  1.00e+05 
1.421e+14   76      0        0  2.32e+09  0.00e+00  0.00e+00  8.30e-06 -3.49e-13 -8.07e-06  0.00e+00  1.64e-05  0.00e+00 -8.07e-06 -3.49e-13  8.30e-06  3.22e-05  1.64e-05  1.00e+00  1.00e+05 
1.492e+14   77      0        0  2.32e+09  0.00e+00  0.00e+00  7.78e-06 -3.33e-13 -7.83e-06  0.00e+00  1.56e-05  0.00e+00 -7.83e-06 -3.33e-13  7.78e-06  3.01e-05  1.56e-05  1.00e+00  1.00e+05 
1.566e+14   78      0        0  2.32e+09  0.00e+00  0.00e+00  6.87e-06 -3.16e-13 -7.99e-06  0.00e+00  1.49e-05  0.00e+00 -7.99e-06 -3.16e-13  6.87e-06  2.70e-05  1.49e-05  1.00e+00  1.00e+05 
1.644e+14   79      0        0  2.30e+09  0.00e+00  0.00e+00  6.27e-06 -2.95e-13 -7.79e-06  0.00e+00  1.41e-05  0.00e+00 -7.79e-06 -2.95e-13  6.27e-06  2.63e-05  1.41e-05  1.00e+00  1.00e+05 
1.726e+14   80      0        0  2.30e+09  0.00e+00  0.00e+00  6.01e-06 -2.78e-13 -7.33e-06  0.00e+00  1.33e-05  0.00e+00 -7.33e-06 -2.78e-13  6.01e-06  2.44e-05  1.33e-05  1.00e+00  1.00e+05 
1.812e+14   81      0        0  2.28e+09  0.00e+00  0.00e+00  5.30e-06 -2.60e-13 -7.34e-06  0.00e+00  1.26e-05  0.00e+00 -7.34e-06 -2.60e-13  5.30e-06  2.20e-05  1.26e-05  1.00e+00  1.00e+05 
1.902e+14   82      0        0  2.26e+09  0.00e+00  0.00e+00  4.82e-06 -2.40e-13 -7.10e-06  0.00e+00  1.19e-05  0.00e+00 -7.10e-06 -2.40e-13  4.82e-06  2.11e-05  1.19e-05  1.00e+00  1.00e+05 
1.997e+14   83      0        0  2.24e+09  0.00e+00  0.00e+00  4.38e-06 -2.23e-13 -6.88e-06  0.00e+00  1.13e-05  0.00e+00 -6.88e-06 -2.23e-13  4.38e-06  1.88e-05  1.13e-05  1.00e+00  1.00e+05 
2.096e+14   84      0        0  2.21e+09  0.00e+00  0.00e+00  3.70e-06 -2.04e-13 -6.88e-06  0.00e+00  1.06e-05  0.00e+00 -6.88e-06 -2.04e-13  3.70e-06  1.71e-05  1.06e-05  1.00e+00  1.00e+05 
2.200e+14   85      0        0  2.18e+09  0.00e+00  0.00e+00  3.45e-06 -1.85e-13 -6.46e-06  0.00e+00  9.91e-06  0.00e+00 -6.46e-06 -1.85e-13  3.45e-06  1.66e-05  9.91e-06  1.00e+00  1.00e+05 
2.310e+14   86      0        0  2.15e+09  0.00e+00  0.00e+00  2.96e-06 -1.70e-13 -6.36e-06  0.00e+00  9.32e-06  0.00e+00 -6.36e-06 -1.70e-13  2.96e-06  1.38e-05  9.32e-06  1.00e+00  1.00e+05 
2.425e+14   87      0        0  2.10e+09  0.00e+00  0.00e+00  2.44e-06 -1.51e-13 -6.24e-06  0.00e+00  8.68e-06  0.00e+00 -6.24e-06 -1.51e-13  2.44e-06  1.33e-05  8.68e-06  1.00e+00  1.00e+05 
2.545e+14   88      0        0  2.06e+09  0.00e+00  0.00e+00  2.49e-06 -1.35e-13 -5.61e-06  0.00e+00  8.10e-06  0.00e+00 -5.61e-06 -1.35e-13  2.49e-06  1.29e-05  8.10e-06  1.00e+00  1.00e+05 
2.672e+14   89      0        0  2.02e+09  0.00e+00  0.00e+00  2.09e-06 -1.22e-13 -5.50e-06  0.00e+00  7.59e-06  0.00e+00 -5.50e-06 -1.22e-13  2.09e-06  1.06e-05  7.59e-06  1.00e+00  1.00e+05 
2.805e+14   90      0        0  1.97e+09  0.00e+00  0.00e+00  1.82e-06 -1.08e-13 -5.21e-06  0.00e+00  7.03e-06  0.00e+00 -5.21e-06 -1.08e-13  1.82e-06  1.08e-05  7.03e-06  1.00e+00  1.00e+05 
2.944e+14   91      0        0  1.93e+09  0.00e+00  0.00e+00  1.84e-06 -9.66e-14 -4.73e-06  0.00e+00  6.57e-06  0.00e+00 -4.73e-06 -9.66e-14  1.84e-06  9.66e-06  6.57e-06  1.00e+00  1.00e+05 
3.091e+14   92      0        0  1.89e+09  0.00e+00  0.00e+00  1.36e-06 -8.58e-14 -4.75e-06  0.00e+00  6.11e-06  0.00e+00 -4.75e-06 -8.58e-14  1.36e-06  7.98e-06  6.11e-06  1.00e+00  1.00e+05 
3.244e+14   93      0        0  1.83e+09  0.00e+00  0.00e+00  1.43e-06 -7.44e-14 -4.22e-06  0.00e+00  5.65e-06  0.00e+00 -4.22e-06 -7.44e-14  1.43e-06  9.10e-06  5.65e-06  1.00e+00  1.00e+05 
3.406e+14   94      0        0  1.80e+09  0.00e+00  0.00e+00  1.93e-06 -6.75e-14 -3.36e-06  0.00e+00  5.29e-06  0.00e+00 -3.36e-06 -6.75e-14  1.93e-06  9.23e-06  5.29e-06  1.00e+00  1.00e+05 
3.575e+14   95      0        0  1.78e+09  0.00e+00  0.00e+00  1.95e-06 -6.24e-14 -3.04e-06  0.00e+00  4.99e-06  0.00e+00 -3.04e-06 -6.24e-14  1.95e-06  8.54e-06  4.99e-06  1.00e+00  1.00e+05 
3.753e+14   96      0        0  1.76e+09  0.00e+00  0.00e+00  1.77e-06 -5.74e-14 -2.93e-06  0.00e+00  4.70e-06  0.00e+00 -2.93e-06 -5.74e-14  1.77e-06  7.95e-06  4.70e-06  1.00e+00  1.00e+05 
3.940e+14   97      0        0  1.74e+09  0.00e+00  0.00e+00  2.34e-06 -5.27e-14 -2.08e-06  0.00e+00  4.42e-06  0.00e+00 -2.08e-06 -5.27e-14  2.34e-06  1.04e-05  4.42e-06  1.00e+00  1.00e+05 
4.136e+14   98      0        0  1.77e+09  0.00e+00  0.00e+00  2.64e-06 -5.31e-14 -1.66e-06  0.00e+00  4.29e-06  0.00e+00 -1.66e-06 -5.31e-14  2.64e-06  8.68e-06  4.29e-06  1.00e+00  1.00e+05 
4.342e+14   99      0        0  1.78e+09  0.00e+00  0.00e+00  2.17e-06 -5.11e-14 -1.93e-06  0.00e+00  4.10e-06  0.00e+00 -1.93e-06 -5.11e-14  2.17e-06  8.20e-06  4.10e-06  1.00e+00  1.00e+05 
4.558e+14  100      0        0  1.78e+09  0.00e+00  0.00e+00  2.62e-06 -4.90e-14 -1.30e-06  0.00e+00  3.92e-06  0.00e+00 -1.30e-06 -4.90e-14  2.62e-06  1.02e-05  3.92e-06  1.00e+00  1.00e+05 
4.784e+14  101      0        0  1.84e+09  0.00e+00  0.00e+00  2.82e-06 -5.12e-14 -1.02e-06  0.00e+00  3.85e-06  0.00e+00 -1.02e-06 -5.12e-14  2.82e-06  8.72e-06  3.85e-06  1.00e+00  1.00e+05 
5.022e+14  102      0        0  1.86e+09  0.00e+00  0.00e+00  2.45e-06 -5.10e-14 -1.27e-06  0.00e+00  3.72e-06  0.00e+00 -1.27e-06 -5.10e-14  2.45e-06  8.51e-06  3.72e-06  1.00e+00  1.00e+05 
5.272e+14  103      0        0  1.89e+09  0.00e+00  0.00e+00  2.82e-06 -5.10e-14 -7.78e-07  0.00e+00  3.60e-06  0.00e+00 -7.78e-07 -5.10e-14  2.82e-06  1.01e-05  3.60e-06  1.00e+00  1.00e+05 
5.535e+14  104      0        0  1.97e+09  0.00e+00  0.00e+00  3.38e-06 -5.46e-14 -1.89e-07  0.00e+00  3.57e-06  0.00e+00 -1.89e-07 -5.46e-14  3.38e-06  1.06e-05  3.57e-06  1.00e+00  1.00e+05 
5.810e+14  105      0        0  2.07e+09  0.00e+00  0.00e+00  3.17e-06 -6.01e-14 -4.00e-07  0.00e+00  3.56e-06  0.00e+00 -4.00e-07 -6.01e-14  3.17e-06  9.10e-06  3.56e-06  1.00e+00  1.00e+05 
6.099e+14  106      0        0  2.13e+09  0.00e+00  0.00e+00  2.92e-06 -6.23e-14 -5.72e-07  0.00e+00  3.49e-06  0.00e+00 -5.72e-07 -6.23e-14  2.92e-06  9.60e-06  3.49e-06  1.00e+00  1.00e+05 
6.402e+14  107      0        0  2.21e+09  0.00e+00  0.00e+00  3.18e-06 -6.64e-14 -2.71e-07  0.00e+00  3.45e-06  0.00e+00 -2.71e-07 -6.64e-14  3.18e-06  1.01e-05  3.45e-06  1.00e+00  1.00e+05 
6.721e+14  108     -1        0  2.31e+09  0.00e+00  0.00e+00  0.00e+00  0.00e+00  0.00e+00  0.00e+00  0.00e+00  0.00e+00  0.00e+00  0.00e+00  0.00e+00  0.00e+00  0.00e+00  0.00e+00  0.00e+00 
7.055e+14  109     -1        0  2.41e+09  0.00e+00  0.00e+00  0.00e+00  0.00e+00  0.00e+00  0.00e+00  0.00e+00  0.00e+00  0.00e+00  0.00e+00  0.00e+00  0.00e+00  0.00e+00  0.00e+00  0.00e+00 
