        r    i inwind converge       v_x       v_y       v_z       vol       rho        ne       t_e       t_r         w  ave_freq     j_bar   lum_tot  heat_tot heat_comp heat_lines   heat_ff heat_photo heat_auger  cool_tot cool_comp lum_lines   cool_dr    lum_ff   cool_rr cool_adiab heat_shock heat_lines_macro heat_photo_macro 
3.550e+12    0     -1        0  5.14e+06  0.00e+00  0.00e+00  0.00e+00  0.00e+00  0.00e+00  0.00e+00  0.00e+00  0.00e+00  0.00e+00  0.00e+00  0.00e+00  0.00e+00  0.00e+00  0.00e+00  0.00e+00  0.00e+00  0.00e+00  0.00e+00  0.00e+00  0.00e+00  0.00e+00  0.00e+00  0.00e+00  0.00e+00  0.00e+00  0.00e+00  0.00e+00 
3.726e+12    1      0        0  2.43e+08  0.00e+00  0.00e+00  3.40e+37  1.28e-11  6.54e+12  9.40e+05  9.43e+05  9.30e-01  7.53e+16  1.33e+19  4.35e+39  1.56e+43  1.50e+43  3.79e+34  3.83e+39  7.49e+38  0.00e+00  1.56e+43  1.56e+43  6.05e+34  0.00e+00  3.39e+39  9.60e+38  1.40e+38  0.00e+00  3.79e+34  4.83e+38 
3.911e+12    2      0        0  6.68e+08  0.00e+00  0.00e+00  3.93e+37  1.23e-11  6.30e+12  8.95e+05  8.96e+05  9.20e-01  7.16e+16  1.07e+19  4.61e+39  1.34e+43  1.28e+43  6.13e+34  4.55e+39  7.88e+38  0.00e+00  1.34e+43  1.34e+43  5.05e+34  0.00e+00  3.56e+39  1.05e+39  1.96e+38  0.00e+00  6.13e+34  5.01e+38 
4.106e+12    3      0        0  1.23e+09  0.00e+00  0.00e+00  4.55e+37  1.18e-11  6.03e+12  8.49e+05  8.51e+05  9.01e-01  6.79e+16  8.52e+18  4.80e+39  1.12e+43  1.07e+43  4.89e+34  5.14e+39  8.12e+38  0.00e+00  1.12e+43  1.12e+43  5.17e+34  0.00e+00  3.67e+39  1.13e+39  2.22e+38  0.00e+00  4.89e+34  5.09e+38 
4.310e+12    4      0        0  1.82e+09  0.00e+00  0.00e+00  5.27e+37  1.11e-11  5.68e+12  8.04e+05  8.06e+05  8.89e-01  6.43e+16  6.77e+18  4.86e+39  9.20e+42  8.79e+42  4.55e+34  5.64e+39  8.05e+38  0.00e+00  9.20e+42  9.19e+42  5.07e+34  0.00e+00  3.68e+39  1.18e+39  2.35e+38  0.00e+00  4.55e+34  4.92e+38 
4.525e+12    5      0        0  2.40e+09  0.00e+00  0.00e+00  6.11e+37  1.04e-11  5.34e+12  7.61e+05  7.63e+05  8.82e-01  6.09e+16  5.39e+18  4.89e+39  7.55e+42  7.20e+42  3.72e+34  6.13e+39  7.95e+38  0.00e+00  7.55e+42  7.55e+42  4.49e+34  0.00e+00  3.67e+39  1.22e+39  2.46e+38  0.00e+00  3.71e+34  4.77e+38 
4.750e+12    6      0        0  2.98e+09  0.00e+00  0.00e+00  7.08e+37  9.76e-12  5.01e+12  7.20e+05  7.21e+05  8.83e-01  5.76e+16  4.31e+18  4.90e+39  6.21e+42  5.91e+42  4.30e+34  6.63e+39  7.98e+38  0.00e+00  6.21e+42  6.21e+42  3.62e+34  0.00e+00  3.63e+39  1.27e+39  2.52e+38  0.00e+00  4.29e+34  4.76e+38 
4.986e+12    7      0        0  3.55e+09  0.00e+00  0.00e+00  8.21e+37  9.22e-12  4.73e+12  6.82e+05  6.82e+05  8.88e-01  5.45e+16  3.47e+18  4.99e+39  5.17e+42  4.91e+42  4.22e+34  7.36e+39  8.05e+38  0.00e+00  5.17e+42  5.17e+42  3.49e+34  0.00e+00  3.66e+39  1.33e+39  2.53e+38  0.00e+00  4.22e+34  4.70e+38 
5.234e+12    8      0        0  4.07e+09  0.00e+00  0.00e+00  9.52e+37  8.60e-12  4.41e+12  6.45e+05  6.44e+05  8.99e-01  5.15e+16  2.80e+18  4.95e+39  4.27e+42  4.04e+42  2.84e+34  7.99e+39  8.12e+38  0.00e+00  4.27e+42  4.27e+42  4.78e+34  0.00e+00  3.59e+39  1.36e+39  2.61e+38  0.00e+00  2.83e+34  4.81e+38 
5.495e+12    9      0        0  4.60e+09  0.00e+00  0.00e+00  1.10e+38  8.15e-12  4.18e+12  6.10e+05  6.09e+05  9.17e-01  4.86e+16  2.27e+18  5.08e+39  3.61e+42  3.40e+42  4.02e+34  8.95e+39  8.37e+38  0.00e+00  3.61e+42  3.61e+42  3.11e+34  0.00e+00  3.65e+39  1.44e+39  2.71e+38  0.00e+00  4.01e+34  4.93e+38 
5.768e+12   10      0        0  5.12e+09  0.00e+00  0.00e+00  1.28e+38  7.71e-12  3.95e+12  5.77e+05  5.75e+05  9.39e-01  4.59e+16  1.85e+18  5.19e+39  3.06e+42  2.87e+42  4.80e+34  9.83e+39  8.49e+38  0.00e+00  3.06e+42  3.06e+42  2.82e+34  0.00e+00  3.68e+39  1.51e+39  2.78e+38  0.00e+00  4.79e+34  5.10e+38 
6.055e+12   11      0        0  5.62e+09  0.00e+00  0.00e+00  1.49e+38  7.34e-12  3.76e+12  5.47e+05  5.44e+05  9.67e-01  4.34e+16  1.52e+18  5.38e+39  2.63e+42  2.45e+42  4.37e+34  1.10e+40  9.27e+38  0.00e+00  2.63e+42  2.63e+42  3.50e+34  0.00e+00  3.77e+39  1.61e+39  2.70e+38  0.00e+00  4.36e+34  5.55e+38 
6.356e+12   12      0        0  6.05e+09  0.00e+00  0.00e+00  1.72e+38  6.98e-12  3.58e+12  5.19e+05  5.14e+05  9.97e-01  4.11e+16  1.26e+18  5.55e+39  2.28e+42  2.11e+42  4.80e+34  1.21e+40  9.56e+38  0.00e+00  2.28e+42  2.27e+42  3.53e+34  0.00e+00  3.84e+39  1.70e+39  2.73e+38  0.00e+00  4.79e+34  5.72e+38 
6.672e+12   13      0        0  6.45e+09  0.00e+00  0.00e+00  2.00e+38  6.61e-12  3.39e+12  4.93e+05  4.87e+05  1.03e+00  3.89e+16  1.05e+18  5.69e+39  1.98e+42  1.82e+42  4.68e+34  1.33e+40  9.79e+38  0.00e+00  1.98e+42  1.97e+42  3.64e+34  0.00e+00  3.90e+39  1.79e+39  2.71e+38  0.00e+00  4.66e+34  5.69e+38 
7.004e+12   14      0        0  6.81e+09  0.00e+00  0.00e+00  2.32e+38  6.33e-12  3.25e+12  4.69e+05  4.61e+05  1.07e+00  3.68e+16  8.75e+17  5.97e+39  1.75e+42  1.60e+42  5.20e+34  1.49e+40  1.06e+39  0.00e+00  1.75e+42  1.74e+42  4.56e+34  0.00e+00  4.05e+39  1.92e+39  2.66e+38  0.00e+00  5.18e+34  6.22e+38 
7.353e+12   15      0        0  7.11e+09  0.00e+00  0.00e+00  2.69e+38  6.04e-12  3.10e+12  4.47e+05  4.37e+05  1.12e+00  3.49e+16  7.34e+17  6.22e+39  1.55e+42  1.40e+42  4.93e+34  1.64e+40  1.18e+39  0.00e+00  1.55e+42  1.54e+42  4.05e+34  0.00e+00  4.17e+39  2.05e+39  2.63e+38  0.00e+00  4.91e+34  6.91e+38 
7.719e+12   16      0        0  7.36e+09  0.00e+00  0.00e+00  3.12e+38  5.78e-12  2.96e+12  4.28e+05  4.15e+05  1.16e+00  3.31e+16  6.19e+17  6.51e+39  1.39e+42  1.24e+42  5.20e+34  1.82e+40  1.18e+39  0.00e+00  1.39e+42  1.38e+42  4.28e+34  0.00e+00  4.32e+39  2.19e+39  2.67e+38  0.00e+00  5.17e+34  6.68e+38 
8.103e+12   17      0        0  7.59e+09  0.00e+00  0.00e+00  3.62e+38  5.55e-12  2.85e+12  4.09e+05  3.94e+05  1.21e+00  3.14e+16  5.24e+17  6.88e+39  1.25e+42  1.11e+42  5.57e+34  2.03e+40  1.44e+39  0.00e+00  1.25e+42  1.25e+42  4.67e+34  0.00e+00  4.53e+39  2.36e+39  2.70e+38  0.00e+00  5.53e+34  7.65e+38 
8.506e+12   18      0        0  7.80e+09  0.00e+00  0.00e+00  4.19e+38  5.34e-12  2.74e+12  3.93e+05  3.74e+05  1.27e+00  2.99e+16  4.47e+17  7.29e+39  1.14e+42  9.98e+41  6.39e+34  2.26e+40  1.14e+39  0.00e+00  1.14e+42  1.13e+42  5.24e+34  0.00e+00  4.75e+39  2.54e+39  2.65e+38  0.00e+00  6.35e+34  8.17e+38 
8.929e+12   19      0        0  7.95e+09  0.00e+00  0.00e+00  4.85e+38  5.17e-12  2.65e+12  3.78e+05  3.55e+05  1.33e+00  2.84e+16  3.81e+17  7.83e+39  1.05e+42  9.07e+41  6.49e+34  2.53e+40  1.13e+39  0.00e+00  1.05e+42  1.04e+42  5.59e+34  0.00e+00  5.05e+39  2.78e+39  2.69e+38  0.00e+00  6.41e+34  9.11e+38 
9.373e+12   20      0        0  8.07e+09  0.00e+00  0.00e+00  5.62e+38  4.98e-12  2.55e+12  3.64e+05  3.37e+05  1.40e+00  2.69e+16  3.27e+17  8.32e+39  9.69e+41  8.22e+41  1.05e+35  2.78e+40  1.42e+39  0.00e+00  9.70e+41  9.62e+41  6.31e+34  0.00e+00  5.33e+39  2.99e+39  2.71e+38  0.00e+00  7.66e+34  8.98e+38 
9.839e+12   21      0        0  8.17e+09  0.00e+00  0.00e+00  6.51e+38  4.85e-12  2.48e+12  3.51e+05  3.21e+05  1.46e+00  2.57e+16  2.82e+17  8.86e+39  9.10e+41  7.60e+41  9.44e+34  3.13e+40  1.30e+39  0.00e+00  9.11e+41  9.01e+41  6.72e+34  0.00e+00  5.69e+39  3.17e+39  2.74e+38  0.00e+00  7.71e+34  9.70e+38 
1.033e+13   22      0        0  8.24e+09  0.00e+00  0.00e+00  7.53e+38  4.69e-12  2.40e+12  3.40e+05  3.06e+05  1.53e+00  2.45e+16  2.44e+17  9.51e+39  8.55e+41  7.01e+41  9.08e+34  3.48e+40  1.18e+39  0.00e+00  8.55e+41  8.45e+41  7.69e+34  0.00e+00  6.06e+39  3.45e+39  2.69e+38  0.00e+00  8.73e+34  1.08e+39 
1.084e+13   23      0        0  8.26e+09  0.00e+00  0.00e+00  8.71e+38  4.56e-12  2.34e+12  3.30e+05  2.92e+05  1.61e+00  2.33e+16  2.12e+17  1.03e+40  8.13e+41  6.54e+41  9.76e+34  3.87e+40  1.23e+39  0.00e+00  8.13e+41  8.02e+41  7.95e+34  0.00e+00  6.53e+39  3.78e+39  2.70e+38  0.00e+00  9.60e+34  1.20e+39 
1.138e+13   24      0        0  8.24e+09  0.00e+00  0.00e+00  1.01e+39  4.41e-12  2.26e+12  3.21e+05  2.79e+05  1.70e+00  2.23e+16  1.85e+17  1.11e+40  7.73e+41  6.09e+41  1.14e+35  4.22e+40  1.52e+39  0.00e+00  7.73e+41  7.62e+41  9.05e+34  0.00e+00  6.95e+39  4.10e+39  2.67e+38  0.00e+00  1.08e+35  1.32e+39 
1.195e+13   25      0        0  8.20e+09  0.00e+00  0.00e+00  1.16e+39  4.29e-12  2.20e+12  3.13e+05  2.66e+05  1.79e+00  2.13e+16  1.62e+17  1.20e+40  7.46e+41  5.74e+41  1.54e+35  4.64e+40  2.08e+39  0.00e+00  7.46e+41  7.34e+41  8.83e+34  0.00e+00  7.52e+39  4.51e+39  2.68e+38  0.00e+00  1.30e+35  1.52e+39 
1.254e+13   26      0        0  8.13e+09  0.00e+00  0.00e+00  1.35e+39  4.16e-12  2.13e+12  3.06e+05  2.55e+05  1.88e+00  2.03e+16  1.43e+17  1.29e+40  7.22e+41  5.44e+41  1.68e+35  5.09e+40  1.96e+39  0.00e+00  7.22e+41  7.09e+41  1.18e+35  0.00e+00  8.04e+39  4.88e+39  2.58e+38  0.00e+00  1.35e+35  1.59e+39 
1.317e+13   27      0        0  8.01e+09  0.00e+00  0.00e+00  1.55e+39  4.06e-12  2.08e+12  3.00e+05  2.44e+05  1.97e+00  1.95e+16  1.26e+17  1.41e+40  7.07e+41  5.20e+41  1.96e+35  5.61e+40  2.24e+39  0.00e+00  7.07e+41  6.92e+41  1.32e+35  0.00e+00  8.73e+39  5.36e+39  2.59e+38  0.00e+00  1.70e+35  1.84e+39 
1.382e+13   28      0        0  7.87e+09  0.00e+00  0.00e+00  1.80e+39  3.93e-12  2.01e+12  2.95e+05  2.34e+05  2.06e+00  1.87e+16  1.12e+17  1.52e+40  6.91e+41  4.97e+41  2.15e+35  6.04e+40  2.44e+39  0.00e+00  6.91e+41  6.75e+41  1.57e+35  0.00e+00  9.35e+39  5.81e+39  2.51e+38  0.00e+00  1.83e+35  2.00e+39 
1.451e+13   29      0        0  7.70e+09  0.00e+00  0.00e+00  2.07e+39  3.82e-12  1.96e+12  2.90e+05  2.25e+05  2.16e+00  1.80e+16  1.00e+17  1.65e+40  6.83e+41  4.80e+41  2.35e+35  6.57e+40  2.61e+39  0.00e+00  6.83e+41  6.66e+41  1.64e+35  0.00e+00  1.01e+40  6.36e+39  2.49e+38  0.00e+00  1.99e+35  2.13e+39 
1.523e+13   30      0        0  7.51e+09  0.00e+00  0.00e+00  2.40e+39  3.70e-12  1.89e+12  2.85e+05  2.17e+05  2.26e+00  1.73e+16  9.00e+16  1.78e+40  6.76e+41  4.64e+41  2.65e+35  7.06e+40  2.81e+39  0.00e+00  6.76e+41  6.57e+41  1.94e+35  0.00e+00  1.09e+40  6.90e+39  2.34e+38  0.00e+00  2.21e+35  2.30e+39 
1.599e+13   31      0        0  7.29e+09  0.00e+00  0.00e+00  2.77e+39  3.58e-12  1.83e+12  2.81e+05  2.09e+05  2.35e+00  1.67e+16  8.10e+16  1.92e+40  6.71e+41  4.50e+41  3.00e+35  7.53e+40  3.03e+39  0.00e+00  6.71e+41  6.51e+41  2.12e+35  0.00e+00  1.17e+40  7.48e+39  2.33e+38  0.00e+00  2.44e+35  2.48e+39 
1.678e+13   32      0        0  7.06e+09  0.00e+00  0.00e+00  3.19e+39  3.45e-12  1.77e+12  2.77e+05  2.02e+05  2.44e+00  1.61e+16  7.32e+16  2.05e+40  6.67e+41  4.38e+41  3.32e+35  7.98e+40  3.12e+39  0.00e+00  6.67e+41  6.46e+41  2.50e+35  0.00e+00  1.24e+40  8.04e+39  2.18e+38  0.00e+00  2.62e+35  2.53e+39 
1.762e+13   33      0        0  6.81e+09  0.00e+00  0.00e+00  3.69e+39  3.34e-12  1.71e+12  2.73e+05  1.95e+05  2.53e+00  1.56e+16  6.63e+16  2.20e+40  6.67e+41  4.30e+41  3.73e+35  8.44e+40  3.35e+39  0.00e+00  6.67e+41  6.44e+41  2.84e+35  0.00e+00  1.33e+40  8.69e+39  2.08e+38  0.00e+00  2.86e+35  2.72e+39 
1.850e+13   34      0        0  6.55e+09  0.00e+00  0.00e+00  4.25e+39  3.22e-12  1.65e+12  2.70e+05  1.89e+05  2.61e+00  1.51e+16  6.04e+16  2.35e+40  6.68e+41  4.23e+41  4.36e+35  8.90e+40  3.71e+39  0.00e+00  6.68e+41  6.44e+41  3.11e+35  0.00e+00  1.42e+40  9.33e+39  2.05e+38  0.00e+00  3.25e+35  3.03e+39 
1.942e+13   35      0        0  6.28e+09  0.00e+00  0.00e+00  4.91e+39  3.10e-12  1.59e+12  2.66e+05  1.84e+05  2.69e+00  1.47e+16  5.52e+16  2.51e+40  6.72e+41  4.18e+41  5.00e+35  9.37e+40  3.98e+39  0.00e+00  6.71e+41  6.46e+41  3.61e+35  0.00e+00  1.51e+40  1.00e+40  1.84e+38  0.00e+00  3.63e+35  3.25e+39 
2.038e+13   36      0        0  6.00e+09  0.00e+00  0.00e+00  5.67e+39  3.00e-12  1.53e+12  2.63e+05  1.79e+05  2.75e+00  1.43e+16  5.05e+16  2.70e+40  6.79e+41  4.16e+41  5.74e+35  9.90e+40  4.29e+39  0.00e+00  6.78e+41  6.51e+41  3.95e+35  0.00e+00  1.62e+40  1.08e+40  1.74e+38  0.00e+00  4.02e+35  3.50e+39 
2.140e+13   37      0        0  5.71e+09  0.00e+00  0.00e+00  6.55e+39  2.89e-12  1.48e+12  2.59e+05  1.74e+05  2.80e+00  1.39e+16  4.62e+16  2.88e+40  6.85e+41  4.13e+41  6.73e+35  1.04e+41  4.42e+39  0.00e+00  6.84e+41  6.55e+41  4.55e+35  0.00e+00  1.72e+40  1.16e+40  1.79e+38  0.00e+00  4.60e+35  3.58e+39 
2.246e+13   38      0        0  5.45e+09  0.00e+00  0.00e+00  7.56e+39  2.79e-12  1.43e+12  2.56e+05  1.70e+05  2.85e+00  1.35e+16  4.25e+16  3.10e+40  6.94e+41  4.14e+41  7.56e+35  1.09e+41  4.94e+39  0.00e+00  6.94e+41  6.62e+41  5.41e+35  0.00e+00  1.85e+40  1.26e+40  1.57e+38  0.00e+00  4.94e+35  4.04e+39 
2.358e+13   39      0        0  5.16e+09  0.00e+00  0.00e+00  8.73e+39  2.69e-12  1.38e+12  2.52e+05  1.66e+05  2.88e+00  1.32e+16  3.90e+16  3.31e+40  7.00e+41  4.13e+41  7.58e+35  1.14e+41  5.34e+39  0.00e+00  7.00e+41  6.67e+41  7.30e+35  0.00e+00  1.96e+40  1.35e+40  1.30e+38  0.00e+00  4.37e+35  4.37e+39 
2.475e+13   40      0        0  4.86e+09  0.00e+00  0.00e+00  1.01e+40  2.60e-12  1.33e+12  2.48e+05  1.62e+05  2.90e+00  1.29e+16  3.58e+16  3.56e+40  7.09e+41  4.15e+41  9.19e+35  1.19e+41  5.79e+39  0.00e+00  7.09e+41  6.73e+41  8.50e+35  0.00e+00  2.10e+40  1.46e+40  1.47e+38  0.00e+00  5.29e+35  4.76e+39 
2.598e+13   41      0        0  4.60e+09  0.00e+00  0.00e+00  1.17e+40  2.51e-12  1.28e+12  2.44e+05  1.58e+05  2.90e+00  1.26e+16  3.28e+16  3.80e+40  7.14e+41  4.14e+41  1.09e+36  1.24e+41  6.24e+39  0.00e+00  7.14e+41  6.75e+41  9.91e+35  0.00e+00  2.23e+40  1.56e+40  1.35e+38  0.00e+00  6.09e+35  5.13e+39 
2.728e+13   42      0        0  4.34e+09  0.00e+00  0.00e+00  1.35e+40  2.42e-12  1.24e+12  2.40e+05  1.55e+05  2.89e+00  1.24e+16  3.00e+16  4.07e+40  7.18e+41  4.14e+41  1.30e+36  1.29e+41  6.73e+39  0.00e+00  7.18e+41  6.77e+41  1.16e+36  0.00e+00  2.38e+40  1.69e+40  1.07e+38  0.00e+00  7.05e+35  5.54e+39 
2.863e+13   43      0        0  4.07e+09  0.00e+00  0.00e+00  1.56e+40  2.33e-12  1.19e+12  2.36e+05  1.52e+05  2.86e+00  1.21e+16  2.73e+16  4.35e+40  7.20e+41  4.12e+41  1.86e+36  1.34e+41  7.30e+39  0.00e+00  7.19e+41  6.75e+41  1.62e+36  0.00e+00  2.54e+40  1.81e+40  1.20e+38  0.00e+00  1.12e+36  6.02e+39 
3.006e+13   44      0        0  3.83e+09  0.00e+00  0.00e+00  1.80e+40  2.23e-12  1.14e+12  2.31e+05  1.49e+05  2.82e+00  1.19e+16  2.48e+16  4.59e+40  7.12e+41  4.06e+41  1.77e+36  1.37e+41  7.75e+39  0.00e+00  7.12e+41  6.66e+41  1.59e+36  0.00e+00  2.66e+40  1.93e+40  1.07e+38  0.00e+00  8.60e+35  6.39e+39 
3.155e+13   45      0        0  3.59e+09  0.00e+00  0.00e+00  2.08e+40  2.14e-12  1.10e+12  2.27e+05  1.46e+05  2.77e+00  1.16e+16  2.24e+16  4.86e+40  7.03e+41  3.99e+41  2.14e+36  1.40e+41  8.35e+39  0.00e+00  7.03e+41  6.54e+41  1.86e+36  0.00e+00  2.80e+40  2.05e+40  1.07e+38  0.00e+00  9.99e+35  6.88e+39 
3.312e+13   46      0        0  3.38e+09  0.00e+00  0.00e+00  2.40e+40  2.04e-12  1.05e+12  2.22e+05  1.43e+05  2.70e+00  1.14e+16  2.01e+16  5.07e+40  6.85e+41  3.87e+41  2.73e+36  1.41e+41  8.86e+39  0.00e+00  6.84e+41  6.33e+41  1.90e+36  0.00e+00  2.91e+40  2.16e+40  1.17e+38  0.00e+00  1.31e+36  7.31e+39 
3.477e+13   47      0        0  3.19e+09  0.00e+00  0.00e+00  2.78e+40  1.95e-12  9.96e+11  2.17e+05  1.39e+05  2.63e+00  1.11e+16  1.80e+16  5.28e+40  6.62e+41  3.73e+41  3.01e+36  1.42e+41  9.25e+39  0.00e+00  6.62e+41  6.08e+41  2.53e+36  0.00e+00  3.01e+40  2.27e+40  1.16e+38  0.00e+00  1.25e+36  7.63e+39 
3.650e+13   48      0        0  3.01e+09  0.00e+00  0.00e+00  3.21e+40  1.84e-12  9.43e+11  2.12e+05  1.37e+05  2.54e+00  1.09e+16  1.60e+16  5.42e+40  6.33e+41  3.55e+41  3.47e+36  1.40e+41  9.62e+39  0.00e+00  6.32e+41  5.77e+41  2.97e+36  0.00e+00  3.07e+40  2.35e+40  1.09e+38  0.00e+00  1.33e+36  7.93e+39 
3.832e+13   49      0        0  2.84e+09  0.00e+00  0.00e+00  3.71e+40  1.73e-12  8.88e+11  2.07e+05  1.34e+05  2.44e+00  1.07e+16  1.41e+16  5.52e+40  5.99e+41  3.34e+41  4.09e+36  1.37e+41  9.98e+39  0.00e+00  5.98e+41  5.42e+41  3.47e+36  0.00e+00  3.11e+40  2.41e+40  1.27e+38  0.00e+00  1.45e+36  8.18e+39 
4.022e+13   50      0        0  2.70e+09  0.00e+00  0.00e+00  4.29e+40  1.62e-12  8.30e+11  2.01e+05  1.31e+05  2.34e+00  1.05e+16  1.24e+16  5.55e+40  5.59e+41  3.11e+41  4.67e+36  1.32e+41  1.02e+40  0.00e+00  5.59e+41  5.02e+41  4.01e+36  0.00e+00  3.10e+40  2.44e+40  1.46e+38  0.00e+00  1.50e+36  8.33e+39 
4.222e+13   51      0        0  2.60e+09  0.00e+00  0.00e+00  4.96e+40  1.51e-12  7.73e+11  1.96e+05  1.28e+05  2.25e+00  1.02e+16  1.09e+16  5.51e+40  5.17e+41  2.87e+41  5.49e+36  1.26e+41  1.02e+40  0.00e+00  5.17e+41  4.61e+41  4.62e+36  0.00e+00  3.06e+40  2.45e+40  1.37e+38  0.00e+00  1.66e+36  8.38e+39 
4.432e+13   52      0        0  2.50e+09  0.00e+00  0.00e+00  5.74e+40  1.40e-12  7.19e+11  1.91e+05  1.25e+05  2.15e+00  9.99e+15  9.49e+15  5.47e+40  4.76e+41  2.63e+41  6.49e+36  1.20e+41  1.02e+40  0.00e+00  4.76e+41  4.20e+41  5.09e+36  0.00e+00  3.02e+40  2.45e+40  1.42e+38  0.00e+00  1.87e+36  8.32e+39 
4.653e+13   53      0        0  2.41e+09  0.00e+00  0.00e+00  6.64e+40  1.30e-12  6.64e+11  1.85e+05  1.22e+05  2.05e+00  9.75e+15  8.25e+15  5.36e+40  4.34e+41  2.39e+41  7.34e+36  1.13e+41  1.01e+40  0.00e+00  4.34e+41  3.80e+41  5.95e+36  0.00e+00  2.93e+40  2.43e+40  1.64e+38  0.00e+00  1.89e+36  8.24e+39 
4.884e+13   54      0        0  2.35e+09  0.00e+00  0.00e+00  7.68e+40  1.20e-12  6.12e+11  1.80e+05  1.19e+05  1.96e+00  9.52e+15  7.16e+15  5.23e+40  3.95e+41  2.16e+41  8.36e+36  1.06e+41  1.01e+40  0.00e+00  3.95e+41  3.42e+41  6.93e+36  0.00e+00  2.84e+40  2.39e+40  1.60e+38  0.00e+00  1.89e+36  8.26e+39 
5.127e+13   55      0        0  2.30e+09  0.00e+00  0.00e+00  8.88e+40  1.11e-12  5.66e+11  1.75e+05  1.16e+05  1.87e+00  9.30e+15  6.21e+15  5.12e+40  3.60e+41  1.96e+41  9.39e+36  9.94e+40  9.96e+39  0.00e+00  3.60e+41  3.08e+41  8.39e+36  0.00e+00  2.76e+40  2.36e+40  1.49e+38  0.00e+00  1.89e+36  8.10e+39 
5.382e+13   56      0        0  2.24e+09  0.00e+00  0.00e+00  1.03e+41  1.02e-12  5.22e+11  1.70e+05  1.14e+05  1.77e+00  9.09e+15  5.38e+15  5.01e+40  3.27e+41  1.77e+41  1.09e+37  9.31e+40  9.71e+39  0.00e+00  3.27e+41  2.76e+41  9.85e+36  0.00e+00  2.68e+40  2.33e+40  1.66e+38  0.00e+00  2.00e+36  7.86e+39 
5.650e+13   57      0        0  2.21e+09  0.00e+00  0.00e+00  1.19e+41  9.43e-13  4.83e+11  1.65e+05  1.11e+05  1.69e+00  8.88e+15  4.66e+15  4.91e+40  2.98e+41  1.60e+41  1.26e+37  8.77e+40  9.65e+39  0.00e+00  2.98e+41  2.48e+41  1.18e+37  0.00e+00  2.60e+40  2.31e+40  1.67e+38  0.00e+00  2.02e+36  7.80e+39 
5.931e+13   58      0        0  2.18e+09  0.00e+00  0.00e+00  1.37e+41  8.72e-13  4.46e+11  1.60e+05  1.09e+05  1.60e+00  8.68e+15  4.02e+15  4.81e+40  2.72e+41  1.44e+41  1.45e+37  8.22e+40  9.63e+39  0.00e+00  2.71e+41  2.22e+41  1.44e+37  0.00e+00  2.53e+40  2.28e+40  1.68e+38  0.00e+00  2.04e+36  7.80e+39 
6.226e+13   59      0        0  2.17e+09  0.00e+00  0.00e+00  1.59e+41  8.05e-13  4.12e+11  1.55e+05  1.06e+05  1.52e+00  8.47e+15  3.47e+15  4.70e+40  2.47e+41  1.30e+41  1.66e+37  7.68e+40  9.47e+39  0.00e+00  2.47e+41  1.99e+41  1.76e+37  0.00e+00  2.45e+40  2.25e+40  1.71e+38  0.00e+00  1.99e+36  7.70e+39 
6.536e+13   60      0        0  2.15e+09  0.00e+00  0.00e+00  1.84e+41  7.44e-13  3.81e+11  1.50e+05  1.04e+05  1.44e+00  8.28e+15  2.99e+15  4.61e+40  2.25e+41  1.17e+41  1.96e+37  7.23e+40  9.46e+39  0.00e+00  2.25e+41  1.78e+41  2.12e+37  0.00e+00  2.38e+40  2.22e+40  1.76e+38  0.00e+00  2.13e+36  7.69e+39 
6.861e+13   61      0        0  2.15e+09  0.00e+00  0.00e+00  2.13e+41  6.85e-13  3.51e+11  1.46e+05  1.01e+05  1.36e+00  8.09e+15  2.58e+15  4.47e+40  2.04e+41  1.05e+41  2.26e+37  6.73e+40  9.39e+39  0.00e+00  2.04e+41  1.58e+41  2.56e+37  0.00e+00  2.29e+40  2.18e+40  1.77e+38  0.00e+00  2.19e+36  7.65e+39 
7.203e+13   62      0        0  2.15e+09  0.00e+00  0.00e+00  2.46e+41  6.31e-13  3.23e+11  1.41e+05  9.91e+04  1.28e+00  7.91e+15  2.23e+15  4.36e+40  1.86e+41  9.47e+40  2.68e+37  6.29e+40  9.38e+39  0.00e+00  1.86e+41  1.41e+41  3.06e+37  0.00e+00  2.21e+40  2.14e+40  1.81e+38  0.00e+00  2.33e+36  7.59e+39 
7.561e+13   63      0        0  2.16e+09  0.00e+00  0.00e+00  2.85e+41  5.82e-13  2.98e+11  1.37e+05  9.69e+04  1.21e+00  7.74e+15  1.92e+15  4.25e+40  1.70e+41  8.53e+40  2.97e+37  5.85e+40  9.44e+39  0.00e+00  1.70e+41  1.26e+41  3.71e+37  0.00e+00  2.14e+40  2.11e+40  1.79e+38  0.00e+00  2.24e+36  7.67e+39 
7.937e+13   64      0        0  2.17e+09  0.00e+00  0.00e+00  3.29e+41  5.37e-13  2.75e+11  1.33e+05  9.47e+04  1.14e+00  7.56e+15  1.66e+15  4.14e+40  1.55e+41  7.68e+40  3.39e+37  5.46e+40  9.42e+39  0.00e+00  1.55e+41  1.12e+41  4.48e+37  0.00e+00  2.07e+40  2.07e+40  1.81e+38  0.00e+00  2.28e+36  7.67e+39 
8.332e+13   65      0        0  2.18e+09  0.00e+00  0.00e+00  3.81e+41  4.94e-13  2.53e+11  1.29e+05  9.26e+04  1.08e+00  7.40e+15  1.43e+15  4.02e+40  1.42e+41  6.90e+40  3.81e+37  5.10e+40  9.40e+39  0.00e+00  1.41e+41  1.00e+41  5.34e+37  0.00e+00  1.99e+40  2.03e+40  1.80e+38  0.00e+00  2.34e+36  7.68e+39 
8.746e+13   66      0        0  2.19e+09  0.00e+00  0.00e+00  4.41e+41  4.54e-13  2.33e+11  1.24e+05  9.07e+04  1.02e+00  7.24e+15  1.24e+15  3.90e+40  1.29e+41  6.21e+40  4.13e+37  4.75e+40  9.39e+39  0.00e+00  1.29e+41  8.92e+40  6.30e+37  0.00e+00  1.91e+40  1.98e+40  1.79e+38  0.00e+00  2.24e+36  7.72e+39 
9.181e+13   67      0        0  2.21e+09  0.00e+00  0.00e+00  5.10e+41  4.20e-13  2.15e+11  1.21e+05  8.88e+04  9.58e-01  7.09e+15  1.07e+15  3.82e+40  1.19e+41  5.62e+40  4.51e+37  4.44e+40  9.66e+39  0.00e+00  1.19e+41  8.00e+40  7.60e+37  0.00e+00  1.85e+40  1.96e+40  1.73e+38  0.00e+00  2.27e+36  8.02e+39 
9.638e+13   68      0        0  2.22e+09  0.00e+00  0.00e+00  5.90e+41  3.87e-13  1.98e+11  1.17e+05  8.69e+04  9.05e-01  6.94e+15  9.31e+14  3.73e+40  1.10e+41  5.10e+40  5.20e+37  4.17e+40  9.52e+39  0.00e+00  1.10e+41  7.17e+40  9.01e+37  0.00e+00  1.79e+40  1.93e+40  1.79e+38  0.00e+00  2.29e+36  7.90e+39 
1.012e+14   69      0        0  2.24e+09  0.00e+00  0.00e+00  6.82e+41  3.57e-13  1.83e+11  1.13e+05  8.52e+04  8.51e-01  6.80e+15  8.08e+14  3.64e+40  1.02e+41  4.63e+40  5.75e+37  3.90e+40  9.77e+39  0.00e+00  1.02e+41  6.44e+40  1.04e+38  0.00e+00  1.73e+40  1.89e+40  1.75e+38  0.00e+00  2.32e+36  8.11e+39 
1.062e+14   70      0        0  2.26e+09  0.00e+00  0.00e+00  7.89e+41  3.30e-13  1.69e+11  1.10e+05  8.35e+04  8.01e-01  6.66e+15  7.02e+14  3.56e+40  9.48e+40  4.21e+40  5.94e+37  3.64e+40  1.05e+40  0.00e+00  9.46e+40  5.81e+40  1.22e+38  0.00e+00  1.68e+40  1.87e+40  1.66e+38  0.00e+00  2.13e+36  8.86e+39 
1.115e+14   71      0        0  2.26e+09  0.00e+00  0.00e+00  9.13e+41  3.06e-13  1.57e+11  1.06e+05  8.19e+04  7.53e-01  6.54e+15  6.11e+14  3.50e+40  8.83e+40  3.85e+40  7.00e+37  3.48e+40  1.00e+40  0.00e+00  8.82e+40  5.23e+40  1.44e+38  0.00e+00  1.64e+40  1.85e+40  1.77e+38  0.00e+00  2.45e+36  8.35e+39 
1.170e+14   72      0        0  2.29e+09  0.00e+00  0.00e+00  1.06e+42  2.83e-13  1.45e+11  1.03e+05  8.03e+04  7.10e-01  6.41e+15  5.32e+14  3.44e+40  8.27e+40  3.52e+40  7.57e+37  3.25e+40  1.06e+40  0.00e+00  8.26e+40  4.73e+40  1.73e+38  0.00e+00  1.59e+40  1.83e+40  1.67e+38  0.00e+00  2.42e+36  8.98e+39 
1.229e+14   73      0        0  2.30e+09  0.00e+00  0.00e+00  1.22e+42  2.61e-13  1.34e+11  1.00e+05  7.88e+04  6.67e-01  6.29e+15  4.64e+14  3.37e+40  7.75e+40  3.22e+40  8.00e+37  3.04e+40  1.10e+40  0.00e+00  7.75e+40  4.29e+40  2.00e+38  0.00e+00  1.55e+40  1.81e+40  1.62e+38  0.00e+00  2.45e+36  9.34e+39 
1.290e+14   74      0        0  2.30e+09  0.00e+00  0.00e+00  1.41e+42  2.43e-13  1.24e+11  9.66e+04  7.73e+04  6.26e-01  6.18e+15  4.05e+14  3.33e+40  7.27e+40  2.96e+40  9.07e+37  2.88e+40  1.10e+40  0.00e+00  7.29e+40  3.87e+40  2.35e+38  0.00e+00  1.51e+40  1.80e+40  1.68e+38  0.00e+00  2.59e+36  9.32e+39 
1.354e+14   75      0        0  2.32e+09  0.00e+00  0.00e+00  1.64e+42  2.25e-13  1.15e+11  9.40e+04  7.59e+04  5.89e-01  6.06e+15  3.53e+14  3.28e+40  6.90e+40  2.72e+40  9.73e+37  2.70e+40  1.18e+40  0.00e+00  6.90e+40  3.53e+40  2.75e+38  0.00e+00  1.47e+40  1.78e+40  1.58e+38  0.00e+00  2.54e+36  1.01e+40 
1.421e+14   76      0        0  2.32e+09  0.00e+00  0.00e+00  1.89e+42  2.06e-13  1.06e+11  9.11e+04  7.46e+04  5.53e-01  5.96e+15  3.09e+14  3.18e+40  6.40e+40  2.48e+40  1.05e+38  2.49e+40  1.18e+40  0.00e+00  6.44e+40  3.17e+40  3.16e+38  0.00e+00  1.41e+40  1.73e+40  1.55e+38  0.00e+00  2.51e+36  1.01e+40 
1.492e+14   77      0        0  2.32e+09  0.00e+00  0.00e+00  2.19e+42  1.90e-13  9.71e+10  8.70e+04  7.33e+04  5.19e-01  5.86e+15  2.71e+14  3.07e+40  5.95e+40  2.28e+40  1.09e+38  2.27e+40  1.19e+40  0.00e+00  5.98e+40  2.83e+40  3.61e+38  0.00e+00  1.34e+40  1.69e+40  1.47e+38  0.00e+00  2.53e+36  1.03e+40 
1.566e+14   78      0        0  2.32e+09  0.00e+00  0.00e+00  2.53e+42  1.75e-13  8.96e+10  8.55e+04  7.21e+04  4.87e-01  5.76e+15  2.38e+14  3.01e+40  5.66e+40  2.10e+40  1.12e+38  2.13e+40  1.24e+40  0.00e+00  5.71e+40  2.60e+40  4.10e+38  0.00e+00  1.31e+40  1.66e+40  1.38e+38  0.00e+00  2.56e+36  1.08e+40 
1.644e+14   79      0        0  2.30e+09  0.00e+00  0.00e+00  2.93e+42  1.62e-13  8.31e+10  8.31e+04  7.10e+04  4.57e-01  5.67e+15  2.10e+14  2.98e+40  5.39e+40  1.95e+40  1.28e+38  2.01e+40  1.26e+40  0.00e+00  5.46e+40  2.39e+40  4.79e+38  0.00e+00  1.28e+40  1.65e+40  1.41e+38  0.00e+00  2.64e+36  1.10e+40 
1.726e+14   80      0        0  2.30e+09  0.00e+00  0.00e+00  3.39e+42  1.50e-13  7.69e+10  8.07e+04  7.00e+04  4.28e-01  5.59e+15  1.85e+14  2.93e+40  5.15e+40  1.82e+40  1.34e+38  1.88e+40  1.31e+40  0.00e+00  5.21e+40  2.19e+40  5.33e+38  0.00e+00  1.24e+40  1.63e+40  1.36e+38  0.00e+00  2.71e+36  1.15e+40 
1.812e+14   81      0        0  2.28e+09  0.00e+00  0.00e+00  3.92e+42  1.39e-13  7.14e+10  7.84e+04  6.90e+04  4.00e-01  5.51e+15  1.64e+14  2.90e+40  5.04e+40  1.70e+40  1.43e+38  1.82e+40  1.39e+40  0.00e+00  5.01e+40  2.02e+40  6.20e+38  0.00e+00  1.22e+40  1.62e+40  1.27e+38  0.00e+00  2.78e+36  1.22e+40 
1.902e+14   82      0        0  2.26e+09  0.00e+00  0.00e+00  4.53e+42  1.30e-13  6.67e+10  7.60e+04  6.80e+04  3.75e-01  5.43e+15  1.45e+14  2.91e+40  4.84e+40  1.60e+40  1.59e+38  1.70e+40  1.42e+40  0.00e+00  4.88e+40  1.87e+40  7.22e+38  0.00e+00  1.21e+40  1.63e+40  1.28e+38  0.00e+00  2.96e+36  1.26e+40 
1.997e+14   83      0        0  2.24e+09  0.00e+00  0.00e+00  5.24e+42  1.21e-13  6.21e+10  7.40e+04  6.71e+04  3.51e-01  5.36e+15  1.28e+14  2.90e+40  4.72e+40  1.51e+40  1.73e+38  1.61e+40  1.49e+40  0.00e+00  4.74e+40  1.74e+40  7.98e+38  0.00e+00  1.19e+40  1.63e+40  1.20e+38  0.00e+00  3.07e+36  1.32e+40 
2.096e+14   84      0        0  2.21e+09  0.00e+00  0.00e+00  6.06e+42  1.13e-13  5.78e+10  7.26e+04  6.63e+04  3.27e-01  5.29e+15  1.14e+14  2.91e+40  4.73e+40  1.43e+40  1.89e+38  1.61e+40  1.59e+40  0.00e+00  4.63e+40  1.63e+40  9.35e+38  0.00e+00  1.18e+40  1.63e+40  1.15e+38  0.00e+00  3.21e+36  1.43e+40 
2.200e+14   85      0        0  2.18e+09  0.00e+00  0.00e+00  7.01e+42  1.05e-13  5.40e+10  6.97e+04  6.55e+04  3.06e-01  5.23e+15  1.01e+14  2.91e+40  4.49e+40  1.35e+40  1.96e+38  1.45e+40  1.58e+40  0.00e+00  4.52e+40  1.51e+40  1.12e+39  0.00e+00  1.16e+40  1.64e+40  1.16e+38  0.00e+00  3.31e+36  1.45e+40 
2.310e+14   86      0        0  2.15e+09  0.00e+00  0.00e+00  8.11e+42  9.87e-14  5.05e+10  6.86e+04  6.47e+04  2.85e-01  5.17e+15  9.03e+13  2.96e+40  4.47e+40  1.29e+40  2.11e+38  1.38e+40  1.71e+40  0.00e+00  4.49e+40  1.43e+40  1.36e+39  0.00e+00  1.17e+40  1.66e+40  1.03e+38  0.00e+00  3.45e+36  1.57e+40 
2.425e+14   87      0        0  2.10e+09  0.00e+00  0.00e+00  9.38e+42  9.18e-14  4.70e+10  6.64e+04  6.40e+04  2.65e-01  5.11e+15  8.05e+13  2.95e+40  4.31e+40  1.22e+40  2.31e+38  1.29e+40  1.71e+40  0.00e+00  4.38e+40  1.33e+40  1.49e+39  0.00e+00  1.14e+40  1.66e+40  1.03e+38  0.00e+00  4.19e+36  1.57e+40 
2.545e+14   88      0        0  2.06e+09  0.00e+00  0.00e+00  1.09e+43  8.74e-14  4.47e+10  6.49e+04  6.33e+04  2.47e-01  5.06e+15  7.18e+13  3.09e+40  4.48e+40  1.19e+40  2.85e+38  1.30e+40  1.91e+40  0.00e+00  4.47e+40  1.27e+40  1.78e+39  0.00e+00  1.18e+40  1.73e+40  1.07e+38  0.00e+00  6.15e+36  1.77e+40 
2.672e+14   89      0        0  2.02e+09  0.00e+00  0.00e+00  1.26e+43  8.45e-14  4.33e+10  6.32e+04  6.26e+04  2.30e-01  5.00e+15  6.39e+13  3.35e+40  4.72e+40  1.17e+40  3.37e+38  1.32e+40  2.15e+40  0.00e+00  4.70e+40  1.24e+40  2.23e+39  0.00e+00  1.26e+40  1.87e+40  9.63e+37  0.00e+00  5.44e+36  1.99e+40 
2.805e+14   90      0        0  1.97e+09  0.00e+00  0.00e+00  1.45e+43  8.21e-14  4.20e+10  6.13e+04  6.20e+04  2.12e-01  4.95e+15  5.67e+13  3.67e+40  4.98e+40  1.16e+40  4.50e+38  1.35e+40  2.39e+40  0.00e+00  4.98e+40  1.20e+40  2.92e+39  0.00e+00  1.35e+40  2.03e+40  1.07e+38  0.00e+00  8.00e+36  2.22e+40 
2.944e+14   91      0        0  1.93e+09  0.00e+00  0.00e+00  1.68e+43  7.92e-14  4.06e+10  5.89e+04  6.13e+04  1.96e-01  4.90e+15  5.02e+13  4.01e+40  5.24e+40  1.13e+40  5.98e+38  1.37e+40  2.64e+40  0.00e+00  5.27e+40  1.14e+40  4.09e+39  0.00e+00  1.42e+40  2.18e+40  1.03e+38  0.00e+00  8.37e+36  2.47e+40 
3.091e+14   92      0        0  1.89e+09  0.00e+00  0.00e+00  1.94e+43  7.65e-14  3.92e+10  5.68e+04  6.07e+04  1.80e-01  4.85e+15  4.42e+13  4.37e+40  5.53e+40  1.10e+40  7.24e+38  1.38e+40  2.94e+40  0.00e+00  5.58e+40  1.08e+40  5.29e+39  0.00e+00  1.49e+40  2.34e+40  9.13e+37  0.00e+00  9.75e+36  2.77e+40 
3.244e+14   93      0        0  1.83e+09  0.00e+00  0.00e+00  2.25e+43  7.62e-14  3.90e+10  5.47e+04  6.01e+04  1.64e-01  4.80e+15  3.86e+13  5.12e+40  6.40e+40  1.10e+40  1.06e+39  1.56e+40  3.60e+40  0.00e+00  6.33e+40  1.05e+40  7.66e+39  0.00e+00  1.67e+40  2.68e+40  1.16e+38  0.00e+00  1.61e+37  3.42e+40 
3.406e+14   94      0        0  1.80e+09  0.00e+00  0.00e+00  2.60e+43  7.55e-14  3.86e+10  5.17e+04  5.94e+04  1.48e-01  4.74e+15  3.33e+13  6.14e+40  7.06e+40  1.07e+40  1.58e+39  1.60e+40  4.20e+40  0.00e+00  7.31e+40  9.76e+39  1.30e+40  0.00e+00  1.83e+40  3.01e+40  1.27e+38  0.00e+00  2.22e+37  4.04e+40 
3.575e+14   95      0        0  1.78e+09  0.00e+00  0.00e+00  3.01e+43  7.27e-14  3.72e+10  4.83e+04  5.87e+04  1.32e-01  4.69e+15  2.84e+13  6.71e+40  7.90e+40  1.01e+40  2.51e+39  1.68e+40  4.94e+40  0.00e+00  7.78e+40  8.67e+39  1.62e+40  0.00e+00  1.88e+40  3.20e+40  1.22e+38  0.00e+00  2.63e+37  4.76e+40 
3.753e+14   96      0        0  1.76e+09  0.00e+00  0.00e+00  3.48e+43  6.83e-14  3.50e+10  4.41e+04  5.80e+04  1.18e-01  4.63e+15  2.40e+13  7.47e+40  8.32e+40  9.13e+39  3.86e+39  1.63e+40  5.37e+40  0.00e+00  8.41e+40  7.26e+39  2.43e+40  0.00e+00  1.81e+40  3.23e+40  1.13e+38  0.00e+00  2.96e+37  5.21e+40 
3.940e+14   97      0        0  1.74e+09  0.00e+00  0.00e+00  4.02e+43  6.22e-14  3.19e+10  4.03e+04  5.73e+04  1.03e-01  4.57e+15  2.00e+13  8.48e+40  8.38e+40  7.92e+39  7.00e+39  1.56e+40  5.32e+40  0.00e+00  9.28e+40  5.83e+39  3.79e+40  0.00e+00  1.63e+40  3.05e+40  1.42e+38  0.00e+00  3.47e+37  5.22e+40 
4.136e+14   98      0        0  1.77e+09  0.00e+00  0.00e+00  4.65e+43  5.19e-14  2.66e+10  3.49e+04  5.66e+04  9.02e-02  4.52e+15  1.67e+13  8.40e+40  8.04e+40  6.28e+39  1.20e+40  1.24e+40  4.96e+40  0.00e+00  8.99e+40  4.05e+39  4.81e+40  0.00e+00  1.19e+40  2.40e+40  9.90e+37  0.00e+00  2.85e+37  4.90e+40 
4.342e+14   99      0        0  1.78e+09  0.00e+00  0.00e+00  5.38e+43  4.56e-14  2.34e+10  3.14e+04  5.59e+04  7.91e-02  4.46e+15  1.39e+13  1.17e+41  8.39e+40  5.27e+39  1.94e+40  1.06e+40  4.86e+40  0.00e+00  1.22e+41  3.09e+39  8.63e+40  0.00e+00  9.90e+39  2.10e+40  8.55e+37  0.00e+00  3.10e+37  4.81e+40 
4.558e+14  100      0        0  1.78e+09  0.00e+00  0.00e+00  6.23e+43  4.11e-14  2.10e+10  2.96e+04  5.52e+04  6.93e-02  4.40e+15  1.16e+13  3.66e+41  8.85e+40  4.51e+39  2.85e+40  9.22e+39  4.62e+40  0.00e+00  3.70e+41  2.53e+39  3.37e+41  0.00e+00  8.86e+39  1.95e+40  1.05e+38  0.00e+00  3.10e+37  4.56e+40 
4.784e+14  101      0        0  1.84e+09  0.00e+00  0.00e+00  7.21e+43  3.88e-14  1.99e+10  2.69e+04  5.45e+04  6.00e-02  4.35e+15  9.56e+12  2.52e+41  1.32e+41  4.03e+39  6.34e+40  9.21e+39  5.57e+40  0.00e+00  2.56e+41  2.07e+39  2.24e+41  0.00e+00  8.55e+39  1.98e+40  8.87e+37  0.00e+00  4.18e+37  5.44e+40 
5.022e+14  102      0        0  1.86e+09  0.00e+00  0.00e+00  8.34e+43  3.54e-14  1.81e+10  2.51e+04  5.39e+04  5.10e-02  4.30e+15  7.76e+12  1.87e+41  1.91e+41  3.41e+39  1.23e+41  7.64e+39  5.74e+40  0.00e+00  1.91e+41  1.66e+39  1.61e+41  0.00e+00  7.84e+39  1.88e+40  8.55e+37  0.00e+00  3.98e+37  5.50e+40 
5.272e+14  103      0        0  1.89e+09  0.00e+00  0.00e+00  9.65e+43  3.08e-14  1.58e+10  2.47e+04  5.33e+04  4.25e-02  4.26e+15  6.21e+12  1.60e+41  1.57e+41  2.72e+39  9.76e+40  5.51e+39  5.09e+40  0.00e+00  1.63e+41  1.32e+39  1.37e+41  0.00e+00  6.77e+39  1.64e+40  9.99e+37  0.00e+00  3.56e+37  4.95e+40 
5.535e+14  104      0        0  1.97e+09  0.00e+00  0.00e+00  1.12e+44  2.74e-14  1.40e+10  2.38e+04  5.28e+04  3.48e-02  4.22e+15  4.89e+12  1.27e+41  1.30e+41  2.18e+39  7.43e+40  4.28e+39  4.88e+40  0.00e+00  1.30e+41  1.03e+39  1.06e+41  0.00e+00  6.01e+39  1.49e+40  1.04e+38  0.00e+00  3.33e+37  4.80e+40 
5.810e+14  105      0        0  2.07e+09  0.00e+00  0.00e+00  1.29e+44  2.30e-14  1.18e+10  2.30e+04  5.23e+04  2.79e-02  4.18e+15  3.77e+12  9.11e+40  9.36e+40  1.62e+39  4.69e+40  2.84e+39  4.22e+40  0.00e+00  9.31e+40  7.44e+38  7.43e+40  0.00e+00  4.79e+39  1.20e+40  8.42e+37  0.00e+00  2.42e+37  4.16e+40 
6.099e+14  106      0        0  2.13e+09  0.00e+00  0.00e+00  1.49e+44  1.96e-14  1.00e+10  2.24e+04  5.18e+04  2.18e-02  4.13e+15  2.83e+12  6.95e+40  7.11e+40  1.18e+39  3.16e+40  1.89e+39  3.65e+40  0.00e+00  7.10e+40  5.36e+38  5.54e+40  0.00e+00  3.95e+39  1.01e+40  8.54e+37  0.00e+00  2.00e+37  3.61e+40 
6.402e+14  107      0        0  2.21e+09  0.00e+00  0.00e+00  1.73e+44  1.66e-14  8.51e+09  2.17e+04  5.13e+04  1.59e-02  4.10e+15  1.98e+12  5.09e+40  5.23e+40  8.07e+38  1.85e+40  1.16e+39  3.19e+40  0.00e+00  5.22e+40  3.58e+38  3.94e+40  0.00e+00  3.21e+39  8.32e+39  8.52e+37  0.00e+00  1.51e+37  3.17e+40 
6.721e+14  108     -1        0  2.31e+09  0.00e+00  0.00e+00  0.00e+00  0.00e+00  0.00e+00  0.00e+00  0.00e+00  0.00e+00  0.00e+00  0.00e+00  0.00e+00  0.00e+00  0.00e+00  0.00e+00  0.00e+00  0.00e+00  0.00e+00  0.00e+00  0.00e+00  0.00e+00  0.00e+00  0.00e+00  0.00e+00  0.00e+00  0.00e+00  0.00e+00  0.00e+00 
7.055e+14  109     -1        0  2.41e+09  0.00e+00  0.00e+00  0.00e+00  0.00e+00  0.00e+00  0.00e+00  0.00e+00  0.00e+00  0.00e+00  0.00e+00  0.00e+00  0.00e+00  0.00e+00  0.00e+00  0.00e+00  0.00e+00  0.00e+00  0.00e+00  0.00e+00  0.00e+00  0.00e+00  0.00e+00  0.00e+00  0.00e+00  0.00e+00  0.00e+00  0.00e+00 
