       r    i inwind      i01      i02      i03      i04      i05      i06      i07      i08      i09 
3.55e+12    0     -1 0.00e+00 0.00e+00 0.00e+00 0.00e+00 0.00e+00 0.00e+00 0.00e+00 0.00e+00 0.00e+00 
3.73e+12    1      0 4.63e-11 4.63e-11 4.63e-11 4.63e-11 4.63e-11 4.63e-11 2.63e-05 1.19e+03 4.63e+09 
3.91e+12    2      0 4.46e-11 4.46e-11 4.46e-11 4.46e-11 4.46e-11 4.46e-11 6.37e-05 1.87e+03 4.46e+09 
4.11e+12    3      0 4.27e-11 4.27e-11 4.27e-11 4.27e-11 4.27e-11 4.27e-11 1.64e-04 3.01e+03 4.27e+09 
4.31e+12    4      0 4.02e-11 4.02e-11 4.02e-11 4.02e-11 4.02e-11 4.02e-11 4.25e-04 4.84e+03 4.02e+09 
4.52e+12    5      0 3.78e-11 3.78e-11 3.78e-11 3.78e-11 3.78e-11 3.78e-11 1.12e-03 7.86e+03 3.78e+09 
4.75e+12    6      0 3.54e-11 3.54e-11 3.54e-11 3.54e-11 3.54e-11 3.54e-11 3.03e-03 1.29e+04 3.54e+09 
4.99e+12    7      0 3.35e-11 3.35e-11 3.35e-11 3.35e-11 3.35e-11 3.35e-11 8.47e-03 2.16e+04 3.35e+09 
5.23e+12    8      0 3.12e-11 3.12e-11 3.12e-11 3.12e-11 3.12e-11 3.12e-11 2.35e-02 3.57e+04 3.12e+09 
5.49e+12    9      0 2.96e-11 2.96e-11 2.96e-11 2.96e-11 2.96e-11 3.79e-11 7.13e-02 6.26e+04 2.96e+09 
5.77e+12   10      0 2.80e-11 2.80e-11 2.80e-11 2.80e-11 2.80e-11 1.40e-10 2.16e-01 1.10e+05 2.80e+09 
6.05e+12   11      0 2.67e-11 2.67e-11 2.67e-11 2.67e-11 2.67e-11 5.30e-10 6.69e-01 1.95e+05 2.67e+09 
6.36e+12   12      0 2.53e-11 2.53e-11 2.53e-11 2.53e-11 2.53e-11 1.93e-09 1.99e+00 3.38e+05 2.53e+09 
6.67e+12   13      0 2.40e-11 2.40e-11 2.40e-11 2.40e-11 2.40e-11 7.18e-09 6.07e+00 5.93e+05 2.40e+09 
7.00e+12   14      0 2.30e-11 2.30e-11 2.30e-11 2.30e-11 2.30e-11 2.82e-08 1.93e+01 1.07e+06 2.30e+09 
7.35e+12   15      0 2.19e-11 2.19e-11 2.19e-11 2.19e-11 2.19e-11 1.02e-07 5.71e+01 1.85e+06 2.19e+09 
7.72e+12   16      0 2.10e-11 2.10e-11 2.10e-11 2.10e-11 2.10e-11 4.04e-07 1.84e+02 3.38e+06 2.09e+09 
8.10e+12   17      0 2.02e-11 2.02e-11 2.02e-11 2.02e-11 2.02e-11 1.79e-06 6.58e+02 6.54e+06 2.01e+09 
8.51e+12   18      0 1.94e-11 1.94e-11 1.94e-11 1.94e-11 1.94e-11 7.16e-06 2.15e+03 1.21e+07 1.93e+09 
8.93e+12   19      0 1.88e-11 1.88e-11 1.88e-11 1.88e-11 1.88e-11 2.92e-05 7.05e+03 2.22e+07 1.86e+09 
9.37e+12   20      0 1.81e-11 1.81e-11 1.81e-11 1.81e-11 1.81e-11 1.47e-04 2.87e+04 5.02e+07 1.76e+09 
9.84e+12   21      0 1.76e-11 1.76e-11 1.76e-11 1.76e-11 2.81e-10 1.21e-02 1.90e+06 1.76e+09 2.17e-03 
1.03e+13   22      0 1.70e-11 1.70e-11 1.70e-11 1.70e-11 7.37e-10 2.61e-02 3.34e+06 1.70e+09 7.79e-04 
1.08e+13   23      0 1.66e-11 1.66e-11 1.66e-11 1.66e-11 1.90e-09 5.52e-02 5.73e+06 1.65e+09 2.99e-04 
1.14e+13   24      0 1.60e-11 1.60e-11 1.60e-11 1.60e-11 4.80e-09 1.16e-01 9.90e+06 1.59e+09 1.19e-04 
1.19e+13   25      0 1.56e-11 1.56e-11 1.56e-11 1.56e-11 1.31e-08 2.64e-01 1.83e+07 1.54e+09 5.10e-05 
1.25e+13   26      0 1.51e-11 1.51e-11 1.51e-11 1.51e-11 1.58e-06 2.66e+01 1.51e+09 1.25e-02 1.51e-11 
1.32e+13   27      0 1.47e-11 1.47e-11 1.47e-11 1.47e-11 2.23e-06 3.14e+01 1.47e+09 6.78e-03 1.47e-11 
1.38e+13   28      0 1.43e-11 1.43e-11 1.43e-11 1.43e-11 3.07e-06 3.65e+01 1.43e+09 3.79e-03 1.43e-11 
1.45e+13   29      0 1.39e-11 1.39e-11 1.39e-11 1.39e-11 4.24e-06 4.27e+01 1.39e+09 2.16e-03 1.39e-11 
1.52e+13   30      0 1.34e-11 1.34e-11 1.34e-11 1.34e-11 5.73e-06 4.92e+01 1.34e+09 1.31e-03 1.34e-11 
1.60e+13   31      0 1.30e-11 1.30e-11 1.30e-11 1.30e-11 7.67e-06 5.64e+01 1.30e+09 7.91e-04 1.30e-11 
1.68e+13   32      0 1.25e-11 1.25e-11 1.25e-11 1.25e-11 1.00e-05 6.38e+01 1.25e+09 4.87e-04 1.25e-11 
1.76e+13   33      0 1.21e-11 1.21e-11 1.21e-11 1.21e-11 1.31e-05 7.23e+01 1.21e+09 3.00e-04 1.21e-11 
1.85e+13   34      0 1.17e-11 1.17e-11 1.17e-11 1.17e-11 1.68e-05 8.08e+01 1.17e+09 1.86e-04 1.17e-11 
1.94e+13   35      0 1.13e-11 1.13e-11 1.13e-11 1.13e-11 2.11e-05 8.95e+01 1.13e+09 1.15e-04 1.13e-11 
2.04e+13   36      0 1.09e-11 1.09e-11 1.09e-11 1.09e-11 2.67e-05 9.97e+01 1.09e+09 7.25e-05 1.09e-11 
2.14e+13   37      0 1.05e-11 1.05e-11 1.05e-11 1.05e-11 3.35e-05 1.10e+02 1.05e+09 4.38e-05 1.05e-11 
2.25e+13   38      0 1.01e-11 1.01e-11 1.01e-11 1.01e-11 4.19e-05 1.22e+02 1.01e+09 2.63e-05 1.01e-11 
2.36e+13   39      0 9.76e-12 9.76e-12 9.76e-12 9.76e-12 5.16e-05 1.33e+02 9.76e+08 1.53e-05 9.76e-12 
2.48e+13   40      0 9.45e-12 9.45e-12 9.45e-12 9.45e-12 6.52e-05 1.48e+02 9.45e+08 8.56e-06 9.45e-12 
2.60e+13   41      0 9.10e-12 9.10e-12 9.10e-12 9.10e-12 8.08e-05 1.63e+02 9.10e+08 4.53e-06 9.10e-12 
2.73e+13   42      0 8.78e-12 8.78e-12 8.78e-12 9.66e-12 1.01e-04 1.80e+02 8.78e+08 2.35e-06 8.78e-12 
2.86e+13   43      0 8.47e-12 8.47e-12 8.47e-12 1.34e-11 1.26e-04 1.98e+02 8.47e+08 1.19e-06 8.47e-12 
3.01e+13   44      0 8.11e-12 8.11e-12 8.11e-12 1.84e-11 1.57e-04 2.17e+02 8.11e+08 5.44e-07 8.11e-12 
3.16e+13   45      0 7.79e-12 7.79e-12 7.79e-12 2.62e-11 2.00e-04 2.42e+02 7.79e+08 2.42e-07 7.79e-12 
3.31e+13   46      0 7.42e-12 7.42e-12 7.42e-12 3.69e-11 2.53e-04 2.67e+02 7.42e+08 9.94e-08 7.42e-12 
3.48e+13   47      0 7.06e-12 7.06e-12 7.06e-12 5.34e-11 3.26e-04 2.97e+02 7.06e+08 3.78e-08 7.06e-12 
3.65e+13   48      0 6.68e-12 6.68e-12 6.68e-12 7.58e-11 4.13e-04 3.27e+02 6.68e+08 1.32e-08 6.68e-12 
3.83e+13   49      0 6.29e-12 6.29e-12 6.29e-12 1.09e-10 5.27e-04 3.61e+02 6.29e+08 4.33e-09 6.29e-12 
4.02e+13   50      0 5.89e-12 5.89e-12 5.89e-12 1.56e-10 6.70e-04 3.95e+02 5.89e+08 1.36e-09 5.89e-12 
4.22e+13   51      0 5.48e-12 5.48e-12 5.48e-12 2.24e-10 8.55e-04 4.34e+02 5.48e+08 3.75e-10 5.48e-12 
4.43e+13   52      0 5.09e-12 5.09e-12 5.09e-12 3.23e-10 1.09e-03 4.75e+02 5.09e+08 9.61e-11 5.09e-12 
4.65e+13   53      0 4.71e-12 4.71e-12 4.71e-12 4.68e-10 1.40e-03 5.19e+02 4.71e+08 2.31e-11 4.71e-12 
4.88e+13   54      0 4.34e-12 4.34e-12 4.34e-12 6.84e-10 1.81e-03 5.71e+02 4.34e+08 5.38e-12 4.34e-12 
5.13e+13   55      0 4.01e-12 4.01e-12 4.01e-12 1.01e-09 2.35e-03 6.33e+02 4.01e+08 4.01e-12 4.01e-12 
5.38e+13   56      0 3.70e-12 3.70e-12 3.70e-12 1.48e-09 3.04e-03 6.96e+02 3.70e+08 3.70e-12 3.70e-12 
5.65e+13   57      0 3.42e-12 3.42e-12 3.42e-12 2.19e-09 3.95e-03 7.67e+02 3.42e+08 3.42e-12 3.42e-12 
5.93e+13   58      0 3.17e-12 3.17e-12 3.17e-12 3.29e-09 5.23e-03 8.56e+02 3.17e+08 3.17e-12 3.17e-12 
6.23e+13   59      0 2.92e-12 2.92e-12 2.92e-12 5.01e-09 6.99e-03 9.65e+02 2.92e+08 2.92e-12 2.92e-12 
6.54e+13   60      0 2.70e-12 2.70e-12 2.70e-12 7.53e-09 9.18e-03 1.07e+03 2.70e+08 2.70e-12 2.70e-12 
6.86e+13   61      0 2.49e-12 2.49e-12 2.49e-12 1.12e-08 1.20e-02 1.19e+03 2.49e+08 2.49e-12 2.49e-12 
7.20e+13   62      0 2.29e-12 2.29e-12 2.29e-12 1.65e-08 1.56e-02 1.30e+03 2.29e+08 2.29e-12 2.29e-12 
7.56e+13   63      0 2.11e-12 2.11e-12 2.11e-12 2.48e-08 2.06e-02 1.46e+03 2.11e+08 2.11e-12 2.11e-12 
7.94e+13   64      0 1.95e-12 1.95e-12 1.95e-12 3.72e-08 2.73e-02 1.63e+03 1.95e+08 1.95e-12 1.95e-12 
8.33e+13   65      0 1.79e-12 1.79e-12 1.79e-12 5.52e-08 3.57e-02 1.80e+03 1.79e+08 1.79e-12 1.79e-12 
8.75e+13   66      0 1.65e-12 1.65e-12 1.65e-12 8.05e-08 4.61e-02 1.98e+03 1.65e+08 1.65e-12 1.65e-12 
9.18e+13   67      0 1.52e-12 1.52e-12 1.52e-12 1.19e-07 6.07e-02 2.23e+03 1.52e+08 1.52e-12 1.52e-12 
9.64e+13   68      0 1.41e-12 1.41e-12 1.41e-12 1.75e-07 7.92e-02 2.47e+03 1.41e+08 1.41e-12 1.41e-12 
1.01e+14   69      0 1.30e-12 1.30e-12 1.30e-12 2.47e-07 9.97e-02 2.68e+03 1.30e+08 1.30e-12 1.30e-12 
1.06e+14   70      0 1.20e-12 1.20e-12 1.20e-12 3.53e-07 1.27e-01 2.93e+03 1.20e+08 1.20e-12 1.20e-12 
1.11e+14   71      0 1.11e-12 1.11e-12 1.11e-12 5.15e-07 1.65e-01 3.28e+03 1.11e+08 1.11e-12 1.11e-12 
1.17e+14   72      0 1.03e-12 1.03e-12 1.03e-12 7.63e-07 2.19e-01 3.70e+03 1.03e+08 1.03e-12 1.03e-12 
1.23e+14   73      0 9.49e-13 9.49e-13 9.49e-13 1.07e-06 2.77e-01 4.06e+03 9.49e+07 9.49e-13 9.49e-13 
1.29e+14   74      0 8.81e-13 8.81e-13 8.81e-13 1.54e-06 3.58e-01 4.54e+03 8.81e+07 8.81e-13 8.81e-13 
1.35e+14   75      0 8.16e-13 8.16e-13 8.16e-13 2.21e-06 4.60e-01 5.02e+03 8.16e+07 8.16e-13 8.16e-13 
1.42e+14   76      0 7.49e-13 7.49e-13 9.87e-13 3.10e-06 5.87e-01 5.56e+03 7.49e+07 7.49e-13 7.49e-13 
1.49e+14   77      0 6.89e-13 6.89e-13 1.44e-12 4.28e-06 7.48e-01 6.22e+03 6.89e+07 6.89e-13 6.89e-13 
1.57e+14   78      0 6.36e-13 6.36e-13 2.11e-12 5.79e-06 9.17e-01 6.69e+03 6.35e+07 6.36e-13 6.36e-13 
1.64e+14   79      0 5.89e-13 5.89e-13 3.10e-12 7.94e-06 1.15e+00 7.47e+03 5.89e+07 5.89e-13 5.89e-13 
1.73e+14   80      0 5.45e-13 5.45e-13 4.28e-12 1.03e-05 1.37e+00 8.01e+03 5.45e+07 5.45e-13 5.45e-13 
1.81e+14   81      0 5.06e-13 5.06e-13 6.25e-12 1.41e-05 1.74e+00 8.96e+03 5.06e+07 5.06e-13 5.06e-13 
1.90e+14   82      0 4.73e-13 4.73e-13 9.15e-12 1.94e-05 2.19e+00 1.00e+04 4.73e+07 4.73e-13 4.73e-13 
2.00e+14   83      0 4.40e-13 4.40e-13 1.25e-11 2.49e-05 2.57e+00 1.06e+04 4.40e+07 4.40e-13 4.40e-13 
2.10e+14   84      0 4.10e-13 4.10e-13 1.77e-11 3.32e-05 3.18e+00 1.18e+04 4.10e+07 4.10e-13 4.10e-13 
2.20e+14   85      0 3.83e-13 3.83e-13 2.63e-11 4.73e-05 4.20e+00 1.38e+04 3.83e+07 3.83e-13 3.83e-13 
2.31e+14   86      0 3.58e-13 3.58e-13 3.92e-11 6.60e-05 5.43e+00 1.59e+04 3.58e+07 3.58e-13 3.58e-13 
2.42e+14   87      0 3.33e-13 3.33e-13 5.09e-11 8.22e-05 6.32e+00 1.69e+04 3.33e+07 3.33e-13 3.33e-13 
2.55e+14   88      0 3.17e-13 3.17e-13 7.43e-11 1.12e-04 7.87e+00 1.90e+04 3.17e+07 3.17e-13 3.17e-13 
2.67e+14   89      0 3.07e-13 3.07e-13 1.22e-10 1.68e-04 1.05e+01 2.22e+04 3.07e+07 3.07e-13 3.07e-13 
2.80e+14   90      0 2.98e-13 2.98e-13 2.10e-10 2.66e-04 1.49e+01 2.74e+04 2.98e+07 2.98e-13 2.98e-13 
2.94e+14   91      0 2.88e-13 2.88e-13 4.05e-10 4.73e-04 2.35e+01 3.69e+04 2.87e+07 2.88e-13 2.88e-13 
3.09e+14   92      0 2.78e-13 2.78e-13 7.06e-10 7.59e-04 3.35e+01 4.57e+04 2.77e+07 2.78e-13 2.78e-13 
3.24e+14   93      0 2.77e-13 2.77e-13 1.46e-09 1.40e-03 5.34e+01 6.19e+04 2.76e+07 2.77e-13 2.77e-13 
3.41e+14   94      0 2.74e-13 2.74e-13 3.87e-09 3.35e-03 1.08e+02 1.03e+05 2.73e+07 2.74e-13 2.74e-13 
3.58e+14   95      0 2.64e-13 2.64e-13 4.69e-09 3.35e-03 9.82e+01 1.36e+05 2.63e+07 2.64e-13 2.64e-13 
3.75e+14   96      0 2.48e-13 2.48e-13 1.11e-08 7.67e-03 1.95e+02 2.35e+05 2.46e+07 2.48e-13 2.48e-13 
3.94e+14   97      0 2.26e-13 2.26e-13 2.58e-08 1.77e-02 4.02e+02 4.53e+05 2.21e+07 2.26e-13 2.26e-13 
4.14e+14   98      0 1.88e-13 1.88e-13 4.75e-08 3.63e-02 7.96e+02 9.62e+05 1.79e+07 1.88e-13 1.88e-13 
4.34e+14   99      0 1.66e-13 1.66e-13 1.55e-07 1.14e-01 2.21e+03 2.60e+06 1.40e+07 1.66e-13 1.66e-13 
4.56e+14  100      0 1.49e-13 1.49e-13 1.29e-06 8.52e-01 1.41e+04 1.49e+07 1.49e-13 1.49e-13 1.49e-13 
4.78e+14  101      0 1.41e-13 1.41e-13 2.08e-06 1.15e+00 1.52e+04 1.41e+07 1.41e-13 1.41e-13 1.41e-13 
5.02e+14  102      0 1.29e-13 1.29e-13 3.32e-06 1.51e+00 1.63e+04 1.28e+07 1.29e-13 1.29e-13 1.29e-13 
5.27e+14  103      0 1.12e-13 1.61e-13 4.67e-06 1.83e+00 1.68e+04 1.12e+07 1.12e-13 1.12e-13 1.12e-13 
5.53e+14  104      0 9.94e-14 2.85e-13 7.21e-06 2.35e+00 1.78e+04 9.92e+06 9.94e-14 9.94e-14 9.94e-14 
5.81e+14  105      0 8.35e-14 4.28e-13 9.71e-06 2.70e+00 1.72e+04 8.33e+06 8.35e-14 8.35e-14 8.35e-14 
6.10e+14  106      0 7.13e-14 8.72e-13 1.69e-05 3.81e+00 1.92e+04 7.11e+06 7.13e-14 7.13e-14 7.13e-14 
6.40e+14  107      0 6.04e-14 2.20e-12 3.45e-05 5.95e+00 2.23e+04 6.02e+06 6.04e-14 6.04e-14 6.04e-14 
6.72e+14  108     -1 0.00e+00 0.00e+00 0.00e+00 0.00e+00 0.00e+00 0.00e+00 0.00e+00 0.00e+00 0.00e+00 
7.06e+14  109     -1 0.00e+00 0.00e+00 0.00e+00 0.00e+00 0.00e+00 0.00e+00 0.00e+00 0.00e+00 0.00e+00 
