       r    i inwind      i01      i02      i03      i04      i05      i06      i07      i08      i09 
3.55e+12    0     -1 0.00e+00 0.00e+00 0.00e+00 0.00e+00 0.00e+00 0.00e+00 0.00e+00 0.00e+00 0.00e+00 
3.73e+12    1      0 1.00e-20 1.00e-20 1.00e-20 1.00e-20 1.00e-20 1.00e-20 5.68e-15 2.57e-07 1.00e+00 
3.91e+12    2      0 1.00e-20 1.00e-20 1.00e-20 1.00e-20 1.00e-20 1.00e-20 1.43e-14 4.18e-07 1.00e+00 
4.11e+12    3      0 1.00e-20 1.00e-20 1.00e-20 1.00e-20 1.00e-20 1.00e-20 3.84e-14 7.05e-07 1.00e+00 
4.31e+12    4      0 1.00e-20 1.00e-20 1.00e-20 1.00e-20 1.00e-20 1.00e-20 1.06e-13 1.20e-06 1.00e+00 
4.52e+12    5      0 1.00e-20 1.00e-20 1.00e-20 1.00e-20 1.00e-20 1.00e-20 2.97e-13 2.08e-06 1.00e+00 
4.75e+12    6      0 1.00e-20 1.00e-20 1.00e-20 1.00e-20 1.00e-20 1.00e-20 8.54e-13 3.63e-06 1.00e+00 
4.99e+12    7      0 1.00e-20 1.00e-20 1.00e-20 1.00e-20 1.00e-20 1.00e-20 2.53e-12 6.44e-06 1.00e+00 
5.23e+12    8      0 1.00e-20 1.00e-20 1.00e-20 1.00e-20 1.00e-20 1.00e-20 7.53e-12 1.14e-05 1.00e+00 
5.49e+12    9      0 1.00e-20 1.00e-20 1.00e-20 1.00e-20 1.00e-20 1.28e-20 2.41e-11 2.12e-05 1.00e+00 
5.77e+12   10      0 1.00e-20 1.00e-20 1.00e-20 1.00e-20 1.00e-20 4.98e-20 7.71e-11 3.92e-05 1.00e+00 
6.05e+12   11      0 1.00e-20 1.00e-20 1.00e-20 1.00e-20 1.00e-20 1.99e-19 2.51e-10 7.31e-05 1.00e+00 
6.36e+12   12      0 1.00e-20 1.00e-20 1.00e-20 1.00e-20 1.00e-20 7.64e-19 7.87e-10 1.33e-04 1.00e+00 
6.67e+12   13      0 1.00e-20 1.00e-20 1.00e-20 1.00e-20 1.00e-20 2.99e-18 2.53e-09 2.47e-04 1.00e+00 
7.00e+12   14      0 1.00e-20 1.00e-20 1.00e-20 1.00e-20 1.00e-20 1.23e-17 8.42e-09 4.67e-04 1.00e+00 
7.35e+12   15      0 1.00e-20 1.00e-20 1.00e-20 1.00e-20 1.00e-20 4.65e-17 2.60e-08 8.45e-04 9.99e-01 
7.72e+12   16      0 1.00e-20 1.00e-20 1.00e-20 1.00e-20 1.00e-20 1.92e-16 8.76e-08 1.61e-03 9.98e-01 
8.10e+12   17      0 1.00e-20 1.00e-20 1.00e-20 1.00e-20 1.00e-20 8.86e-16 3.27e-07 3.24e-03 9.97e-01 
8.51e+12   18      0 1.00e-20 1.00e-20 1.00e-20 1.00e-20 1.00e-20 3.70e-15 1.11e-06 6.22e-03 9.94e-01 
8.93e+12   19      0 1.00e-20 1.00e-20 1.00e-20 1.00e-20 1.00e-20 1.56e-14 3.75e-06 1.18e-02 9.88e-01 
9.37e+12   20      0 1.00e-20 1.00e-20 1.00e-20 1.00e-20 1.00e-20 8.11e-14 1.59e-05 2.78e-02 9.72e-01 
9.84e+12   21      0 1.00e-20 1.00e-20 1.00e-20 1.00e-20 1.60e-19 6.85e-12 1.08e-03 9.99e-01 1.23e-12 
1.03e+13   22      0 1.00e-20 1.00e-20 1.00e-20 1.00e-20 4.33e-19 1.53e-11 1.96e-03 9.98e-01 4.58e-13 
1.08e+13   23      0 1.00e-20 1.00e-20 1.00e-20 1.00e-20 1.14e-18 3.34e-11 3.46e-03 9.97e-01 1.81e-13 
1.14e+13   24      0 1.00e-20 1.00e-20 1.00e-20 1.00e-20 3.00e-18 7.28e-11 6.19e-03 9.94e-01 7.41e-14 
1.19e+13   25      0 1.00e-20 1.00e-20 1.00e-20 1.00e-20 8.41e-18 1.69e-10 1.17e-02 9.88e-01 3.27e-14 
1.25e+13   26      0 1.00e-20 1.00e-20 1.00e-20 1.00e-20 1.05e-15 1.76e-08 1.00e+00 8.28e-12 1.00e-20 
1.32e+13   27      0 1.00e-20 1.00e-20 1.00e-20 1.00e-20 1.52e-15 2.13e-08 1.00e+00 4.60e-12 1.00e-20 
1.38e+13   28      0 1.00e-20 1.00e-20 1.00e-20 1.00e-20 2.15e-15 2.56e-08 1.00e+00 2.66e-12 1.00e-20 
1.45e+13   29      0 1.00e-20 1.00e-20 1.00e-20 1.00e-20 3.06e-15 3.08e-08 1.00e+00 1.56e-12 1.00e-20 
1.52e+13   30      0 1.00e-20 1.00e-20 1.00e-20 1.00e-20 4.27e-15 3.66e-08 1.00e+00 9.73e-13 1.00e-20 
1.60e+13   31      0 1.00e-20 1.00e-20 1.00e-20 1.00e-20 5.90e-15 4.34e-08 1.00e+00 6.09e-13 1.00e-20 
1.68e+13   32      0 1.00e-20 1.00e-20 1.00e-20 1.00e-20 7.99e-15 5.09e-08 1.00e+00 3.89e-13 1.00e-20 
1.76e+13   33      0 1.00e-20 1.00e-20 1.00e-20 1.00e-20 1.08e-14 5.97e-08 1.00e+00 2.48e-13 1.00e-20 
1.85e+13   34      0 1.00e-20 1.00e-20 1.00e-20 1.00e-20 1.44e-14 6.92e-08 1.00e+00 1.59e-13 1.00e-20 
1.94e+13   35      0 1.00e-20 1.00e-20 1.00e-20 1.00e-20 1.88e-14 7.95e-08 1.00e+00 1.02e-13 1.00e-20 
2.04e+13   36      0 1.00e-20 1.00e-20 1.00e-20 1.00e-20 2.46e-14 9.16e-08 1.00e+00 6.67e-14 1.00e-20 
2.14e+13   37      0 1.00e-20 1.00e-20 1.00e-20 1.00e-20 3.19e-14 1.05e-07 1.00e+00 4.17e-14 1.00e-20 
2.25e+13   38      0 1.00e-20 1.00e-20 1.00e-20 1.00e-20 4.13e-14 1.20e-07 1.00e+00 2.59e-14 1.00e-20 
2.36e+13   39      0 1.00e-20 1.00e-20 1.00e-20 1.00e-20 5.28e-14 1.37e-07 1.00e+00 1.56e-14 1.00e-20 
2.48e+13   40      0 1.00e-20 1.00e-20 1.00e-20 1.00e-20 6.90e-14 1.57e-07 1.00e+00 9.06e-15 1.00e-20 
2.60e+13   41      0 1.00e-20 1.00e-20 1.00e-20 1.00e-20 8.88e-14 1.79e-07 1.00e+00 4.98e-15 1.00e-20 
2.73e+13   42      0 1.00e-20 1.00e-20 1.00e-20 1.10e-20 1.15e-13 2.05e-07 1.00e+00 2.68e-15 1.00e-20 
2.86e+13   43      0 1.00e-20 1.00e-20 1.00e-20 1.58e-20 1.48e-13 2.33e-07 1.00e+00 1.40e-15 1.00e-20 
3.01e+13   44      0 1.00e-20 1.00e-20 1.00e-20 2.27e-20 1.93e-13 2.68e-07 1.00e+00 6.71e-16 1.00e-20 
3.16e+13   45      0 1.00e-20 1.00e-20 1.00e-20 3.37e-20 2.57e-13 3.11e-07 1.00e+00 3.10e-16 1.00e-20 
3.31e+13   46      0 1.00e-20 1.00e-20 1.00e-20 4.97e-20 3.40e-13 3.60e-07 1.00e+00 1.34e-16 1.00e-20 
3.48e+13   47      0 1.00e-20 1.00e-20 1.00e-20 7.56e-20 4.61e-13 4.21e-07 1.00e+00 5.36e-17 1.00e-20 
3.65e+13   48      0 1.00e-20 1.00e-20 1.00e-20 1.13e-19 6.18e-13 4.90e-07 1.00e+00 1.98e-17 1.00e-20 
3.83e+13   49      0 1.00e-20 1.00e-20 1.00e-20 1.73e-19 8.38e-13 5.73e-07 1.00e+00 6.87e-18 1.00e-20 
4.02e+13   50      0 1.00e-20 1.00e-20 1.00e-20 2.64e-19 1.14e-12 6.71e-07 1.00e+00 2.31e-18 1.00e-20 
4.22e+13   51      0 1.00e-20 1.00e-20 1.00e-20 4.08e-19 1.56e-12 7.91e-07 1.00e+00 6.84e-19 1.00e-20 
4.43e+13   52      0 1.00e-20 1.00e-20 1.00e-20 6.35e-19 2.15e-12 9.33e-07 1.00e+00 1.89e-19 1.00e-20 
4.65e+13   53      0 1.00e-20 1.00e-20 1.00e-20 9.94e-19 2.97e-12 1.10e-06 1.00e+00 4.92e-20 1.00e-20 
4.88e+13   54      0 1.00e-20 1.00e-20 1.00e-20 1.57e-18 4.16e-12 1.32e-06 1.00e+00 1.24e-20 1.00e-20 
5.13e+13   55      0 1.00e-20 1.00e-20 1.00e-20 2.51e-18 5.85e-12 1.58e-06 1.00e+00 1.00e-20 1.00e-20 
5.38e+13   56      0 1.00e-20 1.00e-20 1.00e-20 3.99e-18 8.21e-12 1.88e-06 1.00e+00 1.00e-20 1.00e-20 
5.65e+13   57      0 1.00e-20 1.00e-20 1.00e-20 6.38e-18 1.15e-11 2.24e-06 1.00e+00 1.00e-20 1.00e-20 
5.93e+13   58      0 1.00e-20 1.00e-20 1.00e-20 1.04e-17 1.65e-11 2.71e-06 1.00e+00 1.00e-20 1.00e-20 
6.23e+13   59      0 1.00e-20 1.00e-20 1.00e-20 1.71e-17 2.39e-11 3.30e-06 1.00e+00 1.00e-20 1.00e-20 
6.54e+13   60      0 1.00e-20 1.00e-20 1.00e-20 2.79e-17 3.40e-11 3.95e-06 1.00e+00 1.00e-20 1.00e-20 
6.86e+13   61      0 1.00e-20 1.00e-20 1.00e-20 4.51e-17 4.85e-11 4.78e-06 1.00e+00 1.00e-20 1.00e-20 
7.20e+13   62      0 1.00e-20 1.00e-20 1.00e-20 7.19e-17 6.81e-11 5.69e-06 1.00e+00 1.00e-20 1.00e-20 
7.56e+13   63      0 1.00e-20 1.00e-20 1.00e-20 1.17e-16 9.76e-11 6.89e-06 1.00e+00 1.00e-20 1.00e-20 
7.94e+13   64      0 1.00e-20 1.00e-20 1.00e-20 1.91e-16 1.40e-10 8.34e-06 1.00e+00 1.00e-20 1.00e-20 
8.33e+13   65      0 1.00e-20 1.00e-20 1.00e-20 3.08e-16 1.99e-10 1.00e-05 1.00e+00 1.00e-20 1.00e-20 
8.75e+13   66      0 1.00e-20 1.00e-20 1.00e-20 4.88e-16 2.80e-10 1.20e-05 1.00e+00 1.00e-20 1.00e-20 
9.18e+13   67      0 1.00e-20 1.00e-20 1.00e-20 7.82e-16 3.99e-10 1.46e-05 1.00e+00 1.00e-20 1.00e-20 
9.64e+13   68      0 1.00e-20 1.00e-20 1.00e-20 1.25e-15 5.63e-10 1.76e-05 1.00e+00 1.00e-20 1.00e-20 
1.01e+14   69      0 1.00e-20 1.00e-20 1.00e-20 1.90e-15 7.69e-10 2.07e-05 1.00e+00 1.00e-20 1.00e-20 
1.06e+14   70      0 1.00e-20 1.00e-20 1.00e-20 2.95e-15 1.06e-09 2.45e-05 1.00e+00 1.00e-20 1.00e-20 
1.11e+14   71      0 1.00e-20 1.00e-20 1.00e-20 4.64e-15 1.49e-09 2.95e-05 1.00e+00 1.00e-20 1.00e-20 
1.17e+14   72      0 1.00e-20 1.00e-20 1.00e-20 7.44e-15 2.13e-09 3.61e-05 1.00e+00 1.00e-20 1.00e-20 
1.23e+14   73      0 1.00e-20 1.00e-20 1.00e-20 1.13e-14 2.92e-09 4.28e-05 1.00e+00 1.00e-20 1.00e-20 
1.29e+14   74      0 1.00e-20 1.00e-20 1.00e-20 1.75e-14 4.07e-09 5.15e-05 1.00e+00 1.00e-20 1.00e-20 
1.35e+14   75      0 1.00e-20 1.00e-20 1.00e-20 2.70e-14 5.63e-09 6.16e-05 1.00e+00 1.00e-20 1.00e-20 
1.42e+14   76      0 1.00e-20 1.00e-20 1.32e-20 4.14e-14 7.83e-09 7.42e-05 1.00e+00 1.00e-20 1.00e-20 
1.49e+14   77      0 1.00e-20 1.00e-20 2.09e-20 6.22e-14 1.09e-08 9.03e-05 1.00e+00 1.00e-20 1.00e-20 
1.57e+14   78      0 1.00e-20 1.00e-20 3.32e-20 9.11e-14 1.44e-08 1.05e-04 1.00e+00 1.00e-20 1.00e-20 
1.64e+14   79      0 1.00e-20 1.00e-20 5.27e-20 1.35e-13 1.94e-08 1.27e-04 1.00e+00 1.00e-20 1.00e-20 
1.73e+14   80      0 1.00e-20 1.00e-20 7.86e-20 1.89e-13 2.52e-08 1.47e-04 1.00e+00 1.00e-20 1.00e-20 
1.81e+14   81      0 1.00e-20 1.00e-20 1.23e-19 2.80e-13 3.43e-08 1.77e-04 1.00e+00 1.00e-20 1.00e-20 
1.90e+14   82      0 1.00e-20 1.00e-20 1.93e-19 4.11e-13 4.62e-08 2.12e-04 1.00e+00 1.00e-20 1.00e-20 
2.00e+14   83      0 1.00e-20 1.00e-20 2.83e-19 5.65e-13 5.83e-08 2.41e-04 1.00e+00 1.00e-20 1.00e-20 
2.10e+14   84      0 1.00e-20 1.00e-20 4.32e-19 8.10e-13 7.76e-08 2.88e-04 1.00e+00 1.00e-20 1.00e-20 
2.20e+14   85      0 1.00e-20 1.00e-20 6.88e-19 1.24e-12 1.10e-07 3.61e-04 1.00e+00 1.00e-20 1.00e-20 
2.31e+14   86      0 1.00e-20 1.00e-20 1.09e-18 1.84e-12 1.51e-07 4.43e-04 1.00e+00 1.00e-20 1.00e-20 
2.42e+14   87      0 1.00e-20 1.00e-20 1.53e-18 2.47e-12 1.90e-07 5.08e-04 9.99e-01 1.00e-20 1.00e-20 
2.55e+14   88      0 1.00e-20 1.00e-20 2.34e-18 3.52e-12 2.48e-07 6.00e-04 9.99e-01 1.00e-20 1.00e-20 
2.67e+14   89      0 1.00e-20 1.00e-20 3.98e-18 5.46e-12 3.43e-07 7.25e-04 9.99e-01 1.00e-20 1.00e-20 
2.80e+14   90      0 1.00e-20 1.00e-20 7.05e-18 8.92e-12 5.00e-07 9.20e-04 9.99e-01 1.00e-20 1.00e-20 
2.94e+14   91      0 1.00e-20 1.00e-20 1.41e-17 1.65e-11 8.18e-07 1.28e-03 9.99e-01 1.00e-20 1.00e-20 
3.09e+14   92      0 1.00e-20 1.00e-20 2.54e-17 2.73e-11 1.21e-06 1.64e-03 9.98e-01 1.00e-20 1.00e-20 
3.24e+14   93      0 1.00e-20 1.00e-20 5.28e-17 5.06e-11 1.93e-06 2.24e-03 9.98e-01 1.00e-20 1.00e-20 
3.41e+14   94      0 1.00e-20 1.00e-20 1.41e-16 1.22e-10 3.95e-06 3.78e-03 9.96e-01 1.00e-20 1.00e-20 
3.58e+14   95      0 1.00e-20 1.00e-20 1.78e-16 1.27e-10 3.72e-06 5.14e-03 9.95e-01 1.00e-20 1.00e-20 
3.75e+14   96      0 1.00e-20 1.00e-20 4.46e-16 3.09e-10 7.86e-06 9.49e-03 9.90e-01 1.00e-20 1.00e-20 
3.94e+14   97      0 1.00e-20 1.00e-20 1.14e-15 7.82e-10 1.78e-05 2.01e-02 9.80e-01 1.00e-20 1.00e-20 
4.14e+14   98      0 1.00e-20 1.00e-20 2.52e-15 1.93e-09 4.22e-05 5.11e-02 9.49e-01 1.00e-20 1.00e-20 
4.34e+14   99      0 1.00e-20 1.00e-20 9.33e-15 6.90e-09 1.34e-04 1.57e-01 8.43e-01 1.00e-20 1.00e-20 
4.56e+14  100      0 1.00e-20 1.00e-20 8.65e-14 5.72e-08 9.48e-04 9.99e-01 1.00e-20 1.00e-20 1.00e-20 
4.78e+14  101      0 1.00e-20 1.00e-20 1.47e-13 8.12e-08 1.08e-03 9.99e-01 1.00e-20 1.00e-20 1.00e-20 
5.02e+14  102      0 1.00e-20 1.00e-20 2.58e-13 1.18e-07 1.27e-03 9.99e-01 1.00e-20 1.00e-20 1.00e-20 
5.27e+14  103      0 1.00e-20 1.44e-20 4.17e-13 1.64e-07 1.50e-03 9.99e-01 1.00e-20 1.00e-20 1.00e-20 
5.53e+14  104      0 1.00e-20 2.87e-20 7.25e-13 2.36e-07 1.79e-03 9.98e-01 1.00e-20 1.00e-20 1.00e-20 
5.81e+14  105      0 1.00e-20 5.13e-20 1.16e-12 3.23e-07 2.06e-03 9.98e-01 1.00e-20 1.00e-20 1.00e-20 
6.10e+14  106      0 1.00e-20 1.22e-19 2.37e-12 5.34e-07 2.70e-03 9.97e-01 1.00e-20 1.00e-20 1.00e-20 
6.40e+14  107      0 1.00e-20 3.64e-19 5.71e-12 9.85e-07 3.70e-03 9.96e-01 1.00e-20 1.00e-20 1.00e-20 
6.72e+14  108     -1 0.00e+00 0.00e+00 0.00e+00 0.00e+00 0.00e+00 0.00e+00 0.00e+00 0.00e+00 0.00e+00 
7.06e+14  109     -1 0.00e+00 0.00e+00 0.00e+00 0.00e+00 0.00e+00 0.00e+00 0.00e+00 0.00e+00 0.00e+00 
