       r    i inwind      i01      i02      i03 
3.55e+12    0     -1 0.00e+00 0.00e+00 0.00e+00 
3.73e+12    1      0 1.00e-20 3.69e+01 5.32e+11 
3.91e+12    2      0 1.00e-20 3.86e+01 5.12e+11 
4.11e+12    3      0 1.00e-20 2.91e+01 4.90e+11 
4.31e+12    4      0 1.00e-20 2.36e+01 4.62e+11 
4.52e+12    5      0 1.00e-20 2.67e+01 4.34e+11 
4.75e+12    6      0 1.00e-20 2.54e+01 4.07e+11 
4.99e+12    7      0 1.00e-20 1.86e+01 3.84e+11 
5.23e+12    8      0 1.00e-20 9.49e+00 3.58e+11 
5.49e+12    9      0 1.00e-20 1.52e+01 3.40e+11 
5.77e+12   10      0 1.00e-20 1.49e+01 3.21e+11 
6.05e+12   11      0 1.00e-20 1.40e+01 3.06e+11 
6.36e+12   12      0 1.00e-20 1.35e+01 2.91e+11 
6.67e+12   13      0 1.00e-20 1.05e+01 2.75e+11 
7.00e+12   14      0 1.00e-20 1.32e+01 2.64e+11 
7.35e+12   15      0 1.00e-20 1.04e+01 2.52e+11 
7.72e+12   16      0 1.00e-20 9.98e+00 2.41e+11 
8.10e+12   17      0 1.00e-20 9.48e+00 2.31e+11 
8.51e+12   18      0 1.00e-20 9.90e+00 2.23e+11 
8.93e+12   19      0 1.00e-20 9.42e+00 2.16e+11 
9.37e+12   20      0 1.00e-20 9.58e+00 2.08e+11 
9.84e+12   21      0 1.00e-20 9.26e+00 2.02e+11 
1.03e+13   22      0 1.00e-20 9.43e+00 1.95e+11 
1.08e+13   23      0 1.00e-20 9.55e+00 1.90e+11 
1.14e+13   24      0 1.00e-20 9.66e+00 1.84e+11 
1.19e+13   25      0 1.00e-20 8.69e+00 1.79e+11 
1.25e+13   26      0 1.00e-20 1.00e+01 1.74e+11 
1.32e+13   27      0 1.00e-20 9.81e+00 1.69e+11 
1.38e+13   28      0 1.00e-20 1.05e+01 1.64e+11 
1.45e+13   29      0 1.00e-20 9.59e+00 1.59e+11 
1.52e+13   30      0 1.00e-20 9.72e+00 1.54e+11 
1.60e+13   31      0 1.00e-20 9.96e+00 1.49e+11 
1.68e+13   32      0 1.00e-20 1.11e+01 1.44e+11 
1.76e+13   33      0 1.00e-20 1.12e+01 1.39e+11 
1.85e+13   34      0 1.00e-20 1.03e+01 1.34e+11 
1.94e+13   35      0 1.00e-20 1.04e+01 1.29e+11 
2.04e+13   36      0 1.00e-20 1.05e+01 1.25e+11 
2.14e+13   37      0 1.00e-20 1.08e+01 1.20e+11 
2.25e+13   38      0 1.00e-20 1.09e+01 1.16e+11 
2.36e+13   39      0 1.00e-20 1.12e+01 1.12e+11 
2.48e+13   40      0 1.00e-20 1.13e+01 1.08e+11 
2.60e+13   41      0 1.00e-20 1.15e+01 1.04e+11 
2.73e+13   42      0 1.00e-20 1.20e+01 1.01e+11 
2.86e+13   43      0 1.00e-20 1.25e+01 9.72e+10 
3.01e+13   44      0 1.00e-20 1.28e+01 9.31e+10 
3.16e+13   45      0 1.00e-20 1.34e+01 8.94e+10 
3.31e+13   46      0 1.00e-20 1.37e+01 8.52e+10 
3.48e+13   47      0 1.00e-20 1.41e+01 8.11e+10 
3.65e+13   48      0 1.00e-20 1.53e+01 7.67e+10 
3.83e+13   49      0 1.00e-20 1.58e+01 7.23e+10 
4.02e+13   50      0 1.00e-20 1.61e+01 6.76e+10 
4.22e+13   51      0 1.00e-20 1.65e+01 6.29e+10 
4.43e+13   52      0 1.00e-20 1.72e+01 5.85e+10 
4.65e+13   53      0 1.00e-20 1.72e+01 5.40e+10 
4.88e+13   54      0 1.00e-20 1.73e+01 4.98e+10 
5.13e+13   55      0 1.00e-20 1.87e+01 4.61e+10 
5.38e+13   56      0 1.00e-20 1.79e+01 4.25e+10 
5.65e+13   57      0 1.00e-20 1.81e+01 3.93e+10 
5.93e+13   58      0 1.00e-20 1.92e+01 3.63e+10 
6.23e+13   59      0 1.00e-20 1.99e+01 3.35e+10 
6.54e+13   60      0 1.00e-20 2.11e+01 3.10e+10 
6.86e+13   61      0 3.51e-10 2.26e+01 2.85e+10 
7.20e+13   62      0 3.88e-10 2.30e+01 2.63e+10 
7.56e+13   63      0 4.43e-10 2.39e+01 2.43e+10 
7.94e+13   64      0 5.07e-10 2.50e+01 2.24e+10 
8.33e+13   65      0 6.02e-10 2.68e+01 2.06e+10 
8.75e+13   66      0 6.94e-10 2.82e+01 1.89e+10 
9.18e+13   67      0 8.65e-10 3.18e+01 1.75e+10 
9.64e+13   68      0 9.74e-10 3.28e+01 1.61e+10 
1.01e+14   69      0 1.19e-09 3.65e+01 1.49e+10 
1.06e+14   70      0 1.46e-09 4.10e+01 1.37e+10 
1.11e+14   71      0 1.67e-09 4.29e+01 1.27e+10 
1.17e+14   72      0 2.43e-09 5.02e+01 1.18e+10 
1.23e+14   73      0 3.00e-09 5.72e+01 1.09e+10 
1.29e+14   74      0 3.39e-09 5.96e+01 1.01e+10 
1.35e+14   75      0 4.35e-09 7.04e+01 9.37e+09 
1.42e+14   76      0 4.96e-09 7.50e+01 8.60e+09 
1.49e+14   77      0 5.71e-09 8.00e+01 7.91e+09 
1.57e+14   78      0 6.93e-09 9.08e+01 7.30e+09 
1.64e+14   79      0 7.88e-09 9.61e+01 6.77e+09 
1.73e+14   80      0 9.22e-09 1.01e+02 6.26e+09 
1.81e+14   81      0 1.09e-08 1.11e+02 5.81e+09 
1.90e+14   82      0 1.27e-08 1.20e+02 5.43e+09 
2.00e+14   83      0 1.45e-08 1.29e+02 5.05e+09 
2.10e+14   84      0 1.57e-08 1.30e+02 4.70e+09 
2.20e+14   85      0 1.86e-08 1.43e+02 4.39e+09 
2.31e+14   86      0 1.99e-08 1.43e+02 4.11e+09 
2.42e+14   87      0 2.34e-08 1.57e+02 3.83e+09 
2.55e+14   88      0 2.67e-08 1.65e+02 3.64e+09 
2.67e+14   89      0 3.41e-08 1.88e+02 3.52e+09 
2.80e+14   90      0 4.43e-08 2.18e+02 3.42e+09 
2.94e+14   91      0 5.68e-08 2.51e+02 3.30e+09 
3.09e+14   92      0 7.31e-08 2.87e+02 3.19e+09 
3.24e+14   93      0 1.06e-07 3.58e+02 3.18e+09 
3.41e+14   94      0 1.57e-07 4.45e+02 3.15e+09 
3.58e+14   95      0 2.28e-07 5.46e+02 3.03e+09 
3.75e+14   96      0 3.21e-07 6.59e+02 2.85e+09 
3.94e+14   97      0 4.02e-07 7.15e+02 2.59e+09 
4.14e+14   98      0 4.47e-07 7.33e+02 2.16e+09 
4.34e+14   99      0 5.44e-07 7.97e+02 1.90e+09 
4.56e+14  100      0 6.56e-07 8.57e+02 1.71e+09 
4.78e+14  101      0 1.01e-06 1.09e+03 1.62e+09 
5.02e+14  102      0 1.38e-06 1.27e+03 1.48e+09 
5.27e+14  103      0 1.58e-06 1.31e+03 1.28e+09 
5.53e+14  104      0 2.03e-06 1.46e+03 1.14e+09 
5.81e+14  105      0 2.32e-06 1.49e+03 9.59e+08 
6.10e+14  106      0 2.89e-06 1.60e+03 8.18e+08 
6.40e+14  107      0 4.06e-06 1.83e+03 6.93e+08 
6.72e+14  108     -1 0.00e+00 0.00e+00 0.00e+00 
7.06e+14  109     -1 0.00e+00 0.00e+00 0.00e+00 
