       r    i inwind      i01      i02 
3.55e+12    0     -1 0.00e+00 0.00e+00 
3.73e+12    1      0 3.19e+02 5.44e+12 
3.91e+12    2      0 2.22e+02 5.24e+12 
4.11e+12    3      0 2.06e+02 5.01e+12 
4.31e+12    4      0 1.82e+02 4.73e+12 
4.52e+12    5      0 1.37e+02 4.44e+12 
4.75e+12    6      0 9.47e+01 4.16e+12 
4.99e+12    7      0 8.47e+01 3.93e+12 
5.23e+12    8      0 1.15e+02 3.67e+12 
5.49e+12    9      0 5.90e+01 3.48e+12 
5.77e+12   10      0 4.60e+01 3.29e+12 
6.05e+12   11      0 5.13e+01 3.13e+12 
6.36e+12   12      0 4.50e+01 2.98e+12 
6.67e+12   13      0 4.37e+01 2.82e+12 
7.00e+12   14      0 4.53e+01 2.70e+12 
7.35e+12   15      0 3.62e+01 2.58e+12 
7.72e+12   16      0 3.41e+01 2.46e+12 
8.10e+12   17      0 3.25e+01 2.37e+12 
8.51e+12   18      0 3.18e+01 2.28e+12 
8.93e+12   19      0 2.97e+01 2.21e+12 
9.37e+12   20      0 2.94e+01 2.12e+12 
9.84e+12   21      0 2.76e+01 2.07e+12 
1.03e+13   22      0 2.81e+01 2.00e+12 
1.08e+13   23      0 2.52e+01 1.94e+12 
1.14e+13   24      0 2.55e+01 1.88e+12 
1.19e+13   25      0 2.25e+01 1.83e+12 
1.25e+13   26      0 2.47e+01 1.78e+12 
1.32e+13   27      0 2.44e+01 1.73e+12 
1.38e+13   28      0 2.50e+01 1.68e+12 
1.45e+13   29      0 2.38e+01 1.63e+12 
1.52e+13   30      0 2.50e+01 1.58e+12 
1.60e+13   31      0 2.36e+01 1.53e+12 
1.68e+13   32      0 2.40e+01 1.47e+12 
1.76e+13   33      0 2.39e+01 1.42e+12 
1.85e+13   34      0 2.36e+01 1.37e+12 
1.94e+13   35      0 2.41e+01 1.32e+12 
2.04e+13   36      0 2.28e+01 1.28e+12 
2.14e+13   37      0 2.27e+01 1.23e+12 
2.25e+13   38      0 2.39e+01 1.19e+12 
2.36e+13   39      0 2.96e+01 1.15e+12 
2.48e+13   40      0 2.99e+01 1.11e+12 
2.60e+13   41      0 3.06e+01 1.07e+12 
2.73e+13   42      0 3.10e+01 1.03e+12 
2.86e+13   43      0 4.00e+01 9.95e+11 
3.01e+13   44      0 3.14e+01 9.53e+11 
3.16e+13   45      0 3.12e+01 9.15e+11 
3.31e+13   46      0 2.46e+01 8.72e+11 
3.48e+13   47      0 3.06e+01 8.30e+11 
3.65e+13   48      0 2.99e+01 7.85e+11 
3.83e+13   49      0 2.93e+01 7.39e+11 
4.02e+13   50      0 2.84e+01 6.92e+11 
4.22e+13   51      0 2.69e+01 6.44e+11 
4.43e+13   52      0 2.16e+01 5.99e+11 
4.65e+13   53      0 2.12e+01 5.53e+11 
4.88e+13   54      0 1.95e+01 5.10e+11 
5.13e+13   55      0 1.90e+01 4.71e+11 
5.38e+13   56      0 1.77e+01 4.35e+11 
5.65e+13   57      0 1.69e+01 4.02e+11 
5.93e+13   58      0 1.59e+01 3.72e+11 
6.23e+13   59      0 1.50e+01 3.43e+11 
6.54e+13   60      0 1.36e+01 3.17e+11 
6.86e+13   61      0 1.31e+01 2.92e+11 
7.20e+13   62      0 1.22e+01 2.69e+11 
7.56e+13   63      0 1.18e+01 2.48e+11 
7.94e+13   64      0 1.10e+01 2.29e+11 
8.33e+13   65      0 1.02e+01 2.11e+11 
8.75e+13   66      0 9.44e+00 1.94e+11 
9.18e+13   67      0 9.33e+00 1.79e+11 
9.64e+13   68      0 9.02e+00 1.65e+11 
1.01e+14   69      0 8.32e+00 1.52e+11 
1.06e+14   70      0 8.01e+00 1.41e+11 
1.11e+14   71      0 7.45e+00 1.30e+11 
1.17e+14   72      0 7.26e+00 1.21e+11 
1.23e+14   73      0 7.08e+00 1.11e+11 
1.29e+14   74      0 6.60e+00 1.03e+11 
1.35e+14   75      0 6.76e+00 9.59e+10 
1.42e+14   76      0 6.53e+00 8.80e+10 
1.49e+14   77      0 6.48e+00 8.09e+10 
1.57e+14   78      0 6.08e+00 7.47e+10 
1.64e+14   79      0 6.11e+00 6.93e+10 
1.73e+14   80      0 5.92e+00 6.41e+10 
1.81e+14   81      0 5.69e+00 5.94e+10 
1.90e+14   82      0 6.01e+00 5.56e+10 
2.00e+14   83      0 5.75e+00 5.17e+10 
2.10e+14   84      0 5.79e+00 4.81e+10 
2.20e+14   85      0 5.89e+00 4.50e+10 
2.31e+14   86      0 5.74e+00 4.21e+10 
2.42e+14   87      0 5.71e+00 3.92e+10 
2.55e+14   88      0 5.57e+00 3.73e+10 
2.67e+14   89      0 6.57e+00 3.61e+10 
2.80e+14   90      0 6.57e+00 3.50e+10 
2.94e+14   91      0 7.52e+00 3.38e+10 
3.09e+14   92      0 8.06e+00 3.26e+10 
3.24e+14   93      0 8.48e+00 3.25e+10 
3.41e+14   94      0 1.00e+01 3.22e+10 
3.58e+14   95      0 1.16e+01 3.10e+10 
3.75e+14   96      0 1.37e+01 2.91e+10 
3.94e+14   97      0 1.44e+01 2.65e+10 
4.14e+14   98      0 1.34e+01 2.21e+10 
4.34e+14   99      0 1.26e+01 1.95e+10 
4.56e+14  100      0 1.34e+01 1.75e+10 
4.78e+14  101      0 1.48e+01 1.66e+10 
5.02e+14  102      0 1.62e+01 1.51e+10 
5.27e+14  103      0 1.52e+01 1.31e+10 
5.53e+14  104      0 1.58e+01 1.17e+10 
5.81e+14  105      0 1.47e+01 9.81e+09 
6.10e+14  106      0 1.44e+01 8.37e+09 
6.40e+14  107      0 1.52e+01 7.10e+09 
6.72e+14  108     -1 0.00e+00 0.00e+00 
7.06e+14  109     -1 0.00e+00 0.00e+00 
