       r    i inwind      i01      i02      i03 
4.31e+12    0     -1 0.00e+00 0.00e+00 0.00e+00 
4.52e+12    1      0 1.77e-31 8.33e-12 1.00e+00 
4.75e+12    2      0 1.95e-31 6.92e-12 1.00e+00 
4.99e+12    3      0 2.15e-31 5.89e-12 1.00e+00 
5.23e+12    4      0 2.41e-31 4.41e-12 1.00e+00 
5.49e+12    5      0 2.70e-31 3.92e-12 1.00e+00 
5.77e+12    6      0 3.03e-31 4.92e-12 1.00e+00 
6.05e+12    7      0 3.39e-31 3.61e-12 1.00e+00 
6.36e+12    8      0 3.78e-31 3.26e-12 1.00e+00 
6.67e+12    9      0 4.16e-31 3.18e-12 1.00e+00 
7.00e+12   10      0 4.53e-31 2.47e-12 1.00e+00 
7.35e+12   11      0 4.85e-31 3.21e-12 1.00e+00 
7.72e+12   12      0 5.19e-31 2.66e-12 1.00e+00 
8.10e+12   13      0 5.44e-31 3.92e-12 1.00e+00 
8.51e+12   14      0 5.62e-31 2.83e-12 1.00e+00 
8.93e+12   15      0 5.75e-31 3.60e-12 1.00e+00 
9.37e+12   16      0 5.87e-31 2.87e-12 1.00e+00 
9.84e+12   17      0 5.89e-31 3.46e-12 1.00e+00 
1.03e+13   18      0 5.83e-31 2.95e-12 1.00e+00 
1.08e+13   19      0 5.69e-31 3.31e-12 1.00e+00 
1.14e+13   20      0 5.57e-31 3.36e-12 1.00e+00 
1.19e+13   21      0 5.38e-31 4.06e-12 1.00e+00 
1.25e+13   22      0 5.17e-31 3.89e-12 1.00e+00 
1.32e+13   23      0 4.97e-31 5.31e-12 1.00e+00 
1.38e+13   24      0 4.79e-31 4.46e-12 1.00e+00 
1.45e+13   25      0 4.62e-31 5.39e-12 1.00e+00 
1.52e+13   26      0 4.43e-31 5.66e-12 1.00e+00 
1.60e+13   27      0 4.31e-31 8.27e-12 1.00e+00 
1.68e+13   28      0 4.19e-31 9.16e-12 1.00e+00 
1.76e+13   29      0 4.10e-31 1.04e-11 1.00e+00 
1.85e+13   30      0 4.00e-31 9.20e-12 1.00e+00 
1.94e+13   31      0 3.96e-31 1.13e-11 1.00e+00 
2.04e+13   32      0 3.91e-31 1.31e-11 1.00e+00 
2.14e+13   33      0 3.88e-31 1.39e-11 1.00e+00 
2.25e+13   34      0 3.86e-31 1.24e-11 1.00e+00 
2.36e+13   35      0 3.87e-31 1.43e-11 1.00e+00 
2.48e+13   36      0 3.87e-31 1.73e-11 1.00e+00 
2.60e+13   37      0 3.88e-31 1.95e-11 1.00e+00 
2.73e+13   38      0 3.91e-31 1.92e-11 1.00e+00 
2.86e+13   39      0 3.94e-31 2.01e-11 1.00e+00 
3.01e+13   40      0 3.99e-31 2.32e-11 1.00e+00 
3.16e+13   41      0 4.03e-31 2.44e-11 1.00e+00 
3.31e+13   42      0 4.09e-31 2.43e-11 1.00e+00 
3.48e+13   43      0 4.18e-31 3.09e-11 1.00e+00 
3.65e+13   44      0 4.24e-31 2.82e-11 1.00e+00 
3.83e+13   45      0 4.34e-31 3.20e-11 1.00e+00 
4.02e+13   46      0 4.44e-31 3.28e-11 1.00e+00 
4.22e+13   47      0 4.54e-31 3.77e-11 1.00e+00 
4.43e+13   48      0 4.67e-31 4.24e-11 1.00e+00 
4.65e+13   49      0 4.81e-31 4.56e-11 1.00e+00 
4.88e+13   50      0 4.99e-31 4.70e-11 1.00e+00 
5.13e+13   51      0 5.16e-31 4.46e-11 1.00e+00 
5.38e+13   52      0 5.38e-31 5.06e-11 1.00e+00 
5.65e+13   53      0 5.62e-31 5.71e-11 1.00e+00 
5.93e+13   54      0 5.89e-31 6.30e-11 1.00e+00 
6.23e+13   55      0 6.17e-31 6.79e-11 1.00e+00 
6.54e+13   56      0 6.49e-31 6.96e-11 1.00e+00 
6.86e+13   57      0 6.85e-31 8.11e-11 1.00e+00 
7.20e+13   58      0 7.25e-31 8.79e-11 1.00e+00 
7.56e+13   59      0 7.66e-31 9.24e-11 1.00e+00 
7.94e+13   60      0 8.12e-31 9.81e-11 1.00e+00 
8.33e+13   61      0 8.61e-31 1.11e-10 1.00e+00 
8.75e+13   62      0 9.17e-31 1.25e-10 1.00e+00 
9.18e+13   63      0 9.76e-31 1.32e-10 1.00e+00 
9.64e+13   64      0 1.04e-30 1.55e-10 1.00e+00 
1.01e+14   65      0 1.11e-30 1.63e-10 1.00e+00 
1.06e+14   66      0 1.18e-30 1.85e-10 1.00e+00 
1.11e+14   67      0 1.26e-30 2.02e-10 1.00e+00 
1.17e+14   68      0 1.34e-30 2.28e-10 1.00e+00 
1.23e+14   69      0 1.43e-30 2.56e-10 1.00e+00 
1.29e+14   70      0 1.52e-30 2.85e-10 1.00e+00 
1.35e+14   71      0 1.63e-30 3.18e-10 1.00e+00 
1.42e+14   72      0 1.73e-30 3.76e-10 1.00e+00 
1.49e+14   73      0 1.84e-30 4.06e-10 1.00e+00 
1.57e+14   74      0 1.96e-30 4.63e-10 1.00e+00 
1.64e+14   75      0 2.08e-30 5.34e-10 1.00e+00 
1.73e+14   76      0 2.22e-30 6.20e-10 1.00e+00 
1.81e+14   77      0 2.37e-30 6.83e-10 1.00e+00 
1.90e+14   78      0 2.54e-30 7.85e-10 1.00e+00 
2.00e+14   79      0 1.03e-20 8.94e-10 1.00e+00 
2.10e+14   80      0 1.29e-20 1.04e-09 1.00e+00 
2.20e+14   81      0 1.52e-20 1.14e-09 1.00e+00 
2.31e+14   82      0 1.79e-20 1.26e-09 1.00e+00 
2.42e+14   83      0 2.23e-20 1.46e-09 1.00e+00 
2.55e+14   84      0 2.72e-20 1.65e-09 1.00e+00 
2.67e+14   85      0 3.18e-20 1.79e-09 1.00e+00 
2.80e+14   86      0 3.88e-20 2.03e-09 1.00e+00 
2.94e+14   87      0 4.78e-20 2.32e-09 1.00e+00 
3.09e+14   88      0 6.03e-20 2.69e-09 1.00e+00 
3.24e+14   89      0 7.17e-20 2.98e-09 1.00e+00 
3.41e+14   90      0 9.30e-20 3.54e-09 1.00e+00 
3.58e+14   91      0 1.06e-19 3.74e-09 1.00e+00 
3.75e+14   92      0 1.57e-19 4.35e-09 1.00e+00 
3.94e+14   93      0 1.87e-19 4.82e-09 1.00e+00 
4.14e+14   94      0 2.27e-19 5.38e-09 1.00e+00 
4.34e+14   95      0 2.84e-19 6.22e-09 1.00e+00 
4.56e+14   96      0 3.40e-19 6.88e-09 1.00e+00 
4.78e+14   97      0 4.22e-19 7.83e-09 1.00e+00 
5.02e+14   98      0 5.10e-19 8.69e-09 1.00e+00 
5.27e+14   99      0 6.25e-19 9.87e-09 1.00e+00 
5.53e+14  100      0 7.50e-19 1.08e-08 1.00e+00 
5.81e+14  101      0 9.25e-19 1.22e-08 1.00e+00 
6.10e+14  102      0 1.15e-18 1.37e-08 1.00e+00 
6.40e+14  103      0 1.52e-18 1.58e-08 1.00e+00 
6.72e+14  104     -1 0.00e+00 0.00e+00 0.00e+00 
7.06e+14  105     -1 0.00e+00 0.00e+00 0.00e+00 
