       r    i inwind      i01      i02      i03      i04      i05      i06      i07      i08      i09 
4.31e+12    0     -1 0.00e+00 0.00e+00 0.00e+00 0.00e+00 0.00e+00 0.00e+00 0.00e+00 0.00e+00 0.00e+00 
4.52e+12    1      0 1.00e-20 1.00e-20 1.00e-20 1.00e-20 1.00e-20 1.00e-20 1.01e-16 3.38e-08 1.00e+00 
4.75e+12    2      0 1.00e-20 1.00e-20 1.00e-20 1.00e-20 1.00e-20 1.00e-20 1.43e-16 4.05e-08 1.00e+00 
4.99e+12    3      0 1.00e-20 1.00e-20 1.00e-20 1.00e-20 1.00e-20 1.00e-20 1.98e-16 4.81e-08 1.00e+00 
5.23e+12    4      0 1.00e-20 1.00e-20 1.00e-20 1.00e-20 1.00e-20 1.00e-20 2.73e-16 5.71e-08 1.00e+00 
5.49e+12    5      0 1.00e-20 1.00e-20 1.00e-20 1.00e-20 1.00e-20 1.00e-20 3.85e-16 6.86e-08 1.00e+00 
5.77e+12    6      0 1.00e-20 1.00e-20 1.00e-20 1.00e-20 1.00e-20 1.00e-20 5.70e-16 8.46e-08 1.00e+00 
6.05e+12    7      0 1.00e-20 1.00e-20 1.00e-20 1.00e-20 1.00e-20 1.00e-20 8.83e-16 1.07e-07 1.00e+00 
6.36e+12    8      0 1.00e-20 1.00e-20 1.00e-20 1.00e-20 1.00e-20 1.00e-20 1.44e-15 1.39e-07 1.00e+00 
6.67e+12    9      0 1.00e-20 1.00e-20 1.00e-20 1.00e-20 1.00e-20 1.00e-20 2.50e-15 1.87e-07 1.00e+00 
7.00e+12   10      0 1.00e-20 1.00e-20 1.00e-20 1.00e-20 1.00e-20 1.00e-20 4.43e-15 2.53e-07 1.00e+00 
7.35e+12   11      0 1.00e-20 1.00e-20 1.00e-20 1.00e-20 1.00e-20 1.00e-20 8.11e-15 3.50e-07 1.00e+00 
7.72e+12   12      0 1.00e-20 1.00e-20 1.00e-20 1.00e-20 1.00e-20 1.00e-20 1.51e-14 4.87e-07 1.00e+00 
8.10e+12   13      0 1.00e-20 1.00e-20 1.00e-20 1.00e-20 1.00e-20 1.00e-20 2.92e-14 6.91e-07 1.00e+00 
8.51e+12   14      0 1.00e-20 1.00e-20 1.00e-20 1.00e-20 1.00e-20 1.00e-20 5.86e-14 9.99e-07 1.00e+00 
8.93e+12   15      0 1.00e-20 1.00e-20 1.00e-20 1.00e-20 1.00e-20 1.00e-20 1.24e-13 1.49e-06 1.00e+00 
9.37e+12   16      0 1.00e-20 1.00e-20 1.00e-20 1.00e-20 1.00e-20 1.00e-20 2.61e-13 2.21e-06 1.00e+00 
9.84e+12   17      0 1.00e-20 1.00e-20 1.00e-20 1.00e-20 1.00e-20 1.00e-20 5.65e-13 3.32e-06 1.00e+00 
1.03e+13   18      0 1.00e-20 1.00e-20 1.00e-20 1.00e-20 1.00e-20 1.00e-20 1.24e-12 5.02e-06 1.00e+00 
1.08e+13   19      0 1.00e-20 1.00e-20 1.00e-20 1.00e-20 1.00e-20 1.00e-20 2.94e-12 7.90e-06 1.00e+00 
1.14e+13   20      0 1.00e-20 1.00e-20 1.00e-20 1.00e-20 1.00e-20 1.00e-20 7.02e-12 1.25e-05 1.00e+00 
1.19e+13   21      0 1.00e-20 1.00e-20 1.00e-20 1.00e-20 1.00e-20 1.00e-20 1.65e-11 1.96e-05 1.00e+00 
1.25e+13   22      0 1.00e-20 1.00e-20 1.00e-20 1.00e-20 1.00e-20 1.00e-20 3.96e-11 3.11e-05 1.00e+00 
1.32e+13   23      0 1.00e-20 1.00e-20 1.00e-20 1.00e-20 1.00e-20 1.97e-20 9.42e-11 4.90e-05 1.00e+00 
1.38e+13   24      0 1.00e-20 1.00e-20 1.00e-20 1.00e-20 1.00e-20 5.88e-20 2.33e-10 7.88e-05 1.00e+00 
1.45e+13   25      0 1.00e-20 1.00e-20 1.00e-20 1.00e-20 1.00e-20 1.66e-19 5.43e-10 1.23e-04 1.00e+00 
1.52e+13   26      0 1.00e-20 1.00e-20 1.00e-20 1.00e-20 1.00e-20 5.06e-19 1.35e-09 1.98e-04 1.00e+00 
1.60e+13   27      0 1.00e-20 1.00e-20 1.00e-20 1.00e-20 1.00e-20 1.49e-18 3.27e-09 3.14e-04 1.00e+00 
1.68e+13   28      0 1.00e-20 1.00e-20 1.00e-20 1.00e-20 1.00e-20 4.73e-18 8.53e-09 5.21e-04 9.99e-01 
1.76e+13   29      0 1.00e-20 1.00e-20 1.00e-20 1.00e-20 1.00e-20 1.46e-17 2.16e-08 8.50e-04 9.99e-01 
1.85e+13   30      0 1.00e-20 1.00e-20 1.00e-20 1.00e-20 1.00e-20 4.35e-17 5.24e-08 1.35e-03 9.99e-01 
1.94e+13   31      0 1.00e-20 1.00e-20 1.00e-20 1.00e-20 1.00e-20 1.32e-16 1.31e-07 2.23e-03 9.98e-01 
2.04e+13   32      0 1.00e-20 1.00e-20 1.00e-20 1.00e-20 1.00e-20 4.46e-16 3.61e-07 3.88e-03 9.96e-01 
2.14e+13   33      0 1.00e-20 1.00e-20 1.00e-20 1.00e-20 1.00e-20 1.48e-15 9.83e-07 6.72e-03 9.93e-01 
2.25e+13   34      0 1.00e-20 1.00e-20 1.00e-20 1.00e-20 1.00e-20 5.49e-15 2.98e-06 1.24e-02 9.88e-01 
2.36e+13   35      0 1.00e-20 1.00e-20 1.00e-20 1.00e-20 1.00e-20 1.91e-14 8.49e-06 2.23e-02 9.78e-01 
2.48e+13   36      0 1.00e-20 1.00e-20 1.00e-20 1.00e-20 1.00e-20 5.14e-14 1.87e-05 3.23e-02 9.68e-01 
2.60e+13   37      0 1.00e-20 1.00e-20 1.00e-20 1.00e-20 1.00e-20 1.72e-13 5.15e-05 5.46e-02 9.45e-01 
2.73e+13   38      0 1.00e-20 1.00e-20 1.00e-20 1.00e-20 9.11e-20 6.05e-12 1.50e-03 9.99e-01 1.86e-16 
2.86e+13   39      0 1.00e-20 1.00e-20 1.00e-20 1.00e-20 2.10e-19 1.17e-11 2.38e-03 9.98e-01 5.88e-17 
3.01e+13   40      0 1.00e-20 1.00e-20 1.00e-20 1.00e-20 4.23e-19 1.98e-11 3.38e-03 9.97e-01 1.95e-17 
3.16e+13   41      0 1.00e-20 1.00e-20 1.00e-20 1.00e-20 9.35e-19 3.69e-11 5.22e-03 9.95e-01 6.88e-18 
3.31e+13   42      0 1.00e-20 1.00e-20 1.00e-20 1.00e-20 2.69e-18 8.98e-11 1.07e-02 9.89e-01 2.49e-18 
3.48e+13   43      0 1.00e-20 1.00e-20 1.00e-20 1.00e-20 3.53e-18 1.01e-10 1.01e-02 9.90e-01 9.66e-19 
3.65e+13   44      0 1.00e-20 1.00e-20 1.00e-20 1.00e-20 1.07e-17 2.62e-10 2.23e-02 9.78e-01 3.97e-19 
3.83e+13   45      0 1.00e-20 1.00e-20 1.00e-20 1.00e-20 6.62e-16 1.39e-08 1.00e+00 4.88e-16 1.00e-20 
4.02e+13   46      0 1.00e-20 1.00e-20 1.00e-20 1.00e-20 8.97e-16 1.63e-08 1.00e+00 2.44e-16 1.00e-20 
4.22e+13   47      0 1.00e-20 1.00e-20 1.00e-20 1.00e-20 1.22e-15 1.91e-08 1.00e+00 1.22e-16 1.00e-20 
4.43e+13   48      0 1.00e-20 1.00e-20 1.00e-20 1.00e-20 1.64e-15 2.22e-08 1.00e+00 6.22e-17 1.00e-20 
4.65e+13   49      0 1.00e-20 1.00e-20 1.00e-20 1.00e-20 2.19e-15 2.58e-08 1.00e+00 3.12e-17 1.00e-20 
4.88e+13   50      0 1.00e-20 1.00e-20 1.00e-20 1.00e-20 2.89e-15 2.98e-08 1.00e+00 1.56e-17 1.00e-20 
5.13e+13   51      0 1.00e-20 1.00e-20 1.00e-20 1.00e-20 3.83e-15 3.44e-08 1.00e+00 7.93e-18 1.00e-20 
5.38e+13   52      0 1.00e-20 1.00e-20 1.00e-20 1.00e-20 5.03e-15 3.96e-08 1.00e+00 3.80e-18 1.00e-20 
5.65e+13   53      0 1.00e-20 1.00e-20 1.00e-20 1.00e-20 6.61e-15 4.56e-08 1.00e+00 1.77e-18 1.00e-20 
5.93e+13   54      0 1.00e-20 1.00e-20 1.00e-20 1.00e-20 8.65e-15 5.24e-08 1.00e+00 8.18e-19 1.00e-20 
6.23e+13   55      0 1.00e-20 1.00e-20 1.00e-20 1.00e-20 1.13e-14 6.03e-08 1.00e+00 3.76e-19 1.00e-20 
6.54e+13   56      0 1.00e-20 1.00e-20 1.00e-20 1.00e-20 1.48e-14 6.91e-08 1.00e+00 1.62e-19 1.00e-20 
6.86e+13   57      0 1.00e-20 1.00e-20 1.00e-20 1.00e-20 1.91e-14 7.89e-08 1.00e+00 6.85e-20 1.00e-20 
7.20e+13   58      0 1.00e-20 1.00e-20 1.00e-20 1.00e-20 2.45e-14 8.97e-08 1.00e+00 2.92e-20 1.00e-20 
7.56e+13   59      0 1.00e-20 1.00e-20 1.00e-20 1.00e-20 3.19e-14 1.03e-07 1.00e+00 1.22e-20 1.00e-20 
7.94e+13   60      0 1.00e-20 1.00e-20 1.00e-20 1.00e-20 4.10e-14 1.17e-07 1.00e+00 1.00e-20 1.00e-20 
8.33e+13   61      0 1.00e-20 1.00e-20 1.00e-20 1.00e-20 5.31e-14 1.34e-07 1.00e+00 1.00e-20 1.00e-20 
8.75e+13   62      0 1.00e-20 1.00e-20 1.00e-20 1.00e-20 6.79e-14 1.52e-07 1.00e+00 1.00e-20 1.00e-20 
9.18e+13   63      0 1.00e-20 1.00e-20 1.00e-20 1.00e-20 8.69e-14 1.73e-07 1.00e+00 1.00e-20 1.00e-20 
9.64e+13   64      0 1.00e-20 1.00e-20 1.00e-20 1.00e-20 1.11e-13 1.96e-07 1.00e+00 1.00e-20 1.00e-20 
1.01e+14   65      0 1.00e-20 1.00e-20 1.00e-20 1.40e-20 1.44e-13 2.24e-07 1.00e+00 1.00e-20 1.00e-20 
1.06e+14   66      0 1.00e-20 1.00e-20 1.00e-20 1.98e-20 1.84e-13 2.55e-07 1.00e+00 1.00e-20 1.00e-20 
1.11e+14   67      0 1.00e-20 1.00e-20 1.00e-20 2.77e-20 2.36e-13 2.90e-07 1.00e+00 1.00e-20 1.00e-20 
1.17e+14   68      0 1.00e-20 1.00e-20 1.00e-20 3.90e-20 3.01e-13 3.28e-07 1.00e+00 1.00e-20 1.00e-20 
1.23e+14   69      0 1.00e-20 1.00e-20 1.00e-20 5.52e-20 3.87e-13 3.74e-07 1.00e+00 1.00e-20 1.00e-20 
1.29e+14   70      0 1.00e-20 1.00e-20 1.00e-20 7.86e-20 4.99e-13 4.27e-07 1.00e+00 1.00e-20 1.00e-20 
1.35e+14   71      0 1.00e-20 1.00e-20 1.00e-20 1.11e-19 6.41e-13 4.85e-07 1.00e+00 1.00e-20 1.00e-20 
1.42e+14   72      0 1.00e-20 1.00e-20 1.00e-20 1.59e-19 8.31e-13 5.56e-07 1.00e+00 1.00e-20 1.00e-20 
1.49e+14   73      0 1.00e-20 1.00e-20 1.00e-20 2.30e-19 1.08e-12 6.39e-07 1.00e+00 1.00e-20 1.00e-20 
1.57e+14   74      0 1.00e-20 1.00e-20 1.00e-20 3.29e-19 1.40e-12 7.31e-07 1.00e+00 1.00e-20 1.00e-20 
1.64e+14   75      0 1.00e-20 1.00e-20 1.00e-20 4.77e-19 1.83e-12 8.38e-07 1.00e+00 1.00e-20 1.00e-20 
1.73e+14   76      0 1.00e-20 1.00e-20 1.00e-20 6.97e-19 2.41e-12 9.67e-07 1.00e+00 1.00e-20 1.00e-20 
1.81e+14   77      0 1.00e-20 1.00e-20 1.00e-20 1.00e-18 3.14e-12 1.11e-06 1.00e+00 1.00e-20 1.00e-20 
1.90e+14   78      0 1.00e-20 1.00e-20 1.00e-20 1.43e-18 4.06e-12 1.27e-06 1.00e+00 1.00e-20 1.00e-20 
2.00e+14   79      0 1.00e-20 1.00e-20 1.00e-20 2.01e-18 5.20e-12 1.44e-06 1.00e+00 1.00e-20 1.00e-20 
2.10e+14   80      0 1.00e-20 1.00e-20 1.00e-20 2.85e-18 6.70e-12 1.65e-06 1.00e+00 1.00e-20 1.00e-20 
2.20e+14   81      0 1.00e-20 1.00e-20 1.00e-20 3.91e-18 8.44e-12 1.86e-06 1.00e+00 1.00e-20 1.00e-20 
2.31e+14   82      0 1.00e-20 1.00e-20 1.00e-20 5.40e-18 1.07e-11 2.12e-06 1.00e+00 1.00e-20 1.00e-20 
2.42e+14   83      0 1.00e-20 1.00e-20 1.00e-20 7.53e-18 1.37e-11 2.42e-06 1.00e+00 1.00e-20 1.00e-20 
2.55e+14   84      0 1.00e-20 1.00e-20 1.00e-20 1.04e-17 1.74e-11 2.73e-06 1.00e+00 1.00e-20 1.00e-20 
2.67e+14   85      0 1.00e-20 1.00e-20 1.00e-20 1.46e-17 2.23e-11 3.12e-06 1.00e+00 1.00e-20 1.00e-20 
2.80e+14   86      0 1.00e-20 1.00e-20 1.00e-20 2.02e-17 2.82e-11 3.53e-06 1.00e+00 1.00e-20 1.00e-20 
2.94e+14   87      0 1.00e-20 1.00e-20 1.00e-20 2.78e-17 3.57e-11 4.01e-06 1.00e+00 1.00e-20 1.00e-20 
3.09e+14   88      0 1.00e-20 1.00e-20 1.00e-20 3.78e-17 4.46e-11 4.51e-06 1.00e+00 1.00e-20 1.00e-20 
3.24e+14   89      0 1.00e-20 1.00e-20 1.00e-20 5.22e-17 5.67e-11 5.15e-06 1.00e+00 1.00e-20 1.00e-20 
3.41e+14   90      0 1.00e-20 1.00e-20 1.00e-20 7.41e-17 7.33e-11 5.90e-06 1.00e+00 1.00e-20 1.00e-20 
3.58e+14   91      0 1.00e-20 1.00e-20 1.00e-20 1.01e-16 9.17e-11 6.67e-06 1.00e+00 1.00e-20 1.00e-20 
3.75e+14   92      0 1.00e-20 1.00e-20 1.00e-20 1.38e-16 1.16e-10 7.61e-06 1.00e+00 1.00e-20 1.00e-20 
3.94e+14   93      0 1.00e-20 1.00e-20 1.00e-20 1.84e-16 1.42e-10 8.39e-06 1.00e+00 1.00e-20 1.00e-20 
4.14e+14   94      0 1.00e-20 1.00e-20 1.00e-20 2.49e-16 1.77e-10 9.50e-06 1.00e+00 1.00e-20 1.00e-20 
4.34e+14   95      0 1.00e-20 1.00e-20 1.00e-20 3.38e-16 2.22e-10 1.07e-05 1.00e+00 1.00e-20 1.00e-20 
4.56e+14   96      0 1.00e-20 1.00e-20 1.00e-20 4.50e-16 2.71e-10 1.19e-05 1.00e+00 1.00e-20 1.00e-20 
4.78e+14   97      0 1.00e-20 1.00e-20 1.00e-20 6.01e-16 3.38e-10 1.35e-05 1.00e+00 1.00e-20 1.00e-20 
5.02e+14   98      0 1.00e-20 1.00e-20 1.00e-20 8.25e-16 4.23e-10 1.52e-05 1.00e+00 1.00e-20 1.00e-20 
5.27e+14   99      0 1.00e-20 1.00e-20 1.00e-20 1.07e-15 5.02e-10 1.65e-05 1.00e+00 1.00e-20 1.00e-20 
5.53e+14  100      0 1.00e-20 1.00e-20 1.00e-20 1.42e-15 6.25e-10 1.88e-05 1.00e+00 1.00e-20 1.00e-20 
5.81e+14  101      0 1.00e-20 1.00e-20 1.00e-20 1.87e-15 7.54e-10 2.06e-05 1.00e+00 1.00e-20 1.00e-20 
6.10e+14  102      0 1.00e-20 1.00e-20 1.00e-20 2.59e-15 9.47e-10 2.32e-05 1.00e+00 1.00e-20 1.00e-20 
6.40e+14  103      0 1.00e-20 1.00e-20 1.00e-20 3.95e-15 1.29e-09 2.75e-05 1.00e+00 1.00e-20 1.00e-20 
6.72e+14  104     -1 0.00e+00 0.00e+00 0.00e+00 0.00e+00 0.00e+00 0.00e+00 0.00e+00 0.00e+00 0.00e+00 
7.06e+14  105     -1 0.00e+00 0.00e+00 0.00e+00 0.00e+00 0.00e+00 0.00e+00 0.00e+00 0.00e+00 0.00e+00 
