       r    i inwind      i01      i02 
4.31e+12    0     -1 0.00e+00 0.00e+00 
4.52e+12    1      0 1.44e+00 5.78e+11 
4.75e+12    2      0 1.51e+00 5.25e+11 
4.99e+12    3      0 5.75e-01 4.77e+11 
5.23e+12    4      0 4.19e-01 4.25e+11 
5.49e+12    5      0 5.43e-01 3.78e+11 
5.77e+12    6      0 4.85e-01 3.38e+11 
6.05e+12    7      0 3.43e-01 3.02e+11 
6.36e+12    8      0 2.82e-01 2.71e+11 
6.67e+12    9      0 2.64e-01 2.46e+11 
7.00e+12   10      0 1.61e-01 2.26e+11 
7.35e+12   11      0 1.72e-01 2.11e+11 
7.72e+12   12      0 1.66e-01 1.97e+11 
8.10e+12   13      0 9.62e-02 1.88e+11 
8.51e+12   14      0 7.19e-02 1.82e+11 
8.93e+12   15      0 1.22e-01 1.78e+11 
9.37e+12   16      0 8.35e-02 1.74e+11 
9.84e+12   17      0 1.07e-01 1.74e+11 
1.03e+13   18      0 8.24e-02 1.76e+11 
1.08e+13   19      0 8.15e-02 1.80e+11 
1.14e+13   20      0 1.51e-01 1.84e+11 
1.19e+13   21      0 1.97e-01 1.90e+11 
1.25e+13   22      0 2.51e-01 1.98e+11 
1.32e+13   23      0 1.33e-01 2.06e+11 
1.38e+13   24      0 1.39e-01 2.13e+11 
1.45e+13   25      0 3.81e-01 2.22e+11 
1.52e+13   26      0 3.23e-01 2.31e+11 
1.60e+13   27      0 4.78e-01 2.37e+11 
1.68e+13   28      0 5.10e-01 2.44e+11 
1.76e+13   29      0 2.74e-01 2.50e+11 
1.85e+13   30      0 5.58e-01 2.56e+11 
1.94e+13   31      0 3.18e-01 2.58e+11 
2.04e+13   32      0 4.01e-01 2.62e+11 
2.14e+13   33      0 3.49e-01 2.64e+11 
2.25e+13   34      0 8.51e-01 2.65e+11 
2.36e+13   35      0 9.34e-01 2.65e+11 
2.48e+13   36      0 4.92e-01 2.65e+11 
2.60e+13   37      0 7.94e-01 2.64e+11 
2.73e+13   38      0 9.45e-01 2.62e+11 
2.86e+13   39      0 9.82e-01 2.60e+11 
3.01e+13   40      0 5.70e-01 2.56e+11 
3.16e+13   41      0 8.77e-01 2.54e+11 
3.31e+13   42      0 9.86e-01 2.50e+11 
3.48e+13   43      0 1.08e+00 2.45e+11 
3.65e+13   44      0 6.71e-01 2.41e+11 
3.83e+13   45      0 9.70e-01 2.36e+11 
4.02e+13   46      0 8.04e-01 2.31e+11 
4.22e+13   47      0 1.16e+00 2.26e+11 
4.43e+13   48      0 9.03e-01 2.19e+11 
4.65e+13   49      0 9.13e-01 2.13e+11 
4.88e+13   50      0 8.70e-01 2.05e+11 
5.13e+13   51      0 1.09e+00 1.98e+11 
5.38e+13   52      0 8.22e-01 1.90e+11 
5.65e+13   53      0 7.99e-01 1.82e+11 
5.93e+13   54      0 1.01e+00 1.74e+11 
6.23e+13   55      0 7.48e-01 1.66e+11 
6.54e+13   56      0 9.46e-01 1.58e+11 
6.86e+13   57      0 9.25e-01 1.49e+11 
7.20e+13   58      0 6.62e-01 1.41e+11 
7.56e+13   59      0 6.34e-01 1.34e+11 
7.94e+13   60      0 6.12e-01 1.26e+11 
8.33e+13   61      0 7.99e-01 1.19e+11 
8.75e+13   62      0 5.59e-01 1.12e+11 
9.18e+13   63      0 5.36e-01 1.05e+11 
9.64e+13   64      0 5.81e-01 9.84e+10 
1.01e+14   65      0 6.93e-01 9.26e+10 
1.06e+14   66      0 4.48e-01 8.69e+10 
1.11e+14   67      0 6.51e-01 8.13e+10 
1.17e+14   68      0 4.55e-01 7.62e+10 
1.23e+14   69      0 5.67e-01 7.15e+10 
1.29e+14   70      0 4.42e-01 6.71e+10 
1.35e+14   71      0 4.25e-01 6.29e+10 
1.42e+14   72      0 4.43e-01 5.91e+10 
1.49e+14   73      0 3.83e-01 5.55e+10 
1.57e+14   74      0 4.66e-01 5.22e+10 
1.64e+14   75      0 3.91e-01 4.91e+10 
1.73e+14   76      0 3.89e-01 4.61e+10 
1.81e+14   77      0 3.58e-01 4.32e+10 
1.90e+14   78      0 4.13e-01 4.02e+10 
2.00e+14   79      0 3.60e-01 3.74e+10 
2.10e+14   80      0 4.16e-01 3.46e+10 
2.20e+14   81      0 3.49e-01 3.20e+10 
2.31e+14   82      0 3.44e-01 2.94e+10 
2.42e+14   83      0 3.15e-01 2.72e+10 
2.55e+14   84      0 3.50e-01 2.52e+10 
2.67e+14   85      0 3.20e-01 2.33e+10 
2.80e+14   86      0 3.21e-01 2.15e+10 
2.94e+14   87      0 3.06e-01 1.99e+10 
3.09e+14   88      0 3.54e-01 1.84e+10 
3.24e+14   89      0 3.58e-01 1.70e+10 
3.41e+14   90      0 3.30e-01 1.58e+10 
3.58e+14   91      0 3.65e-01 1.46e+10 
3.75e+14   92      0 3.35e-01 1.34e+10 
3.94e+14   93      0 3.57e-01 1.23e+10 
4.14e+14   94      0 3.44e-01 1.12e+10 
4.34e+14   95      0 3.55e-01 1.02e+10 
4.56e+14   96      0 3.68e-01 9.30e+09 
4.78e+14   97      0 3.10e-01 8.37e+09 
5.02e+14   98      0 3.21e-01 7.55e+09 
5.27e+14   99      0 3.41e-01 6.73e+09 
5.53e+14  100      0 3.18e-01 5.94e+09 
5.81e+14  101      0 3.26e-01 5.21e+09 
6.10e+14  102      0 3.22e-01 4.53e+09 
6.40e+14  103      0 3.03e-01 3.90e+09 
6.72e+14  104     -1 0.00e+00 0.00e+00 
7.06e+14  105     -1 0.00e+00 0.00e+00 
