       r    i inwind      i01      i02      i03 
4.31e+12    0     -1 0.00e+00 0.00e+00 0.00e+00 
4.52e+12    1      0 1.00e-20 4.71e-01 5.65e+10 
4.75e+12    2      0 1.00e-20 3.55e-01 5.13e+10 
4.99e+12    3      0 1.00e-20 2.74e-01 4.66e+10 
5.23e+12    4      0 1.00e-20 1.83e-01 4.16e+10 
5.49e+12    5      0 1.00e-20 1.45e-01 3.70e+10 
5.77e+12    6      0 1.00e-20 1.63e-01 3.31e+10 
6.05e+12    7      0 1.00e-20 1.06e-01 2.95e+10 
6.36e+12    8      0 1.00e-20 8.63e-02 2.65e+10 
6.67e+12    9      0 1.00e-20 7.64e-02 2.40e+10 
7.00e+12   10      0 1.00e-20 5.46e-02 2.21e+10 
7.35e+12   11      0 1.00e-20 6.61e-02 2.06e+10 
7.72e+12   12      0 1.00e-20 5.12e-02 1.93e+10 
8.10e+12   13      0 1.00e-20 7.19e-02 1.84e+10 
8.51e+12   14      0 1.00e-20 5.04e-02 1.78e+10 
8.93e+12   15      0 1.00e-20 6.27e-02 1.74e+10 
9.37e+12   16      0 1.00e-20 4.90e-02 1.70e+10 
9.84e+12   17      0 1.00e-20 5.88e-02 1.70e+10 
1.03e+13   18      0 1.00e-20 5.05e-02 1.72e+10 
1.08e+13   19      0 1.00e-20 5.81e-02 1.76e+10 
1.14e+13   20      0 1.00e-20 6.03e-02 1.79e+10 
1.19e+13   21      0 1.00e-20 7.54e-02 1.86e+10 
1.25e+13   22      0 1.00e-20 7.52e-02 1.93e+10 
1.32e+13   23      0 1.00e-20 1.07e-01 2.01e+10 
1.38e+13   24      0 1.00e-20 9.30e-02 2.09e+10 
1.45e+13   25      0 1.00e-20 1.17e-01 2.17e+10 
1.52e+13   26      0 1.00e-20 1.28e-01 2.26e+10 
1.60e+13   27      0 1.00e-20 1.92e-01 2.32e+10 
1.68e+13   28      0 1.00e-20 2.19e-01 2.39e+10 
1.76e+13   29      0 1.00e-20 2.54e-01 2.44e+10 
1.85e+13   30      0 1.00e-20 2.30e-01 2.50e+10 
1.94e+13   31      0 1.00e-20 2.86e-01 2.53e+10 
2.04e+13   32      0 1.00e-20 3.34e-01 2.56e+10 
2.14e+13   33      0 1.00e-20 3.58e-01 2.58e+10 
2.25e+13   34      0 1.00e-20 3.22e-01 2.59e+10 
2.36e+13   35      0 1.00e-20 3.70e-01 2.59e+10 
2.48e+13   36      0 1.00e-20 4.47e-01 2.59e+10 
2.60e+13   37      0 1.00e-20 5.03e-01 2.58e+10 
2.73e+13   38      0 1.00e-20 4.92e-01 2.56e+10 
2.86e+13   39      0 1.00e-20 5.11e-01 2.54e+10 
3.01e+13   40      0 1.00e-20 5.80e-01 2.51e+10 
3.16e+13   41      0 1.00e-20 6.05e-01 2.48e+10 
3.31e+13   42      0 1.00e-20 5.95e-01 2.44e+10 
3.48e+13   43      0 1.00e-20 7.41e-01 2.39e+10 
3.65e+13   44      0 1.00e-20 6.65e-01 2.36e+10 
3.83e+13   45      0 1.00e-20 7.38e-01 2.31e+10 
4.02e+13   46      0 1.00e-20 7.40e-01 2.25e+10 
4.22e+13   47      0 1.00e-20 8.32e-01 2.20e+10 
4.43e+13   48      0 1.00e-20 9.08e-01 2.14e+10 
4.65e+13   49      0 1.00e-20 9.47e-01 2.08e+10 
4.88e+13   50      0 1.00e-20 9.42e-01 2.00e+10 
5.13e+13   51      0 1.00e-20 8.63e-01 1.94e+10 
5.38e+13   52      0 1.00e-20 9.40e-01 1.86e+10 
5.65e+13   53      0 1.00e-20 1.02e+00 1.78e+10 
5.93e+13   54      0 1.00e-20 1.07e+00 1.70e+10 
6.23e+13   55      0 1.00e-20 1.10e+00 1.62e+10 
6.54e+13   56      0 1.00e-20 1.07e+00 1.54e+10 
6.86e+13   57      0 1.00e-20 1.18e+00 1.46e+10 
7.20e+13   58      0 1.00e-20 1.21e+00 1.38e+10 
7.56e+13   59      0 1.00e-20 1.21e+00 1.31e+10 
7.94e+13   60      0 1.00e-20 1.21e+00 1.23e+10 
8.33e+13   61      0 1.00e-20 1.29e+00 1.16e+10 
8.75e+13   62      0 1.00e-20 1.36e+00 1.09e+10 
9.18e+13   63      0 1.00e-20 1.35e+00 1.02e+10 
9.64e+13   64      0 1.00e-20 1.49e+00 9.62e+09 
1.01e+14   65      0 1.00e-20 1.48e+00 9.05e+09 
1.06e+14   66      0 1.00e-20 1.57e+00 8.49e+09 
1.11e+14   67      0 1.00e-20 1.60e+00 7.94e+09 
1.17e+14   68      0 1.00e-20 1.70e+00 7.45e+09 
1.23e+14   69      0 1.00e-20 1.79e+00 6.99e+09 
1.29e+14   70      0 1.00e-20 1.87e+00 6.56e+09 
1.35e+14   71      0 1.00e-20 1.96e+00 6.15e+09 
1.42e+14   72      0 1.00e-20 2.17e+00 5.77e+09 
1.49e+14   73      0 1.00e-20 2.20e+00 5.42e+09 
1.57e+14   74      0 1.00e-20 2.36e+00 5.10e+09 
1.64e+14   75      0 1.00e-20 2.56e+00 4.80e+09 
1.73e+14   76      0 1.00e-20 2.79e+00 4.51e+09 
1.81e+14   77      0 1.00e-20 2.88e+00 4.22e+09 
1.90e+14   78      0 1.00e-20 3.09e+00 3.93e+09 
2.00e+14   79      0 3.75e-11 3.27e+00 3.65e+09 
2.10e+14   80      0 4.35e-11 3.53e+00 3.38e+09 
2.20e+14   81      0 4.74e-11 3.57e+00 3.12e+09 
2.31e+14   82      0 5.14e-11 3.62e+00 2.87e+09 
2.42e+14   83      0 5.94e-11 3.89e+00 2.66e+09 
2.55e+14   84      0 6.70e-11 4.06e+00 2.46e+09 
2.67e+14   85      0 7.26e-11 4.09e+00 2.28e+09 
2.80e+14   86      0 8.16e-11 4.28e+00 2.11e+09 
2.94e+14   87      0 9.31e-11 4.52e+00 1.95e+09 
3.09e+14   88      0 1.08e-10 4.85e+00 1.80e+09 
3.24e+14   89      0 1.19e-10 4.95e+00 1.66e+09 
3.41e+14   90      0 1.44e-10 5.47e+00 1.54e+09 
3.58e+14   91      0 1.51e-10 5.31e+00 1.42e+09 
3.75e+14   92      0 2.05e-10 5.69e+00 1.31e+09 
3.94e+14   93      0 2.24e-10 5.78e+00 1.20e+09 
4.14e+14   94      0 2.48e-10 5.88e+00 1.09e+09 
4.34e+14   95      0 2.84e-10 6.21e+00 9.98e+08 
4.56e+14   96      0 3.09e-10 6.25e+00 9.08e+08 
4.78e+14   97      0 3.45e-10 6.41e+00 8.18e+08 
5.02e+14   98      0 3.76e-10 6.41e+00 7.38e+08 
5.27e+14   99      0 4.11e-10 6.49e+00 6.58e+08 
5.53e+14  100      0 4.36e-10 6.26e+00 5.81e+08 
5.81e+14  101      0 4.71e-10 6.24e+00 5.09e+08 
6.10e+14  102      0 5.10e-10 6.07e+00 4.43e+08 
6.40e+14  103      0 5.80e-10 6.02e+00 3.81e+08 
6.72e+14  104     -1 0.00e+00 0.00e+00 0.00e+00 
7.06e+14  105     -1 0.00e+00 0.00e+00 0.00e+00 
