        r    i inwind converge       v_x       v_y       v_z       vol       rho        ne       t_e       t_r         w  ave_freq         j   lum_tot  heat_tot heat_comp heat_line   heat_ff heat_phot heat_auge  cool_tot cool_comp lum_lines   cool_dr    lum_ff   cool_rr cool_adia heat_shoc heat_line heat_phot 
4.310e+12    0     -1        0  4.89e+07  0.00e+00  0.00e+00  0.00e+00  0.00e+00  0.00e+00  0.00e+00  0.00e+00  0.00e+00  0.00e+00  0.00e+00  0.00e+00  0.00e+00  0.00e+00  0.00e+00  0.00e+00  0.00e+00  0.00e+00  0.00e+00  0.00e+00  0.00e+00  0.00e+00  0.00e+00  0.00e+00  0.00e+00  0.00e+00  0.00e+00  0.00e+00 
4.525e+12    1      0        0  2.06e+08  0.00e+00  0.00e+00  6.08e+37  1.36e-12  6.95e+11  9.49e+05  9.68e+05  5.76e-01  7.73e+16  9.11e+18  8.83e+37  2.06e+42  2.01e+42  6.76e+31  5.47e+37  1.45e+37  0.00e+00  2.06e+42  2.06e+42  5.91e+31  0.00e+00  6.90e+37  1.93e+37  1.31e+37  0.00e+00  6.76e+31  9.04e+36 
4.750e+12    2      0        0  4.51e+08  0.00e+00  0.00e+00  7.04e+37  1.23e-12  6.31e+11  9.32e+05  9.52e+05  5.15e-01  7.60e+16  7.62e+18  8.37e+37  1.78e+42  1.74e+42  5.83e+31  5.07e+37  1.35e+37  0.00e+00  1.78e+42  1.78e+42  6.27e+31  0.00e+00  6.51e+37  1.85e+37  1.58e+37  0.00e+00  5.83e+31  8.33e+36 
4.986e+12    3      0        0  7.34e+08  0.00e+00  0.00e+00  8.15e+37  1.12e-12  5.73e+11  9.14e+05  9.36e+05  4.66e-01  7.47e+16  6.44e+18  7.94e+37  1.55e+42  1.52e+42  4.12e+31  4.74e+37  1.28e+37  0.00e+00  1.55e+42  1.55e+42  2.75e+31  0.00e+00  6.16e+37  1.78e+37  1.94e+37  0.00e+00  4.12e+31  7.80e+36 
5.234e+12    4      0        0  1.07e+09  0.00e+00  0.00e+00  9.43e+37  9.97e-13  5.11e+11  8.95e+05  9.18e+05  4.26e-01  7.33e+16  5.47e+18  7.26e+37  1.33e+42  1.30e+42  3.39e+31  4.37e+37  1.15e+37  0.00e+00  1.33e+42  1.33e+42  1.98e+31  0.00e+00  5.62e+37  1.65e+37  2.27e+37  0.00e+00  3.39e+31  6.89e+36 
5.495e+12    5      0        0  1.47e+09  0.00e+00  0.00e+00  1.09e+38  8.87e-13  4.55e+11  8.75e+05  8.99e+05  3.94e-01  7.18e+16  4.65e+18  6.61e+37  1.14e+42  1.12e+42  1.91e+31  4.01e+37  1.01e+37  0.00e+00  1.14e+42  1.14e+42  2.50e+31  0.00e+00  5.09e+37  1.52e+37  2.64e+37  0.00e+00  1.91e+31  5.90e+36 
5.768e+12    6      0        0  1.93e+09  0.00e+00  0.00e+00  1.26e+38  7.93e-13  4.07e+11  8.52e+05  8.78e+05  3.70e-01  7.01e+16  3.96e+18  6.07e+37  9.78e+41  9.60e+41  7.90e+30  3.74e+37  9.40e+36  0.00e+00  9.78e+41  9.77e+41  2.61e+31  0.00e+00  4.65e+37  1.42e+37  3.11e+37  0.00e+00  7.88e+30  5.54e+36 
6.055e+12    7      0        0  2.49e+09  0.00e+00  0.00e+00  1.46e+38  7.08e-13  3.63e+11  8.28e+05  8.54e+05  3.50e-01  6.82e+16  3.37e+18  5.55e+37  8.36e+41  8.22e+41  1.26e+31  3.51e+37  8.73e+36  0.00e+00  8.36e+41  8.36e+41  1.78e+31  0.00e+00  4.23e+37  1.32e+37  3.54e+37  0.00e+00  1.26e+31  5.18e+36 
6.356e+12    8      0        0  3.13e+09  0.00e+00  0.00e+00  1.70e+38  6.35e-13  3.26e+11  8.01e+05  8.29e+05  3.37e-01  6.62e+16  2.88e+18  5.13e+37  7.20e+41  7.07e+41  9.01e+30  3.38e+37  7.84e+36  0.00e+00  7.19e+41  7.19e+41  1.57e+31  0.00e+00  3.89e+37  1.25e+37  3.92e+37  0.00e+00  9.00e+30  4.53e+36 
6.672e+12    9      0        0  3.85e+09  0.00e+00  0.00e+00  1.97e+38  5.77e-13  2.96e+11  7.74e+05  8.04e+05  3.27e-01  6.42e+16  2.47e+18  4.87e+37  6.28e+41  6.17e+41  7.62e+30  3.32e+37  7.43e+36  0.00e+00  6.27e+41  6.27e+41  1.53e+31  0.00e+00  3.66e+37  1.21e+37  4.10e+37  0.00e+00  7.60e+30  4.31e+36 
7.004e+12   10      0        0  4.58e+09  0.00e+00  0.00e+00  2.29e+38  5.30e-13  2.72e+11  7.47e+05  7.79e+05  3.20e-01  6.22e+16  2.12e+18  4.72e+37  5.57e+41  5.47e+41  6.48e+30  3.32e+37  7.25e+36  0.00e+00  5.57e+41  5.57e+41  9.94e+30  0.00e+00  3.53e+37  1.19e+37  4.09e+37  0.00e+00  6.46e+30  4.20e+36 
7.353e+12   11      0        0  5.26e+09  0.00e+00  0.00e+00  2.66e+38  4.94e-13  2.53e+11  7.21e+05  7.54e+05  3.15e-01  6.02e+16  1.84e+18  4.72e+37  5.04e+41  4.95e+41  5.08e+30  3.47e+37  7.28e+36  0.00e+00  5.04e+41  5.04e+41  1.30e+31  0.00e+00  3.50e+37  1.22e+37  4.21e+37  0.00e+00  5.05e+30  4.22e+36 
7.719e+12   12      0        0  5.90e+09  0.00e+00  0.00e+00  3.09e+38  4.62e-13  2.37e+11  6.96e+05  7.31e+05  3.11e-01  5.83e+16  1.60e+18  4.74e+37  4.60e+41  4.52e+41  8.59e+30  3.64e+37  7.28e+36  0.00e+00  4.59e+41  4.59e+41  1.25e+31  0.00e+00  3.49e+37  1.25e+37  4.34e+37  0.00e+00  8.57e+30  4.21e+36 
8.103e+12   13      0        0  6.53e+09  0.00e+00  0.00e+00  3.59e+38  4.41e-13  2.26e+11  6.71e+05  7.08e+05  3.09e-01  5.65e+16  1.40e+18  4.96e+37  4.29e+41  4.22e+41  9.23e+30  3.97e+37  7.71e+36  0.00e+00  4.29e+41  4.29e+41  1.12e+31  0.00e+00  3.62e+37  1.33e+37  4.53e+37  0.00e+00  9.20e+30  4.47e+36 
8.506e+12   14      0        0  7.12e+09  0.00e+00  0.00e+00  4.17e+38  4.27e-13  2.19e+11  6.47e+05  6.85e+05  3.08e-01  5.47e+16  1.23e+18  5.35e+37  4.09e+41  4.01e+41  1.29e+31  4.48e+37  8.52e+36  0.00e+00  4.09e+41  4.08e+41  7.84e+30  0.00e+00  3.88e+37  1.47e+37  4.86e+37  0.00e+00  1.29e+31  4.99e+36 
8.929e+12   15      0        0  7.69e+09  0.00e+00  0.00e+00  4.85e+38  4.18e-13  2.14e+11  6.23e+05  6.63e+05  3.10e-01  5.29e+16  1.08e+18  5.89e+37  3.95e+41  3.87e+41  7.41e+30  5.19e+37  9.42e+36  0.00e+00  3.94e+41  3.94e+41  1.58e+31  0.00e+00  4.24e+37  1.65e+37  5.39e+37  0.00e+00  7.37e+30  5.55e+36 
9.373e+12   16      0        0  8.29e+09  0.00e+00  0.00e+00  5.64e+38  4.09e-13  2.10e+11  6.00e+05  6.42e+05  3.12e-01  5.12e+16  9.55e+17  6.49e+37  3.82e+41  3.75e+41  5.69e+30  6.15e+37  1.03e+37  0.00e+00  3.82e+41  3.82e+41  1.22e+31  0.00e+00  4.64e+37  1.85e+37  5.74e+37  0.00e+00  5.63e+30  5.97e+36 
9.839e+12   17      0        0  8.85e+09  0.00e+00  0.00e+00  6.57e+38  4.07e-13  2.09e+11  5.77e+05  6.21e+05  3.16e-01  4.96e+16  8.48e+17  7.42e+37  3.79e+41  3.71e+41  7.94e+30  7.37e+37  1.26e+37  0.00e+00  3.78e+41  3.78e+41  1.98e+31  0.00e+00  5.26e+37  2.16e+37  6.17e+37  0.00e+00  7.87e+30  7.55e+36 
1.033e+13   18      0        0  9.37e+09  0.00e+00  0.00e+00  7.64e+38  4.11e-13  2.11e+11  5.56e+05  6.01e+05  3.20e-01  4.80e+16  7.55e+17  8.72e+37  3.82e+41  3.74e+41  2.75e+31  9.10e+37  1.49e+37  0.00e+00  3.82e+41  3.82e+41  1.57e+31  0.00e+00  6.14e+37  2.59e+37  6.71e+37  0.00e+00  2.74e+31  8.85e+36 
1.084e+13   19      0        0  9.84e+09  0.00e+00  0.00e+00  8.89e+38  4.22e-13  2.16e+11  5.36e+05  5.82e+05  3.25e-01  4.65e+16  6.74e+17  1.05e+38  3.92e+41  3.83e+41  3.33e+31  1.16e+38  1.83e+37  0.00e+00  3.92e+41  3.91e+41  1.95e+31  0.00e+00  7.36e+37  3.19e+37  7.77e+37  0.00e+00  3.32e+31  1.09e+37 
1.138e+13   20      0        0  1.03e+10  0.00e+00  0.00e+00  1.04e+39  4.31e-13  2.21e+11  5.16e+05  5.64e+05  3.31e-01  4.50e+16  6.03e+17  1.27e+38  4.01e+41  3.92e+41  3.34e+31  1.45e+38  2.13e+37  0.00e+00  4.01e+41  4.01e+41  4.01e+31  0.00e+00  8.77e+37  3.90e+37  8.61e+37  0.00e+00  3.32e+31  1.30e+37 
1.195e+13   21      0        0  1.08e+10  0.00e+00  0.00e+00  1.20e+39  4.46e-13  2.29e+11  4.97e+05  5.46e+05  3.37e-01  4.36e+16  5.40e+17  1.56e+38  4.17e+41  4.08e+41  3.43e+31  1.85e+38  2.57e+37  0.00e+00  4.17e+41  4.17e+41  7.09e+31  0.00e+00  1.07e+38  4.90e+37  9.52e+37  0.00e+00  3.40e+31  1.57e+37 
1.254e+13   22      0        0  1.12e+10  0.00e+00  0.00e+00  1.40e+39  4.64e-13  2.38e+11  4.80e+05  5.29e+05  3.43e-01  4.22e+16  4.84e+17  1.95e+38  4.37e+41  4.26e+41  7.66e+31  2.44e+38  3.28e+37  0.00e+00  4.37e+41  4.37e+41  1.01e+32  0.00e+00  1.33e+38  6.21e+37  1.05e+38  0.00e+00  7.62e+31  2.03e+37 
1.317e+13   23      0        0  1.16e+10  0.00e+00  0.00e+00  1.63e+39  4.83e-13  2.48e+11  4.62e+05  5.12e+05  3.49e-01  4.09e+16  4.34e+17  2.43e+38  4.58e+41  4.46e+41  1.00e+32  3.18e+38  4.17e+37  0.00e+00  4.58e+41  4.57e+41  8.16e+31  0.00e+00  1.64e+38  7.88e+37  1.24e+38  0.00e+00  9.97e+31  2.63e+37 
1.382e+13   24      0        0  1.20e+10  0.00e+00  0.00e+00  1.90e+39  5.00e-13  2.57e+11  4.46e+05  4.96e+05  3.55e-01  3.96e+16  3.89e+17  3.01e+38  4.77e+41  4.64e+41  1.65e+32  4.12e+38  5.16e+37  0.00e+00  4.76e+41  4.76e+41  8.64e+31  0.00e+00  2.02e+38  9.92e+37  1.38e+38  0.00e+00  1.64e+32  3.25e+37 
1.451e+13   25      0        0  1.23e+10  0.00e+00  0.00e+00  2.21e+39  5.19e-13  2.66e+11  4.30e+05  4.81e+05  3.62e-01  3.84e+16  3.48e+17  3.73e+38  4.97e+41  4.83e+41  2.21e+32  5.26e+38  6.70e+37  0.00e+00  4.96e+41  4.96e+41  2.92e+32  0.00e+00  2.48e+38  1.25e+38  1.52e+38  0.00e+00  2.20e+32  4.09e+37 
1.523e+13   26      0        0  1.27e+10  0.00e+00  0.00e+00  2.57e+39  5.41e-13  2.77e+11  4.14e+05  4.65e+05  3.68e-01  3.71e+16  3.11e+17  4.66e+38  5.19e+41  5.04e+41  1.29e+32  6.80e+38  8.60e+37  0.00e+00  5.19e+41  5.18e+41  3.00e+32  0.00e+00  3.07e+38  1.59e+38  1.69e+38  0.00e+00  1.27e+32  5.14e+37 
1.599e+13   27      0        0  1.29e+10  0.00e+00  0.00e+00  2.98e+39  5.57e-13  2.86e+11  4.00e+05  4.50e+05  3.75e-01  3.59e+16  2.78e+17  5.67e+38  5.34e+41  5.17e+41  3.33e+32  8.68e+38  1.06e+38  0.00e+00  5.34e+41  5.33e+41  5.94e+32  0.00e+00  3.71e+38  1.96e+38  1.91e+38  0.00e+00  3.30e+32  6.68e+37 
1.678e+13   28      0        0  1.32e+10  0.00e+00  0.00e+00  3.47e+39  5.73e-13  2.94e+11  3.85e+05  4.35e+05  3.83e-01  3.47e+16  2.47e+17  6.91e+38  5.48e+41  5.30e+41  4.47e+32  1.10e+39  1.36e+38  0.00e+00  5.48e+41  5.47e+41  7.94e+32  0.00e+00  4.48e+38  2.43e+38  2.12e+38  0.00e+00  4.43e+32  8.75e+37 
1.762e+13   29      0        0  1.35e+10  0.00e+00  0.00e+00  4.03e+39  5.85e-13  3.00e+11  3.71e+05  4.20e+05  3.91e-01  3.35e+16  2.20e+17  8.29e+38  5.58e+41  5.38e+41  7.06e+32  1.36e+39  1.51e+38  0.00e+00  5.58e+41  5.57e+41  6.01e+32  0.00e+00  5.33e+38  2.96e+38  2.29e+38  0.00e+00  7.01e+32  1.01e+38 
1.850e+13   30      0        0  1.37e+10  0.00e+00  0.00e+00  4.68e+39  6.00e-13  3.08e+11  3.58e+05  4.06e+05  3.98e-01  3.24e+16  1.95e+17  1.00e+39  5.68e+41  5.47e+41  8.95e+32  1.70e+39  1.78e+38  0.00e+00  5.68e+41  5.67e+41  1.16e+33  0.00e+00  6.38e+38  3.63e+38  2.48e+38  0.00e+00  8.88e+32  1.22e+38 
1.942e+13   31      0        0  1.39e+10  0.00e+00  0.00e+00  5.43e+39  6.06e-13  3.11e+11  3.45e+05  3.92e+05  4.07e-01  3.13e+16  1.73e+17  1.17e+39  5.70e+41  5.47e+41  1.28e+33  2.07e+39  2.18e+38  0.00e+00  5.69e+41  5.68e+41  9.66e+32  0.00e+00  7.41e+38  4.32e+38  2.71e+38  0.00e+00  1.27e+33  1.57e+38 
2.038e+13   32      0        0  1.40e+10  0.00e+00  0.00e+00  6.30e+39  6.14e-13  3.15e+11  3.32e+05  3.78e+05  4.17e-01  3.02e+16  1.53e+17  1.38e+39  5.72e+41  5.48e+41  1.63e+33  2.55e+39  2.42e+38  0.00e+00  5.72e+41  5.70e+41  1.43e+33  0.00e+00  8.66e+38  5.16e+38  2.92e+38  0.00e+00  1.61e+33  1.77e+38 
2.140e+13   33      0        0  1.42e+10  0.00e+00  0.00e+00  7.31e+39  6.18e-13  3.17e+11  3.21e+05  3.64e+05  4.27e-01  2.91e+16  1.36e+17  1.61e+39  5.71e+41  5.45e+41  2.13e+33  3.08e+39  3.00e+38  0.00e+00  5.71e+41  5.69e+41  1.54e+33  0.00e+00  9.99e+38  6.09e+38  3.06e+38  0.00e+00  2.12e+33  2.28e+38 
2.246e+13   34      0        0  1.43e+10  0.00e+00  0.00e+00  8.47e+39  6.21e-13  3.18e+11  3.09e+05  3.51e+05  4.38e-01  2.80e+16  1.20e+17  1.86e+39  5.68e+41  5.40e+41  2.23e+33  3.70e+39  3.07e+38  0.00e+00  5.68e+41  5.66e+41  3.39e+33  0.00e+00  1.15e+39  7.15e+38  3.28e+38  0.00e+00  2.20e+33  2.58e+38 
2.358e+13   35      0        0  1.44e+10  0.00e+00  0.00e+00  9.81e+39  6.21e-13  3.18e+11  2.99e+05  3.39e+05  4.48e-01  2.70e+16  1.06e+17  2.13e+39  5.62e+41  5.33e+41  2.47e+33  4.39e+39  3.46e+38  0.00e+00  5.62e+41  5.59e+41  4.65e+33  0.00e+00  1.30e+39  8.29e+38  3.44e+38  0.00e+00  2.44e+33  3.08e+38 
2.475e+13   36      0        0  1.44e+10  0.00e+00  0.00e+00  1.14e+40  6.20e-13  3.18e+11  2.89e+05  3.26e+05  4.60e-01  2.61e+16  9.42e+16  2.44e+39  5.57e+41  5.26e+41  4.02e+33  5.17e+39  4.24e+38  0.00e+00  5.57e+41  5.55e+41  3.36e+33  0.00e+00  1.48e+39  9.62e+38  3.59e+38  0.00e+00  3.97e+33  3.57e+38 
2.598e+13   37      0        0  1.44e+10  0.00e+00  0.00e+00  1.31e+40  6.18e-13  3.17e+11  2.80e+05  3.15e+05  4.72e-01  2.51e+16  8.35e+16  2.78e+39  5.51e+41  5.18e+41  3.25e+33  6.03e+39  5.59e+38  0.00e+00  5.51e+41  5.48e+41  5.88e+33  0.00e+00  1.67e+39  1.11e+39  3.73e+38  0.00e+00  2.13e+33  4.09e+38 
2.728e+13   38      0        0  1.44e+10  0.00e+00  0.00e+00  1.52e+40  6.14e-13  3.15e+11  2.71e+05  3.03e+05  4.84e-01  2.42e+16  7.41e+16  3.08e+39  5.44e+41  5.09e+41  6.07e+33  7.02e+39  6.05e+38  0.00e+00  5.45e+41  5.41e+41  7.50e+33  0.00e+00  1.86e+39  1.22e+39  3.87e+38  0.00e+00  5.21e+33  4.91e+38 
2.863e+13   39      0        0  1.43e+10  0.00e+00  0.00e+00  1.75e+40  6.09e-13  3.12e+11  2.63e+05  2.93e+05  4.95e-01  2.34e+16  6.58e+16  3.48e+39  5.39e+41  5.02e+41  5.98e+33  8.13e+39  6.37e+38  0.00e+00  5.39e+41  5.35e+41  8.61e+33  0.00e+00  2.08e+39  1.39e+39  3.96e+38  0.00e+00  5.35e+33  5.41e+38 
3.006e+13   40      0        0  1.42e+10  0.00e+00  0.00e+00  2.02e+40  6.01e-13  3.08e+11  2.56e+05  2.83e+05  5.06e-01  2.26e+16  5.87e+16  3.87e+39  5.32e+41  4.93e+41  8.02e+33  9.26e+39  6.89e+38  0.00e+00  5.32e+41  5.28e+41  6.86e+33  0.00e+00  2.31e+39  1.57e+39  3.98e+38  0.00e+00  7.46e+33  6.25e+38 
3.155e+13   41      0        0  1.41e+10  0.00e+00  0.00e+00  2.33e+40  5.95e-13  3.05e+11  2.50e+05  2.74e+05  5.16e-01  2.19e+16  5.23e+16  4.34e+39  5.29e+41  4.86e+41  8.66e+33  1.06e+40  7.39e+38  0.00e+00  5.29e+41  5.24e+41  1.07e+34  0.00e+00  2.57e+39  1.78e+39  4.02e+38  0.00e+00  8.11e+33  7.05e+38 
3.312e+13   42      0        0  1.39e+10  0.00e+00  0.00e+00  2.69e+40  5.86e-13  3.00e+11  2.44e+05  2.65e+05  5.26e-01  2.12e+16  4.67e+16  4.82e+39  5.24e+41  4.79e+41  1.18e+34  1.19e+40  8.70e+38  0.00e+00  5.24e+41  5.19e+41  1.35e+34  0.00e+00  2.83e+39  1.99e+39  4.04e+38  0.00e+00  1.15e+34  8.15e+38 
3.477e+13   43      0        0  1.37e+10  0.00e+00  0.00e+00  3.09e+40  5.74e-13  2.94e+11  2.39e+05  2.57e+05  5.34e-01  2.05e+16  4.18e+16  5.30e+39  5.19e+41  4.72e+41  1.07e+34  1.32e+40  9.87e+38  0.00e+00  5.18e+41  5.13e+41  1.83e+34  0.00e+00  3.10e+39  2.20e+39  3.99e+38  0.00e+00  1.05e+34  8.91e+38 
3.650e+13   44      0        0  1.34e+10  0.00e+00  0.00e+00  3.56e+40  5.65e-13  2.90e+11  2.34e+05  2.49e+05  5.41e-01  1.99e+16  3.75e+16  5.87e+39  5.17e+41  4.67e+41  1.40e+34  1.48e+40  9.99e+38  0.00e+00  5.17e+41  5.10e+41  1.23e+34  0.00e+00  3.42e+39  2.46e+39  3.88e+38  0.00e+00  1.37e+34  9.89e+38 
3.832e+13   45      0        0  1.31e+10  0.00e+00  0.00e+00  4.09e+40  5.53e-13  2.83e+11  2.29e+05  2.42e+05  5.47e-01  1.93e+16  3.36e+16  6.39e+39  5.12e+41  4.60e+41  1.14e+34  1.63e+40  1.07e+39  0.00e+00  5.12e+41  5.05e+41  2.50e+34  0.00e+00  3.70e+39  2.69e+39  3.86e+38  0.00e+00  1.03e+34  1.07e+39 
4.022e+13   46      0        0  1.27e+10  0.00e+00  0.00e+00  4.71e+40  5.41e-13  2.77e+11  2.25e+05  2.35e+05  5.52e-01  1.87e+16  3.02e+16  6.98e+39  5.08e+41  4.53e+41  2.61e+34  1.77e+40  1.46e+39  0.00e+00  5.08e+41  5.00e+41  2.53e+34  0.00e+00  4.02e+39  2.96e+39  3.84e+38  0.00e+00  1.93e+34  1.21e+39 
4.222e+13   47      0        0  1.24e+10  0.00e+00  0.00e+00  5.41e+40  5.29e-13  2.71e+11  2.21e+05  2.28e+05  5.57e-01  1.82e+16  2.71e+16  7.64e+39  5.05e+41  4.48e+41  1.91e+34  1.95e+40  1.29e+39  0.00e+00  5.05e+41  4.96e+41  3.92e+34  0.00e+00  4.38e+39  3.26e+39  3.72e+38  0.00e+00  1.60e+34  1.27e+39 
4.432e+13   48      0        0  1.20e+10  0.00e+00  0.00e+00  6.22e+40  5.14e-13  2.63e+11  2.18e+05  2.22e+05  5.58e-01  1.77e+16  2.44e+16  8.25e+39  4.99e+41  4.39e+41  3.91e+34  2.08e+40  1.76e+39  0.00e+00  4.98e+41  4.90e+41  4.04e+34  0.00e+00  4.71e+39  3.54e+39  3.63e+38  0.00e+00  2.75e+34  1.45e+39 
4.653e+13   49      0        0  1.16e+10  0.00e+00  0.00e+00  7.15e+40  4.98e-13  2.55e+11  2.14e+05  2.16e+05  5.58e-01  1.72e+16  2.19e+16  8.89e+39  4.92e+41  4.31e+41  4.49e+34  2.23e+40  1.91e+39  0.00e+00  4.92e+41  4.83e+41  4.78e+34  0.00e+00  5.05e+39  3.84e+39  3.71e+38  0.00e+00  3.09e+34  1.57e+39 
4.884e+13   50      0        0  1.12e+10  0.00e+00  0.00e+00  8.23e+40  4.81e-13  2.46e+11  2.11e+05  2.10e+05  5.58e-01  1.68e+16  1.96e+16  9.46e+39  4.82e+41  4.20e+41  3.74e+34  2.37e+40  1.67e+39  0.00e+00  4.82e+41  4.72e+41  5.14e+34  0.00e+00  5.36e+39  4.11e+39  3.46e+38  0.00e+00  3.15e+34  1.65e+39 
5.127e+13   51      0        0  1.08e+10  0.00e+00  0.00e+00  9.47e+40  4.65e-13  2.38e+11  2.07e+05  2.05e+05  5.55e-01  1.63e+16  1.76e+16  1.01e+40  4.74e+41  4.10e+41  4.45e+34  2.49e+40  2.12e+39  0.00e+00  4.74e+41  4.63e+41  6.53e+34  0.00e+00  5.71e+39  4.42e+39  3.45e+38  0.00e+00  2.23e+34  1.72e+39 
5.382e+13   52      0        0  1.04e+10  0.00e+00  0.00e+00  1.09e+41  4.46e-13  2.28e+11  2.04e+05  2.00e+05  5.51e-01  1.59e+16  1.58e+16  1.07e+40  4.62e+41  3.97e+41  7.03e+34  2.60e+40  2.32e+39  0.00e+00  4.62e+41  4.50e+41  6.79e+34  0.00e+00  5.99e+39  4.68e+39  3.54e+38  0.00e+00  4.02e+34  1.90e+39 
5.650e+13   53      0        0  1.01e+10  0.00e+00  0.00e+00  1.26e+41  4.26e-13  2.18e+11  2.00e+05  1.94e+05  5.46e-01  1.55e+16  1.41e+16  1.12e+40  4.48e+41  3.83e+41  7.96e+34  2.70e+40  2.43e+39  0.00e+00  4.48e+41  4.36e+41  7.95e+34  0.00e+00  6.26e+39  4.95e+39  3.50e+38  0.00e+00  4.32e+34  1.98e+39 
5.931e+13   54      0        0  9.74e+09  0.00e+00  0.00e+00  1.45e+41  4.07e-13  2.08e+11  1.97e+05  1.90e+05  5.41e-01  1.51e+16  1.26e+16  1.17e+40  4.34e+41  3.69e+41  7.10e+34  2.78e+40  2.51e+39  0.00e+00  4.34e+41  4.22e+41  1.04e+35  0.00e+00  6.51e+39  5.19e+39  3.29e+38  0.00e+00  2.77e+34  2.03e+39 
6.226e+13   55      0        0  9.38e+09  0.00e+00  0.00e+00  1.67e+41  3.89e-13  1.99e+11  1.93e+05  1.85e+05  5.32e-01  1.48e+16  1.13e+16  1.22e+40  4.21e+41  3.56e+41  9.91e+34  2.86e+40  2.70e+39  0.00e+00  4.20e+41  4.08e+41  1.09e+35  0.00e+00  6.78e+39  5.47e+39  3.28e+38  0.00e+00  4.65e+34  2.19e+39 
6.536e+13   56      0        0  9.04e+09  0.00e+00  0.00e+00  1.92e+41  3.69e-13  1.89e+11  1.90e+05  1.81e+05  5.24e-01  1.44e+16  1.01e+16  1.27e+40  4.05e+41  3.40e+41  9.84e+34  2.89e+40  2.80e+39  0.00e+00  4.04e+41  3.91e+41  1.37e+35  0.00e+00  6.98e+39  5.69e+39  3.36e+38  0.00e+00  3.65e+34  2.28e+39 
6.861e+13   57      0        0  8.73e+09  0.00e+00  0.00e+00  2.21e+41  3.50e-13  1.79e+11  1.86e+05  1.76e+05  5.13e-01  1.41e+16  8.97e+15  1.31e+40  3.88e+41  3.25e+41  1.05e+35  2.93e+40  2.93e+39  0.00e+00  3.88e+41  3.74e+41  1.59e+35  0.00e+00  7.16e+39  5.90e+39  3.31e+38  0.00e+00  3.19e+34  2.38e+39 
7.203e+13   58      0        0  8.44e+09  0.00e+00  0.00e+00  2.55e+41  3.31e-13  1.69e+11  1.83e+05  1.72e+05  5.02e-01  1.38e+16  7.99e+15  1.34e+40  3.71e+41  3.09e+41  1.40e+35  2.92e+40  3.05e+39  0.00e+00  3.71e+41  3.57e+41  1.66e+35  0.00e+00  7.30e+39  6.08e+39  3.06e+38  0.00e+00  5.58e+34  2.47e+39 
7.561e+13   59      0        0  8.13e+09  0.00e+00  0.00e+00  2.94e+41  3.13e-13  1.60e+11  1.80e+05  1.68e+05  4.90e-01  1.34e+16  7.11e+15  1.37e+40  3.55e+41  2.95e+41  1.62e+35  2.93e+40  3.21e+39  0.00e+00  3.55e+41  3.41e+41  1.94e+35  0.00e+00  7.47e+39  6.28e+39  3.01e+38  0.00e+00  6.43e+34  2.62e+39 
7.937e+13   60      0        0  7.83e+09  0.00e+00  0.00e+00  3.40e+41  2.96e-13  1.51e+11  1.77e+05  1.65e+05  4.76e-01  1.31e+16  6.32e+15  1.41e+40  3.38e+41  2.80e+41  1.80e+35  2.91e+40  3.32e+39  0.00e+00  3.38e+41  3.24e+41  2.22e+35  0.00e+00  7.60e+39  6.46e+39  3.07e+38  0.00e+00  6.69e+34  2.70e+39 
8.332e+13   61      0        0  7.56e+09  0.00e+00  0.00e+00  3.92e+41  2.79e-13  1.43e+11  1.73e+05  1.61e+05  4.63e-01  1.29e+16  5.62e+15  1.43e+40  3.22e+41  2.65e+41  1.71e+35  2.88e+40  3.42e+39  0.00e+00  3.22e+41  3.07e+41  2.83e+35  0.00e+00  7.71e+39  6.63e+39  3.09e+38  0.00e+00  4.18e+34  2.79e+39 
8.746e+13   62      0        0  7.32e+09  0.00e+00  0.00e+00  4.53e+41  2.62e-13  1.34e+11  1.70e+05  1.58e+05  4.48e-01  1.26e+16  4.99e+15  1.45e+40  3.05e+41  2.50e+41  2.15e+35  2.83e+40  3.69e+39  0.00e+00  3.05e+41  2.90e+41  3.06e+35  0.00e+00  7.76e+39  6.75e+39  2.89e+38  0.00e+00  6.82e+34  3.04e+39 
9.181e+13   63      0        0  7.06e+09  0.00e+00  0.00e+00  5.23e+41  2.46e-13  1.26e+11  1.67e+05  1.54e+05  4.32e-01  1.23e+16  4.43e+15  1.47e+40  2.89e+41  2.36e+41  2.39e+35  2.77e+40  3.64e+39  0.00e+00  2.89e+41  2.74e+41  3.48e+35  0.00e+00  7.83e+39  6.88e+39  2.94e+38  0.00e+00  7.41e+34  2.98e+39 
9.638e+13   64      0        0  6.83e+09  0.00e+00  0.00e+00  6.03e+41  2.31e-13  1.18e+11  1.63e+05  1.51e+05  4.15e-01  1.21e+16  3.92e+15  1.49e+40  2.73e+41  2.23e+41  2.33e+35  2.70e+40  3.69e+39  0.00e+00  2.73e+41  2.58e+41  4.16e+35  0.00e+00  7.88e+39  7.01e+39  2.76e+38  0.00e+00  4.85e+34  3.01e+39 
1.012e+14   65      0        0  6.59e+09  0.00e+00  0.00e+00  6.97e+41  2.17e-13  1.11e+11  1.60e+05  1.48e+05  3.99e-01  1.18e+16  3.47e+15  1.51e+40  2.59e+41  2.10e+41  2.58e+35  2.63e+40  3.83e+39  0.00e+00  2.59e+41  2.43e+41  5.01e+35  0.00e+00  7.96e+39  7.16e+39  2.81e+38  0.00e+00  4.93e+34  3.12e+39 
1.062e+14   66      0        0  6.38e+09  0.00e+00  0.00e+00  8.05e+41  2.04e-13  1.04e+11  1.57e+05  1.45e+05  3.82e-01  1.16e+16  3.07e+15  1.53e+40  2.44e+41  1.98e+41  2.95e+35  2.56e+40  4.19e+39  0.00e+00  2.44e+41  2.29e+41  5.55e+35  0.00e+00  8.01e+39  7.29e+39  2.81e+38  0.00e+00  6.02e+34  3.46e+39 
1.115e+14   67      0        0  6.18e+09  0.00e+00  0.00e+00  9.30e+41  1.91e-13  9.76e+10  1.54e+05  1.43e+05  3.64e-01  1.14e+16  2.72e+15  1.54e+40  2.30e+41  1.86e+41  3.13e+35  2.48e+40  4.05e+39  0.00e+00  2.30e+41  2.14e+41  6.71e+35  0.00e+00  8.00e+39  7.37e+39  2.87e+38  0.00e+00  5.39e+34  3.31e+39 
1.170e+14   68      0        0  6.01e+09  0.00e+00  0.00e+00  1.07e+42  1.79e-13  9.15e+10  1.51e+05  1.40e+05  3.47e-01  1.12e+16  2.40e+15  1.55e+40  2.17e+41  1.75e+41  3.81e+35  2.40e+40  4.52e+39  0.00e+00  2.17e+41  2.01e+41  7.53e+35  0.00e+00  8.04e+39  7.49e+39  2.80e+38  0.00e+00  9.26e+34  3.75e+39 
1.229e+14   69      0        0  5.83e+09  0.00e+00  0.00e+00  1.24e+42  1.68e-13  8.59e+10  1.48e+05  1.37e+05  3.31e-01  1.10e+16  2.12e+15  1.57e+40  2.05e+41  1.64e+41  3.66e+35  2.33e+40  4.58e+39  0.00e+00  2.05e+41  1.88e+41  9.04e+35  0.00e+00  8.09e+39  7.63e+39  2.67e+38  0.00e+00  4.78e+34  3.80e+39 
1.290e+14   70      0        0  5.66e+09  0.00e+00  0.00e+00  1.43e+42  1.57e-13  8.06e+10  1.45e+05  1.35e+05  3.15e-01  1.08e+16  1.87e+15  1.59e+40  1.93e+41  1.54e+41  4.32e+35  2.24e+40  4.72e+39  0.00e+00  1.93e+41  1.76e+41  1.03e+36  0.00e+00  8.13e+39  7.76e+39  2.75e+38  0.00e+00  7.67e+34  3.92e+39 
1.354e+14   71      0        0  5.50e+09  0.00e+00  0.00e+00  1.66e+42  1.47e-13  7.55e+10  1.42e+05  1.32e+05  2.98e-01  1.06e+16  1.65e+15  1.60e+40  1.82e+41  1.45e+41  4.48e+35  2.17e+40  4.94e+39  0.00e+00  1.81e+41  1.65e+41  1.20e+36  0.00e+00  8.16e+39  7.87e+39  2.93e+38  0.00e+00  5.00e+34  4.11e+39 
1.421e+14   72      0        0  5.39e+09  0.00e+00  0.00e+00  1.92e+42  1.39e-13  7.09e+10  1.39e+05  1.30e+05  2.82e-01  1.04e+16  1.45e+15  1.63e+40  1.71e+41  1.36e+41  5.14e+35  2.10e+40  4.91e+39  0.00e+00  1.71e+41  1.54e+41  1.40e+36  0.00e+00  8.22e+39  8.03e+39  2.94e+38  0.00e+00  7.25e+34  4.05e+39 
1.492e+14   73      0        0  5.28e+09  0.00e+00  0.00e+00  2.22e+42  1.30e-13  6.66e+10  1.36e+05  1.28e+05  2.67e-01  1.02e+16  1.28e+15  1.65e+40  1.62e+41  1.28e+41  5.65e+35  2.03e+40  5.39e+39  0.00e+00  1.62e+41  1.44e+41  1.64e+36  0.00e+00  8.29e+39  8.19e+39  2.85e+38  0.00e+00  8.10e+34  4.51e+39 
1.566e+14   74      0        0  5.16e+09  0.00e+00  0.00e+00  2.56e+42  1.22e-13  6.26e+10  1.33e+05  1.25e+05  2.51e-01  1.00e+16  1.12e+15  1.67e+40  1.53e+41  1.20e+41  6.46e+35  1.96e+40  5.68e+39  0.00e+00  1.52e+41  1.35e+41  1.95e+36  0.00e+00  8.37e+39  8.37e+39  2.89e+38  0.00e+00  1.19e+35  4.77e+39 
1.644e+14   75      0        0  5.05e+09  0.00e+00  0.00e+00  2.96e+42  1.15e-13  5.90e+10  1.30e+05  1.23e+05  2.36e-01  9.84e+15  9.84e+14  1.70e+40  1.44e+41  1.13e+41  7.17e+35  1.89e+40  5.78e+39  0.00e+00  1.44e+41  1.26e+41  2.26e+36  0.00e+00  8.47e+39  8.57e+39  2.81e+38  0.00e+00  1.28e+35  4.84e+39 
1.726e+14   76      0        0  4.94e+09  0.00e+00  0.00e+00  3.42e+42  1.08e-13  5.54e+10  1.27e+05  1.21e+05  2.22e-01  9.67e+15  8.61e+14  1.73e+40  1.35e+41  1.05e+41  7.84e+35  1.81e+40  5.97e+39  0.00e+00  1.35e+41  1.17e+41  2.65e+36  0.00e+00  8.52e+39  8.73e+39  3.04e+38  0.00e+00  1.27e+35  5.01e+39 
1.812e+14   77      0        0  4.87e+09  0.00e+00  0.00e+00  3.96e+42  1.01e-13  5.18e+10  1.25e+05  1.19e+05  2.08e-01  9.51e+15  7.53e+14  1.74e+40  1.27e+41  9.81e+40  8.09e+35  1.73e+40  6.19e+39  0.00e+00  1.27e+41  1.09e+41  3.07e+36  0.00e+00  8.52e+39  8.84e+39  3.08e+38  0.00e+00  1.01e+35  5.20e+39 
1.902e+14   78      0        0  4.81e+09  0.00e+00  0.00e+00  4.58e+42  9.43e-14  4.83e+10  1.22e+05  1.17e+05  1.94e-01  9.35e+15  6.58e+14  1.73e+40  1.18e+41  9.08e+40  8.54e+35  1.63e+40  6.28e+39  0.00e+00  1.18e+41  9.98e+40  3.54e+36  0.00e+00  8.45e+39  8.87e+39  2.95e+38  0.00e+00  1.06e+35  5.27e+39 
1.997e+14   79      0        0  4.73e+09  0.00e+00  0.00e+00  5.29e+42  8.76e-14  4.49e+10  1.19e+05  1.15e+05  1.80e-01  9.20e+15  5.74e+14  1.72e+40  1.09e+41  8.38e+40  9.13e+35  1.52e+40  6.51e+39  0.00e+00  1.09e+41  9.14e+40  3.95e+36  0.00e+00  8.32e+39  8.85e+39  2.94e+38  0.00e+00  1.16e+35  5.49e+39 
2.096e+14   80      0        0  4.66e+09  0.00e+00  0.00e+00  6.12e+42  8.12e-14  4.16e+10  1.16e+05  1.13e+05  1.67e-01  9.06e+15  5.00e+14  1.69e+40  1.01e+41  7.70e+40  1.03e+36  1.41e+40  6.63e+39  0.00e+00  1.01e+41  8.33e+40  4.51e+36  0.00e+00  8.15e+39  8.78e+39  2.93e+38  0.00e+00  1.95e+35  5.61e+39 
2.200e+14   81      0        0  4.59e+09  0.00e+00  0.00e+00  7.08e+42  7.49e-14  3.84e+10  1.14e+05  1.12e+05  1.55e-01  8.92e+15  4.35e+14  1.66e+40  9.30e+40  7.05e+40  9.94e+35  1.30e+40  6.72e+39  0.00e+00  9.28e+40  7.56e+40  4.93e+36  0.00e+00  7.92e+39  8.65e+39  2.95e+38  0.00e+00  1.22e+35  5.69e+39 
2.310e+14   82      0        0  4.54e+09  0.00e+00  0.00e+00  8.19e+42  6.89e-14  3.53e+10  1.11e+05  1.10e+05  1.43e-01  8.79e+15  3.79e+14  1.61e+40  8.50e+40  6.43e+40  1.04e+36  1.19e+40  6.44e+39  0.00e+00  8.51e+40  6.83e+40  5.43e+36  0.00e+00  7.64e+39  8.45e+39  3.11e+38  0.00e+00  1.13e+35  5.42e+39 
2.425e+14   83      0        0  4.52e+09  0.00e+00  0.00e+00  9.47e+42  6.38e-14  3.27e+10  1.08e+05  1.08e+05  1.32e-01  8.65e+15  3.30e+14  1.59e+40  7.88e+40  5.91e+40  1.06e+36  1.09e+40  6.75e+39  0.00e+00  7.88e+40  6.23e+40  6.06e+36  0.00e+00  7.48e+39  8.37e+39  2.93e+38  0.00e+00  1.42e+35  5.75e+39 
2.545e+14   84      0        0  4.48e+09  0.00e+00  0.00e+00  1.09e+43  5.91e-14  3.03e+10  1.06e+05  1.07e+05  1.22e-01  8.53e+15  2.87e+14  1.56e+40  7.30e+40  5.43e+40  1.10e+36  1.01e+40  6.97e+39  0.00e+00  7.30e+40  5.67e+40  6.73e+36  0.00e+00  7.32e+39  8.29e+39  2.79e+38  0.00e+00  1.57e+35  5.95e+39 
2.672e+14   85      0        0  4.42e+09  0.00e+00  0.00e+00  1.27e+43  5.47e-14  2.80e+10  1.03e+05  1.05e+05  1.12e-01  8.42e+15  2.49e+14  1.54e+40  6.75e+40  4.98e+40  1.17e+36  9.26e+39  6.98e+39  0.00e+00  6.75e+40  5.14e+40  7.49e+36  0.00e+00  7.15e+39  8.21e+39  3.04e+38  0.00e+00  1.40e+35  5.94e+39 
2.805e+14   86      0        0  4.40e+09  0.00e+00  0.00e+00  1.46e+43  5.05e-14  2.59e+10  1.01e+05  1.04e+05  1.03e-01  8.30e+15  2.16e+14  1.51e+40  6.22e+40  4.56e+40  1.13e+36  8.41e+39  7.05e+39  0.00e+00  6.23e+40  4.66e+40  8.28e+36  0.00e+00  6.95e+39  8.09e+39  2.97e+38  0.00e+00  1.19e+35  6.03e+39 
2.944e+14   87      0        0  4.38e+09  0.00e+00  0.00e+00  1.69e+43  4.67e-14  2.39e+10  9.85e+04  1.03e+05  9.37e-02  8.20e+15  1.88e+14  1.48e+40  5.76e+40  4.18e+40  1.14e+36  7.65e+39  7.14e+39  0.00e+00  5.77e+40  4.23e+40  9.11e+36  0.00e+00  6.78e+39  8.00e+39  2.90e+38  0.00e+00  1.35e+35  6.11e+39 
3.091e+14   88      0        0  4.36e+09  0.00e+00  0.00e+00  1.96e+43  4.32e-14  2.21e+10  9.64e+04  1.01e+05  8.51e-02  8.10e+15  1.63e+14  1.45e+40  5.37e+40  3.82e+40  1.18e+36  6.98e+39  7.58e+39  0.00e+00  5.35e+40  3.83e+40  9.98e+36  0.00e+00  6.62e+39  7.89e+39  2.88e+38  0.00e+00  1.61e+35  6.54e+39 
3.244e+14   89      0        0  4.33e+09  0.00e+00  0.00e+00  2.27e+43  3.99e-14  2.04e+10  9.42e+04  1.00e+05  7.73e-02  8.00e+15  1.41e+14  1.42e+40  4.92e+40  3.49e+40  1.19e+36  6.29e+39  7.30e+39  0.00e+00  4.95e+40  3.46e+40  1.10e+37  0.00e+00  6.44e+39  7.77e+39  2.87e+38  0.00e+00  1.62e+35  6.28e+39 
3.406e+14   90      0        0  4.31e+09  0.00e+00  0.00e+00  2.62e+43  3.70e-14  1.90e+10  9.21e+04  9.90e+04  7.00e-02  7.91e+15  1.22e+14  1.41e+40  4.60e+40  3.20e+40  1.22e+36  5.74e+39  7.68e+39  0.00e+00  4.61e+40  3.14e+40  1.23e+37  0.00e+00  6.33e+39  7.74e+39  2.81e+38  0.00e+00  1.84e+35  6.66e+39 
3.575e+14   91      0        0  4.28e+09  0.00e+00  0.00e+00  3.03e+43  3.41e-14  1.75e+10  9.01e+04  9.80e+04  6.28e-02  7.83e+15  1.05e+14  1.38e+40  4.26e+40  2.91e+40  1.21e+36  5.13e+39  7.86e+39  0.00e+00  4.26e+40  2.82e+40  1.35e+37  0.00e+00  6.15e+39  7.60e+39  2.89e+38  0.00e+00  1.39e+35  6.84e+39 
3.753e+14   92      0        0  4.27e+09  0.00e+00  0.00e+00  3.51e+43  3.14e-14  1.61e+10  8.76e+04  9.70e+04  5.64e-02  7.74e+15  9.00e+13  1.33e+40  3.89e+40  2.63e+40  1.38e+36  4.59e+39  7.63e+39  0.00e+00  3.90e+40  2.50e+40  1.45e+37  0.00e+00  5.90e+39  7.40e+39  3.02e+38  0.00e+00  2.07e+35  6.62e+39 
3.940e+14   93      0        0  4.28e+09  0.00e+00  0.00e+00  4.06e+43  2.88e-14  1.47e+10  8.65e+04  9.60e+04  5.02e-02  7.67e+15  7.71e+13  1.29e+40  3.60e+40  2.36e+40  1.11e+36  3.97e+39  8.06e+39  0.00e+00  3.59e+40  2.25e+40  1.54e+37  0.00e+00  5.70e+39  7.20e+39  2.61e+38  0.00e+00  1.68e+35  7.06e+39 
4.136e+14   94      0        0  4.24e+09  0.00e+00  0.00e+00  4.69e+43  2.63e-14  1.34e+10  8.42e+04  9.52e+04  4.44e-02  7.60e+15  6.58e+13  1.24e+40  3.27e+40  2.11e+40  1.20e+36  3.46e+39  7.90e+39  0.00e+00  3.27e+40  1.97e+40  1.63e+37  0.00e+00  5.41e+39  6.93e+39  2.85e+38  0.00e+00  1.78e+35  6.93e+39 
4.342e+14   95      0        0  4.24e+09  0.00e+00  0.00e+00  5.43e+43  2.40e-14  1.23e+10  8.25e+04  9.43e+04  3.92e-02  7.53e+15  5.60e+13  1.18e+40  2.98e+40  1.88e+40  1.16e+36  2.97e+39  7.87e+39  0.00e+00  2.97e+40  1.73e+40  1.74e+37  0.00e+00  5.14e+39  6.66e+39  2.84e+38  0.00e+00  1.78e+35  6.92e+39 
4.558e+14   96      0        0  4.25e+09  0.00e+00  0.00e+00  6.28e+43  2.18e-14  1.12e+10  8.19e+04  9.36e+04  3.43e-02  7.47e+15  4.74e+13  1.13e+40  2.72e+40  1.66e+40  9.41e+35  2.48e+39  7.98e+39  0.00e+00  2.72e+40  1.53e+40  1.82e+37  0.00e+00  4.90e+39  6.37e+39  2.39e+38  0.00e+00  1.70e+35  7.06e+39 
4.784e+14   97      0        0  4.19e+09  0.00e+00  0.00e+00  7.26e+43  1.96e-14  1.01e+10  7.87e+04  9.29e+04  2.97e-02  7.41e+15  3.99e+13  1.05e+40  2.39e+40  1.45e+40  1.22e+36  2.10e+39  7.18e+39  0.00e+00  2.40e+40  1.29e+40  1.84e+37  0.00e+00  4.49e+39  5.96e+39  2.91e+38  0.00e+00  2.48e+35  6.29e+39 
5.022e+14   98      0        0  4.23e+09  0.00e+00  0.00e+00  8.41e+43  1.77e-14  9.06e+09  7.79e+04  9.21e+04  2.57e-02  7.35e+15  3.34e+13  9.82e+39  2.15e+40  1.25e+40  1.04e+36  1.70e+39  7.16e+39  0.00e+00  2.15e+40  1.12e+40  1.93e+37  0.00e+00  4.20e+39  5.60e+39  2.72e+38  0.00e+00  2.30e+35  6.31e+39 
5.272e+14   99      0        0  4.25e+09  0.00e+00  0.00e+00  9.72e+43  1.58e-14  8.08e+09  7.79e+04  9.16e+04  2.18e-02  7.31e+15  2.77e+13  9.04e+39  1.91e+40  1.07e+40  6.87e+35  1.32e+39  7.03e+39  0.00e+00  1.91e+40  9.57e+39  1.93e+37  0.00e+00  3.86e+39  5.15e+39  2.33e+38  0.00e+00  1.46e+35  6.24e+39 
5.535e+14  100      0        0  4.21e+09  0.00e+00  0.00e+00  1.12e+44  1.39e-14  7.13e+09  7.43e+04  9.09e+04  1.85e-02  7.26e+15  2.28e+13  8.03e+39  1.61e+40  8.89e+39  9.40e+35  1.05e+39  6.14e+39  0.00e+00  1.62e+40  7.66e+39  1.86e+37  0.00e+00  3.38e+39  4.62e+39  2.86e+38  0.00e+00  2.23e+35  5.41e+39 
5.810e+14  101      0        0  4.29e+09  0.00e+00  0.00e+00  1.30e+44  1.22e-14  6.26e+09  7.47e+04  9.05e+04  1.53e-02  7.23e+15  1.85e+13  7.16e+39  1.40e+40  7.28e+39  6.19e+35  7.62e+38  5.88e+39  0.00e+00  1.39e+40  6.34e+39  1.83e+37  0.00e+00  3.02e+39  4.12e+39  2.45e+38  0.00e+00  1.56e+35  5.24e+39 
6.099e+14  102      0        0  4.31e+09  0.00e+00  0.00e+00  1.51e+44  1.06e-14  5.44e+09  7.42e+04  9.01e+04  1.24e-02  7.19e+15  1.47e+13  6.25e+39  1.17e+40  5.81e+39  4.97e+35  5.41e+38  5.30e+39  0.00e+00  1.17e+40  5.05e+39  1.79e+37  0.00e+00  2.63e+39  3.60e+39  2.30e+38  0.00e+00  1.57e+35  4.74e+39 
6.402e+14  103      0        0  4.32e+09  0.00e+00  0.00e+00  1.74e+44  9.15e-15  4.68e+09  7.19e+04  8.96e+04  9.70e-03  7.15e+15  1.13e+13  5.31e+39  9.46e+39  4.41e+39  4.60e+35  3.76e+38  4.66e+39  0.00e+00  9.44e+39  3.73e+39  1.74e+37  0.00e+00  2.21e+39  3.08e+39  2.46e+38  0.00e+00  1.21e+35  4.18e+39 
6.721e+14  104     -1        0  4.40e+09  0.00e+00  0.00e+00  0.00e+00  0.00e+00  0.00e+00  0.00e+00  0.00e+00  0.00e+00  0.00e+00  0.00e+00  0.00e+00  0.00e+00  0.00e+00  0.00e+00  0.00e+00  0.00e+00  0.00e+00  0.00e+00  0.00e+00  0.00e+00  0.00e+00  0.00e+00  0.00e+00  0.00e+00  0.00e+00  0.00e+00  0.00e+00 
7.055e+14  105     -1        0  4.43e+09  0.00e+00  0.00e+00  0.00e+00  0.00e+00  0.00e+00  0.00e+00  0.00e+00  0.00e+00  0.00e+00  0.00e+00  0.00e+00  0.00e+00  0.00e+00  0.00e+00  0.00e+00  0.00e+00  0.00e+00  0.00e+00  0.00e+00  0.00e+00  0.00e+00  0.00e+00  0.00e+00  0.00e+00  0.00e+00  0.00e+00  0.00e+00 
