       r    i inwind      i01      i02      i03 
7.00e+12    0     -1 0.00e+00 0.00e+00 0.00e+00 
7.35e+12    1      0 1.23e-30 3.40e-12 1.00e+00 
7.72e+12    2      0 1.35e-30 3.52e-12 1.00e+00 
8.10e+12    3      0 1.47e-30 3.11e-12 1.00e+00 
8.51e+12    4      0 1.59e-30 2.18e-12 1.00e+00 
8.93e+12    5      0 1.73e-30 3.84e-12 1.00e+00 
9.37e+12    6      0 1.86e-30 2.38e-12 1.00e+00 
9.84e+12    7      0 1.99e-30 1.79e-12 1.00e+00 
1.03e+13    8      0 2.14e-30 1.71e-12 1.00e+00 
1.08e+13    9      0 2.29e-30 2.01e-12 1.00e+00 
1.14e+13   10      0 2.44e-30 1.29e-12 1.00e+00 
1.19e+13   11      0 2.58e-30 2.04e-12 1.00e+00 
1.25e+13   12      0 2.73e-30 2.32e-12 1.00e+00 
1.32e+13   13      0 2.87e-30 1.66e-12 1.00e+00 
1.38e+13   14      0 3.02e-30 2.52e-12 1.00e+00 
1.45e+13   15      0 3.19e-30 1.45e-12 1.00e+00 
1.52e+13   16      0 3.39e-30 1.88e-12 1.00e+00 
1.60e+13   17      0 3.58e-30 1.65e-12 1.00e+00 
1.68e+13   18      0 3.77e-30 1.57e-12 1.00e+00 
1.76e+13   19      0 3.96e-30 2.09e-12 1.00e+00 
1.85e+13   20      0 4.17e-30 2.35e-12 1.00e+00 
1.94e+13   21      0 4.37e-30 1.81e-12 1.00e+00 
2.04e+13   22      0 4.57e-30 1.76e-12 1.00e+00 
2.14e+13   23      0 4.73e-30 1.57e-12 1.00e+00 
2.25e+13   24      0 4.90e-30 1.63e-12 1.00e+00 
2.36e+13   25      0 5.04e-30 2.36e-12 1.00e+00 
2.48e+13   26      0 5.17e-30 2.30e-12 1.00e+00 
2.60e+13   27      0 5.28e-30 2.27e-12 1.00e+00 
2.73e+13   28      0 5.33e-30 2.15e-12 1.00e+00 
2.86e+13   29      0 5.32e-30 2.25e-12 1.00e+00 
3.01e+13   30      0 5.25e-30 2.05e-12 1.00e+00 
3.16e+13   31      0 5.14e-30 3.21e-12 1.00e+00 
3.31e+13   32      0 5.13e-30 2.65e-12 1.00e+00 
3.48e+13   33      0 5.03e-30 2.90e-12 1.00e+00 
3.65e+13   34      0 4.82e-30 3.65e-12 1.00e+00 
3.83e+13   35      0 4.57e-30 4.12e-12 1.00e+00 
4.02e+13   36      0 4.49e-30 3.82e-12 1.00e+00 
4.22e+13   37      0 4.36e-30 5.63e-12 1.00e+00 
4.43e+13   38      0 4.14e-30 5.62e-12 1.00e+00 
4.65e+13   39      0 3.94e-30 5.66e-12 1.00e+00 
4.88e+13   40      0 3.86e-30 6.35e-12 1.00e+00 
5.13e+13   41      0 3.75e-30 6.62e-12 1.00e+00 
5.38e+13   42      0 3.66e-30 7.37e-12 1.00e+00 
5.65e+13   43      0 3.57e-30 9.61e-12 1.00e+00 
5.93e+13   44      0 3.52e-30 1.06e-11 1.00e+00 
6.23e+13   45      0 3.46e-30 1.08e-11 1.00e+00 
6.54e+13   46      0 3.45e-30 9.05e-12 1.00e+00 
6.86e+13   47      0 3.45e-30 1.12e-11 1.00e+00 
7.20e+13   48      0 3.47e-30 1.28e-11 1.00e+00 
7.56e+13   49      0 3.47e-30 1.42e-11 1.00e+00 
7.94e+13   50      0 3.49e-30 1.65e-11 1.00e+00 
8.33e+13   51      0 3.53e-30 1.49e-11 1.00e+00 
8.75e+13   52      0 3.58e-30 1.70e-11 1.00e+00 
9.18e+13   53      0 3.63e-30 2.05e-11 1.00e+00 
9.64e+13   54      0 3.69e-30 2.03e-11 1.00e+00 
1.01e+14   55      0 3.76e-30 2.34e-11 1.00e+00 
1.06e+14   56      0 3.81e-30 2.39e-11 1.00e+00 
1.11e+14   57      0 3.86e-30 2.82e-11 1.00e+00 
1.17e+14   58      0 3.92e-30 2.88e-11 1.00e+00 
1.23e+14   59      0 3.97e-30 3.05e-11 1.00e+00 
1.29e+14   60      0 4.02e-30 3.43e-11 1.00e+00 
1.35e+14   61      0 4.08e-30 4.08e-11 1.00e+00 
1.42e+14   62      0 4.17e-30 3.81e-11 1.00e+00 
1.49e+14   63      0 4.28e-30 4.49e-11 1.00e+00 
1.57e+14   64      0 4.40e-30 5.00e-11 1.00e+00 
1.64e+14   65      0 4.55e-30 5.51e-11 1.00e+00 
1.73e+14   66      0 4.72e-30 5.75e-11 1.00e+00 
1.81e+14   67      0 4.91e-30 6.43e-11 1.00e+00 
1.90e+14   68      0 5.13e-30 6.89e-11 1.00e+00 
2.00e+14   69      0 5.39e-30 7.90e-11 1.00e+00 
2.10e+14   70      0 5.67e-30 8.77e-11 1.00e+00 
2.20e+14   71      0 5.97e-30 9.54e-11 1.00e+00 
2.31e+14   72      0 6.30e-30 9.90e-11 1.00e+00 
2.42e+14   73      0 6.68e-30 1.14e-10 1.00e+00 
2.55e+14   74      0 7.10e-30 1.25e-10 1.00e+00 
2.67e+14   75      0 7.56e-30 1.32e-10 1.00e+00 
2.80e+14   76      0 8.05e-30 1.51e-10 1.00e+00 
2.94e+14   77      0 8.55e-30 1.62e-10 1.00e+00 
3.09e+14   78      0 9.09e-30 1.75e-10 1.00e+00 
3.24e+14   79      0 9.67e-30 1.94e-10 1.00e+00 
3.41e+14   80      0 1.03e-29 2.18e-10 1.00e+00 
3.58e+14   81      0 1.10e-29 2.45e-10 1.00e+00 
3.75e+14   82      0 1.17e-29 2.64e-10 1.00e+00 
3.94e+14   83      0 1.25e-29 2.93e-10 1.00e+00 
4.14e+14   84      0 1.34e-29 3.30e-10 1.00e+00 
4.34e+14   85      0 1.43e-29 3.62e-10 1.00e+00 
4.56e+14   86      0 1.54e-29 4.03e-10 1.00e+00 
4.78e+14   87      0 1.66e-29 4.48e-10 1.00e+00 
5.02e+14   88      0 1.77e-29 5.06e-10 1.00e+00 
5.27e+14   89      0 1.90e-29 5.64e-10 1.00e+00 
5.53e+14   90      0 2.05e-29 6.50e-10 1.00e+00 
5.81e+14   91      0 2.21e-29 7.51e-10 1.00e+00 
6.10e+14   92      0 2.39e-29 8.77e-10 1.00e+00 
6.40e+14   93      0 1.42e-20 1.08e-09 1.00e+00 
6.72e+14   94     -1 0.00e+00 0.00e+00 0.00e+00 
7.06e+14   95     -1 0.00e+00 0.00e+00 0.00e+00 
