       r    i inwind      i01      i02      i03      i04      i05      i06      i07      i08      i09 
7.00e+12    0     -1 0.00e+00 0.00e+00 0.00e+00 0.00e+00 0.00e+00 0.00e+00 0.00e+00 0.00e+00 0.00e+00 
7.35e+12    1      0 1.00e-20 1.00e-20 1.00e-20 1.00e-20 1.00e-20 1.00e-20 3.75e-18 6.54e-09 1.00e+00 
7.72e+12    2      0 1.00e-20 1.00e-20 1.00e-20 1.00e-20 1.00e-20 1.00e-20 5.98e-18 8.37e-09 1.00e+00 
8.10e+12    3      0 1.00e-20 1.00e-20 1.00e-20 1.00e-20 1.00e-20 1.00e-20 8.90e-18 1.03e-08 1.00e+00 
8.51e+12    4      0 1.00e-20 1.00e-20 1.00e-20 1.00e-20 1.00e-20 1.00e-20 1.31e-17 1.27e-08 1.00e+00 
8.93e+12    5      0 1.00e-20 1.00e-20 1.00e-20 1.00e-20 1.00e-20 1.00e-20 1.91e-17 1.55e-08 1.00e+00 
9.37e+12    6      0 1.00e-20 1.00e-20 1.00e-20 1.00e-20 1.00e-20 1.00e-20 2.80e-17 1.90e-08 1.00e+00 
9.84e+12    7      0 1.00e-20 1.00e-20 1.00e-20 1.00e-20 1.00e-20 1.00e-20 4.17e-17 2.35e-08 1.00e+00 
1.03e+13    8      0 1.00e-20 1.00e-20 1.00e-20 1.00e-20 1.00e-20 1.00e-20 6.27e-17 2.91e-08 1.00e+00 
1.08e+13    9      0 1.00e-20 1.00e-20 1.00e-20 1.00e-20 1.00e-20 1.00e-20 9.58e-17 3.65e-08 1.00e+00 
1.14e+13   10      0 1.00e-20 1.00e-20 1.00e-20 1.00e-20 1.00e-20 1.00e-20 1.47e-16 4.59e-08 1.00e+00 
1.19e+13   11      0 1.00e-20 1.00e-20 1.00e-20 1.00e-20 1.00e-20 1.00e-20 2.25e-16 5.74e-08 1.00e+00 
1.25e+13   12      0 1.00e-20 1.00e-20 1.00e-20 1.00e-20 1.00e-20 1.00e-20 3.48e-16 7.23e-08 1.00e+00 
1.32e+13   13      0 1.00e-20 1.00e-20 1.00e-20 1.00e-20 1.00e-20 1.00e-20 5.48e-16 9.19e-08 1.00e+00 
1.38e+13   14      0 1.00e-20 1.00e-20 1.00e-20 1.00e-20 1.00e-20 1.00e-20 8.66e-16 1.17e-07 1.00e+00 
1.45e+13   15      0 1.00e-20 1.00e-20 1.00e-20 1.00e-20 1.00e-20 1.00e-20 1.36e-15 1.49e-07 1.00e+00 
1.52e+13   16      0 1.00e-20 1.00e-20 1.00e-20 1.00e-20 1.00e-20 1.00e-20 2.20e-15 1.92e-07 1.00e+00 
1.60e+13   17      0 1.00e-20 1.00e-20 1.00e-20 1.00e-20 1.00e-20 1.00e-20 3.68e-15 2.52e-07 1.00e+00 
1.68e+13   18      0 1.00e-20 1.00e-20 1.00e-20 1.00e-20 1.00e-20 1.00e-20 6.17e-15 3.31e-07 1.00e+00 
1.76e+13   19      0 1.00e-20 1.00e-20 1.00e-20 1.00e-20 1.00e-20 1.00e-20 1.06e-14 4.41e-07 1.00e+00 
1.85e+13   20      0 1.00e-20 1.00e-20 1.00e-20 1.00e-20 1.00e-20 1.00e-20 1.85e-14 5.92e-07 1.00e+00 
1.94e+13   21      0 1.00e-20 1.00e-20 1.00e-20 1.00e-20 1.00e-20 1.00e-20 3.36e-14 8.13e-07 1.00e+00 
2.04e+13   22      0 1.00e-20 1.00e-20 1.00e-20 1.00e-20 1.00e-20 1.00e-20 6.01e-14 1.11e-06 1.00e+00 
2.14e+13   23      0 1.00e-20 1.00e-20 1.00e-20 1.00e-20 1.00e-20 1.00e-20 1.13e-13 1.55e-06 1.00e+00 
2.25e+13   24      0 1.00e-20 1.00e-20 1.00e-20 1.00e-20 1.00e-20 1.00e-20 2.19e-13 2.20e-06 1.00e+00 
2.36e+13   25      0 1.00e-20 1.00e-20 1.00e-20 1.00e-20 1.00e-20 1.00e-20 4.39e-13 3.17e-06 1.00e+00 
2.48e+13   26      0 1.00e-20 1.00e-20 1.00e-20 1.00e-20 1.00e-20 1.00e-20 8.70e-13 4.56e-06 1.00e+00 
2.60e+13   27      0 1.00e-20 1.00e-20 1.00e-20 1.00e-20 1.00e-20 1.00e-20 1.76e-12 6.60e-06 1.00e+00 
2.73e+13   28      0 1.00e-20 1.00e-20 1.00e-20 1.00e-20 1.00e-20 1.00e-20 3.74e-12 9.85e-06 1.00e+00 
2.86e+13   29      0 1.00e-20 1.00e-20 1.00e-20 1.00e-20 1.00e-20 1.00e-20 8.30e-12 1.50e-05 1.00e+00 
3.01e+13   30      0 1.00e-20 1.00e-20 1.00e-20 1.00e-20 1.00e-20 1.00e-20 1.97e-11 2.36e-05 1.00e+00 
3.16e+13   31      0 1.00e-20 1.00e-20 1.00e-20 1.00e-20 1.00e-20 1.00e-20 4.83e-11 3.80e-05 1.00e+00 
3.31e+13   32      0 1.00e-20 1.00e-20 1.00e-20 1.00e-20 1.00e-20 1.00e-20 1.14e-10 6.00e-05 1.00e+00 
3.48e+13   33      0 1.00e-20 1.00e-20 1.00e-20 1.00e-20 1.00e-20 2.87e-20 2.81e-10 9.65e-05 1.00e+00 
3.65e+13   34      0 1.00e-20 1.00e-20 1.00e-20 1.00e-20 1.00e-20 9.03e-20 7.25e-10 1.59e-04 1.00e+00 
3.83e+13   35      0 1.00e-20 1.00e-20 1.00e-20 1.00e-20 1.00e-20 2.95e-19 1.93e-09 2.66e-04 1.00e+00 
4.02e+13   36      0 1.00e-20 1.00e-20 1.00e-20 1.00e-20 1.00e-20 9.47e-19 5.22e-09 4.53e-04 1.00e+00 
4.22e+13   37      0 1.00e-20 1.00e-20 1.00e-20 1.00e-20 1.00e-20 2.79e-18 1.28e-08 7.27e-04 9.99e-01 
4.43e+13   38      0 1.00e-20 1.00e-20 1.00e-20 1.00e-20 1.00e-20 8.54e-18 3.21e-08 1.18e-03 9.99e-01 
4.65e+13   39      0 1.00e-20 1.00e-20 1.00e-20 1.00e-20 1.00e-20 2.37e-17 7.28e-08 1.80e-03 9.98e-01 
4.88e+13   40      0 1.00e-20 1.00e-20 1.00e-20 1.00e-20 1.00e-20 7.16e-17 1.84e-07 2.95e-03 9.97e-01 
5.13e+13   41      0 1.00e-20 1.00e-20 1.00e-20 1.00e-20 1.00e-20 1.62e-16 3.48e-07 4.08e-03 9.96e-01 
5.38e+13   42      0 1.00e-20 1.00e-20 1.00e-20 1.00e-20 1.00e-20 4.22e-16 7.56e-07 6.13e-03 9.94e-01 
5.65e+13   43      0 1.00e-20 1.00e-20 1.00e-20 1.00e-20 1.00e-20 1.20e-15 1.79e-06 9.68e-03 9.90e-01 
5.93e+13   44      0 1.00e-20 1.00e-20 1.00e-20 1.00e-20 1.00e-20 2.37e-13 2.97e-04 1.00e+00 3.52e-16 
6.23e+13   45      0 1.00e-20 1.00e-20 1.00e-20 1.00e-20 1.00e-20 4.23e-13 4.45e-04 1.00e+00 1.17e-16 
6.54e+13   46      0 1.00e-20 1.00e-20 1.00e-20 1.00e-20 1.00e-20 7.57e-13 6.73e-04 9.99e-01 3.89e-17 
6.86e+13   47      0 1.00e-20 1.00e-20 1.00e-20 1.00e-20 1.00e-20 1.21e-12 9.11e-04 9.99e-01 1.33e-17 
7.20e+13   48      0 1.00e-20 1.00e-20 1.00e-20 1.00e-20 1.24e-20 2.08e-12 1.33e-03 9.99e-01 4.42e-18 
7.56e+13   49      0 1.00e-20 1.00e-20 1.00e-20 1.00e-20 2.71e-20 3.91e-12 2.13e-03 9.98e-01 2.04e-18 
7.94e+13   50      0 1.00e-20 1.00e-20 1.00e-20 1.00e-20 1.76e-17 2.17e-09 1.00e+00 1.22e-15 1.00e-20 
8.33e+13   51      0 1.00e-20 1.00e-20 1.00e-20 1.00e-20 2.40e-17 2.54e-09 1.00e+00 5.08e-16 1.00e-20 
8.75e+13   52      0 1.00e-20 1.00e-20 1.00e-20 1.00e-20 3.23e-17 2.96e-09 1.00e+00 2.19e-16 1.00e-20 
9.18e+13   53      0 1.00e-20 1.00e-20 1.00e-20 1.00e-20 4.32e-17 3.43e-09 1.00e+00 1.00e-16 1.00e-20 
9.64e+13   54      0 1.00e-20 1.00e-20 1.00e-20 1.00e-20 5.77e-17 3.98e-09 1.00e+00 4.63e-17 1.00e-20 
1.01e+14   55      0 1.00e-20 1.00e-20 1.00e-20 1.00e-20 7.74e-17 4.62e-09 1.00e+00 2.16e-17 1.00e-20 
1.06e+14   56      0 1.00e-20 1.00e-20 1.00e-20 1.00e-20 1.04e-16 5.38e-09 1.00e+00 1.07e-17 1.00e-20 
1.11e+14   57      0 1.00e-20 1.00e-20 1.00e-20 1.00e-20 1.39e-16 6.24e-09 1.00e+00 5.53e-18 1.00e-20 
1.17e+14   58      0 1.00e-20 1.00e-20 1.00e-20 1.00e-20 2.19e-18 8.58e-11 1.20e-02 9.88e-01 1.00e-20 
1.23e+14   59      0 1.00e-20 1.00e-20 1.00e-20 1.00e-20 2.44e-16 8.30e-09 1.00e+00 1.66e-18 1.00e-20 
1.29e+14   60      0 1.00e-20 1.00e-20 1.00e-20 1.00e-20 3.24e-16 9.59e-09 1.00e+00 9.59e-19 1.00e-20 
1.35e+14   61      0 1.00e-20 1.00e-20 1.00e-20 1.00e-20 4.33e-16 1.11e-08 1.00e+00 5.17e-19 1.00e-20 
1.42e+14   62      0 1.00e-20 1.00e-20 1.00e-20 1.00e-20 5.68e-16 1.28e-08 1.00e+00 3.01e-19 1.00e-20 
1.49e+14   63      0 1.00e-20 1.00e-20 1.00e-20 1.00e-20 7.39e-16 1.46e-08 1.00e+00 1.72e-19 1.00e-20 
1.57e+14   64      0 1.00e-20 1.00e-20 1.00e-20 1.00e-20 5.28e-17 9.20e-10 5.54e-02 9.45e-01 1.00e-20 
1.64e+14   65      0 1.00e-20 1.00e-20 1.00e-20 1.00e-20 1.23e-15 1.89e-08 1.00e+00 6.05e-20 1.00e-20 
1.73e+14   66      0 1.00e-20 1.00e-20 1.00e-20 1.00e-20 1.57e-15 2.14e-08 1.00e+00 3.50e-20 1.00e-20 
1.81e+14   67      0 1.00e-20 1.00e-20 1.00e-20 1.00e-20 2.01e-15 2.43e-08 1.00e+00 2.05e-20 1.00e-20 
1.90e+14   68      0 1.00e-20 1.00e-20 1.00e-20 1.00e-20 2.56e-15 2.75e-08 1.00e+00 1.08e-20 1.00e-20 
2.00e+14   69      0 1.00e-20 1.00e-20 1.00e-20 1.00e-20 3.20e-15 3.08e-08 1.00e+00 1.00e-20 1.00e-20 
2.10e+14   70      0 1.00e-20 1.00e-20 1.00e-20 1.00e-20 4.05e-15 3.47e-08 1.00e+00 1.00e-20 1.00e-20 
2.20e+14   71      0 1.00e-20 1.00e-20 1.00e-20 1.00e-20 5.12e-15 3.90e-08 1.00e+00 1.00e-20 1.00e-20 
2.31e+14   72      0 1.00e-20 1.00e-20 1.00e-20 1.00e-20 6.39e-15 4.37e-08 1.00e+00 1.00e-20 1.00e-20 
2.42e+14   73      0 1.00e-20 1.00e-20 1.00e-20 1.00e-20 8.02e-15 4.91e-08 1.00e+00 1.00e-20 1.00e-20 
2.55e+14   74      0 1.00e-20 1.00e-20 1.00e-20 1.00e-20 9.98e-15 5.50e-08 1.00e+00 1.00e-20 1.00e-20 
2.67e+14   75      0 1.00e-20 1.00e-20 1.00e-20 1.00e-20 1.23e-14 6.14e-08 1.00e+00 1.00e-20 1.00e-20 
2.80e+14   76      0 1.00e-20 1.00e-20 1.00e-20 1.00e-20 1.51e-14 6.81e-08 1.00e+00 1.00e-20 1.00e-20 
2.94e+14   77      0 1.00e-20 1.00e-20 1.00e-20 1.00e-20 1.88e-14 7.60e-08 1.00e+00 1.00e-20 1.00e-20 
3.09e+14   78      0 1.00e-20 1.00e-20 1.00e-20 1.00e-20 2.33e-14 8.47e-08 1.00e+00 1.00e-20 1.00e-20 
3.24e+14   79      0 1.00e-20 1.00e-20 1.00e-20 1.00e-20 2.90e-14 9.47e-08 1.00e+00 1.00e-20 1.00e-20 
3.41e+14   80      0 1.00e-20 1.00e-20 1.00e-20 1.00e-20 3.62e-14 1.06e-07 1.00e+00 1.00e-20 1.00e-20 
3.58e+14   81      0 1.00e-20 1.00e-20 1.00e-20 1.00e-20 4.54e-14 1.19e-07 1.00e+00 1.00e-20 1.00e-20 
3.75e+14   82      0 1.00e-20 1.00e-20 1.00e-20 1.00e-20 5.60e-14 1.33e-07 1.00e+00 1.00e-20 1.00e-20 
3.94e+14   83      0 1.00e-20 1.00e-20 1.00e-20 1.00e-20 6.93e-14 1.48e-07 1.00e+00 1.00e-20 1.00e-20 
4.14e+14   84      0 1.00e-20 1.00e-20 1.00e-20 1.00e-20 8.65e-14 1.66e-07 1.00e+00 1.00e-20 1.00e-20 
4.34e+14   85      0 1.00e-20 1.00e-20 1.00e-20 1.01e-20 1.07e-13 1.85e-07 1.00e+00 1.00e-20 1.00e-20 
4.56e+14   86      0 1.00e-20 1.00e-20 1.00e-20 1.39e-20 1.34e-13 2.07e-07 1.00e+00 1.00e-20 1.00e-20 
4.78e+14   87      0 1.00e-20 1.00e-20 1.00e-20 1.92e-20 1.68e-13 2.33e-07 1.00e+00 1.00e-20 1.00e-20 
5.02e+14   88      0 1.00e-20 1.00e-20 1.00e-20 2.66e-20 2.11e-13 2.61e-07 1.00e+00 1.00e-20 1.00e-20 
5.27e+14   89      0 1.00e-20 1.00e-20 1.00e-20 3.71e-20 2.65e-13 2.94e-07 1.00e+00 1.00e-20 1.00e-20 
5.53e+14   90      0 1.00e-20 1.00e-20 1.00e-20 5.38e-20 3.44e-13 3.35e-07 1.00e+00 1.00e-20 1.00e-20 
5.81e+14   91      0 1.00e-20 1.00e-20 1.00e-20 8.00e-20 4.51e-13 3.84e-07 1.00e+00 1.00e-20 1.00e-20 
6.10e+14   92      0 1.00e-20 1.00e-20 1.00e-20 1.25e-19 6.12e-13 4.48e-07 1.00e+00 1.00e-20 1.00e-20 
6.40e+14   93      0 1.00e-20 1.00e-20 1.00e-20 2.21e-19 9.07e-13 5.47e-07 1.00e+00 1.00e-20 1.00e-20 
6.72e+14   94     -1 0.00e+00 0.00e+00 0.00e+00 0.00e+00 0.00e+00 0.00e+00 0.00e+00 0.00e+00 0.00e+00 
7.06e+14   95     -1 0.00e+00 0.00e+00 0.00e+00 0.00e+00 0.00e+00 0.00e+00 0.00e+00 0.00e+00 0.00e+00 
