       r    i inwind      i01      i02 
7.00e+12    0     -1 0.00e+00 0.00e+00 
7.35e+12    1      0 9.95e-02 8.29e+10 
7.72e+12    2      0 8.77e-02 7.60e+10 
8.10e+12    3      0 7.73e-02 6.97e+10 
8.51e+12    4      0 2.09e-02 6.42e+10 
8.93e+12    5      0 6.05e-02 5.93e+10 
9.37e+12    6      0 2.58e-02 5.51e+10 
9.84e+12    7      0 4.23e-02 5.13e+10 
1.03e+13    8      0 2.73e-02 4.78e+10 
1.08e+13    9      0 2.04e-02 4.46e+10 
1.14e+13   10      0 1.23e-02 4.20e+10 
1.19e+13   11      0 1.97e-02 3.97e+10 
1.25e+13   12      0 2.34e-02 3.75e+10 
1.32e+13   13      0 3.25e-02 3.57e+10 
1.38e+13   14      0 2.16e-02 3.38e+10 
1.45e+13   15      0 7.03e-03 3.20e+10 
1.52e+13   16      0 1.10e-02 3.02e+10 
1.60e+13   17      0 1.25e-02 2.86e+10 
1.68e+13   18      0 9.80e-03 2.72e+10 
1.76e+13   19      0 1.68e-02 2.58e+10 
1.85e+13   20      0 1.24e-02 2.46e+10 
1.94e+13   21      0 6.37e-03 2.34e+10 
2.04e+13   22      0 5.69e-03 2.24e+10 
2.14e+13   23      0 9.94e-03 2.16e+10 
2.25e+13   24      0 5.98e-03 2.09e+10 
2.36e+13   25      0 1.10e-02 2.03e+10 
2.48e+13   26      0 9.66e-03 1.98e+10 
2.60e+13   27      0 6.24e-03 1.94e+10 
2.73e+13   28      0 9.54e-03 1.92e+10 
2.86e+13   29      0 7.55e-03 1.93e+10 
3.01e+13   30      0 8.10e-03 1.95e+10 
3.16e+13   31      0 1.54e-02 1.99e+10 
3.31e+13   32      0 1.38e-02 1.99e+10 
3.48e+13   33      0 1.32e-02 2.03e+10 
3.65e+13   34      0 1.13e-02 2.12e+10 
3.83e+13   35      0 1.96e-02 2.24e+10 
4.02e+13   36      0 2.58e-02 2.28e+10 
4.22e+13   37      0 2.26e-02 2.35e+10 
4.43e+13   38      0 2.82e-02 2.47e+10 
4.65e+13   39      0 2.61e-02 2.60e+10 
4.88e+13   40      0 2.96e-02 2.65e+10 
5.13e+13   41      0 3.72e-02 2.73e+10 
5.38e+13   42      0 4.59e-02 2.79e+10 
5.65e+13   43      0 4.38e-02 2.87e+10 
5.93e+13   44      0 3.89e-02 2.90e+10 
6.23e+13   45      0 6.11e-02 2.95e+10 
6.54e+13   46      0 5.21e-02 2.97e+10 
6.86e+13   47      0 6.77e-02 2.97e+10 
7.20e+13   48      0 4.75e-02 2.95e+10 
7.56e+13   49      0 7.53e-02 2.95e+10 
7.94e+13   50      0 4.93e-02 2.93e+10 
8.33e+13   51      0 7.24e-02 2.90e+10 
8.75e+13   52      0 5.29e-02 2.86e+10 
9.18e+13   53      0 5.20e-02 2.82e+10 
9.64e+13   54      0 6.87e-02 2.77e+10 
1.01e+14   55      0 7.77e-02 2.72e+10 
1.06e+14   56      0 8.19e-02 2.69e+10 
1.11e+14   57      0 7.89e-02 2.65e+10 
1.17e+14   58      0 6.00e-02 2.61e+10 
1.23e+14   59      0 7.41e-02 2.58e+10 
1.29e+14   60      0 9.25e-02 2.55e+10 
1.35e+14   61      0 8.04e-02 2.51e+10 
1.42e+14   62      0 8.96e-02 2.45e+10 
1.49e+14   63      0 7.28e-02 2.39e+10 
1.57e+14   64      0 6.29e-02 2.32e+10 
1.64e+14   65      0 6.48e-02 2.25e+10 
1.73e+14   66      0 7.10e-02 2.17e+10 
1.81e+14   67      0 6.52e-02 2.08e+10 
1.90e+14   68      0 8.50e-02 1.99e+10 
2.00e+14   69      0 5.95e-02 1.90e+10 
2.10e+14   70      0 7.14e-02 1.81e+10 
2.20e+14   71      0 7.04e-02 1.71e+10 
2.31e+14   72      0 7.70e-02 1.62e+10 
2.42e+14   73      0 6.31e-02 1.53e+10 
2.55e+14   74      0 5.93e-02 1.44e+10 
2.67e+14   75      0 4.78e-02 1.35e+10 
2.80e+14   76      0 4.20e-02 1.27e+10 
2.94e+14   77      0 4.77e-02 1.20e+10 
3.09e+14   78      0 5.66e-02 1.13e+10 
3.24e+14   79      0 5.10e-02 1.06e+10 
3.41e+14   80      0 5.27e-02 9.94e+09 
3.58e+14   81      0 5.29e-02 9.33e+09 
3.75e+14   82      0 4.70e-02 8.73e+09 
3.94e+14   83      0 4.98e-02 8.16e+09 
4.14e+14   84      0 4.99e-02 7.64e+09 
4.34e+14   85      0 5.42e-02 7.14e+09 
4.56e+14   86      0 4.66e-02 6.64e+09 
4.78e+14   87      0 4.77e-02 6.18e+09 
5.02e+14   88      0 4.57e-02 5.77e+09 
5.27e+14   89      0 5.35e-02 5.38e+09 
5.53e+14   90      0 4.98e-02 4.98e+09 
5.81e+14   91      0 5.73e-02 4.63e+09 
6.10e+14   92      0 4.91e-02 4.27e+09 
6.40e+14   93      0 5.56e-02 3.92e+09 
6.72e+14   94     -1 0.00e+00 0.00e+00 
7.06e+14   95     -1 0.00e+00 0.00e+00 
