       r    i inwind      i01      i02      i03      i04      i05      i06      i07      i08      i09 
7.00e+12    0     -1 0.00e+00 0.00e+00 0.00e+00 0.00e+00 0.00e+00 0.00e+00 0.00e+00 0.00e+00 0.00e+00 
7.35e+12    1      0 7.05e-13 7.05e-13 7.05e-13 7.05e-13 7.05e-13 7.05e-13 2.64e-10 4.61e-01 7.05e+07 
7.72e+12    2      0 6.47e-13 6.47e-13 6.47e-13 6.47e-13 6.47e-13 6.47e-13 3.87e-10 5.41e-01 6.47e+07 
8.10e+12    3      0 5.93e-13 5.93e-13 5.93e-13 5.93e-13 5.93e-13 5.93e-13 5.28e-10 6.13e-01 5.93e+07 
8.51e+12    4      0 5.46e-13 5.46e-13 5.46e-13 5.46e-13 5.46e-13 5.46e-13 7.13e-10 6.92e-01 5.46e+07 
8.93e+12    5      0 5.05e-13 5.05e-13 5.05e-13 5.05e-13 5.05e-13 5.05e-13 9.64e-10 7.82e-01 5.05e+07 
9.37e+12    6      0 4.69e-13 4.69e-13 4.69e-13 4.69e-13 4.69e-13 4.69e-13 1.31e-09 8.90e-01 4.69e+07 
9.84e+12    7      0 4.37e-13 4.37e-13 4.37e-13 4.37e-13 4.37e-13 4.37e-13 1.82e-09 1.02e+00 4.37e+07 
1.03e+13    8      0 4.06e-13 4.06e-13 4.06e-13 4.06e-13 4.06e-13 4.06e-13 2.55e-09 1.18e+00 4.06e+07 
1.08e+13    9      0 3.80e-13 3.80e-13 3.80e-13 3.80e-13 3.80e-13 3.80e-13 3.64e-09 1.39e+00 3.80e+07 
1.14e+13   10      0 3.57e-13 3.57e-13 3.57e-13 3.57e-13 3.57e-13 3.57e-13 5.26e-09 1.64e+00 3.57e+07 
1.19e+13   11      0 3.38e-13 3.38e-13 3.38e-13 3.38e-13 3.38e-13 3.38e-13 7.60e-09 1.94e+00 3.38e+07 
1.25e+13   12      0 3.20e-13 3.20e-13 3.20e-13 3.20e-13 3.20e-13 3.20e-13 1.11e-08 2.31e+00 3.20e+07 
1.32e+13   13      0 3.04e-13 3.04e-13 3.04e-13 3.04e-13 3.04e-13 3.04e-13 1.66e-08 2.79e+00 3.04e+07 
1.38e+13   14      0 2.88e-13 2.88e-13 2.88e-13 2.88e-13 2.88e-13 2.88e-13 2.49e-08 3.37e+00 2.88e+07 
1.45e+13   15      0 2.73e-13 2.73e-13 2.73e-13 2.73e-13 2.73e-13 2.73e-13 3.71e-08 4.05e+00 2.73e+07 
1.52e+13   16      0 2.57e-13 2.57e-13 2.57e-13 2.57e-13 2.57e-13 2.57e-13 5.67e-08 4.94e+00 2.57e+07 
1.60e+13   17      0 2.44e-13 2.44e-13 2.44e-13 2.44e-13 2.44e-13 2.44e-13 8.96e-08 6.13e+00 2.44e+07 
1.68e+13   18      0 2.31e-13 2.31e-13 2.31e-13 2.31e-13 2.31e-13 2.31e-13 1.43e-07 7.65e+00 2.31e+07 
1.76e+13   19      0 2.20e-13 2.20e-13 2.20e-13 2.20e-13 2.20e-13 2.20e-13 2.32e-07 9.69e+00 2.20e+07 
1.85e+13   20      0 2.09e-13 2.09e-13 2.09e-13 2.09e-13 2.09e-13 2.09e-13 3.86e-07 1.24e+01 2.09e+07 
1.94e+13   21      0 1.99e-13 1.99e-13 1.99e-13 1.99e-13 1.99e-13 1.99e-13 6.70e-07 1.62e+01 1.99e+07 
2.04e+13   22      0 1.91e-13 1.91e-13 1.91e-13 1.91e-13 1.91e-13 1.91e-13 1.15e-06 2.11e+01 1.91e+07 
2.14e+13   23      0 1.84e-13 1.84e-13 1.84e-13 1.84e-13 1.84e-13 1.84e-13 2.08e-06 2.84e+01 1.84e+07 
2.25e+13   24      0 1.78e-13 1.78e-13 1.78e-13 1.78e-13 1.78e-13 1.78e-13 3.90e-06 3.91e+01 1.78e+07 
2.36e+13   25      0 1.73e-13 1.73e-13 1.73e-13 1.73e-13 1.73e-13 1.73e-13 7.59e-06 5.48e+01 1.73e+07 
2.48e+13   26      0 1.69e-13 1.69e-13 1.69e-13 1.69e-13 1.69e-13 1.69e-13 1.47e-05 7.68e+01 1.69e+07 
2.60e+13   27      0 1.65e-13 1.65e-13 1.65e-13 1.65e-13 1.65e-13 1.65e-13 2.90e-05 1.09e+02 1.65e+07 
2.73e+13   28      0 1.63e-13 1.63e-13 1.63e-13 1.63e-13 1.63e-13 1.63e-13 6.11e-05 1.61e+02 1.63e+07 
2.86e+13   29      0 1.64e-13 1.64e-13 1.64e-13 1.64e-13 1.64e-13 1.64e-13 1.36e-04 2.45e+02 1.64e+07 
3.01e+13   30      0 1.66e-13 1.66e-13 1.66e-13 1.66e-13 1.66e-13 1.66e-13 3.27e-04 3.92e+02 1.66e+07 
3.16e+13   31      0 1.69e-13 1.69e-13 1.69e-13 1.69e-13 1.69e-13 1.69e-13 8.17e-04 6.43e+02 1.69e+07 
3.31e+13   32      0 1.70e-13 1.70e-13 1.70e-13 1.70e-13 1.70e-13 1.70e-13 1.94e-03 1.02e+03 1.70e+07 
3.48e+13   33      0 1.73e-13 1.73e-13 1.73e-13 1.73e-13 1.73e-13 4.97e-13 4.87e-03 1.67e+03 1.73e+07 
3.65e+13   34      0 1.81e-13 1.81e-13 1.81e-13 1.81e-13 1.81e-13 1.63e-12 1.31e-02 2.87e+03 1.81e+07 
3.83e+13   35      0 1.91e-13 1.91e-13 1.91e-13 1.91e-13 1.91e-13 5.63e-12 3.68e-02 5.07e+03 1.91e+07 
4.02e+13   36      0 1.94e-13 1.94e-13 1.94e-13 1.94e-13 1.94e-13 1.84e-11 1.01e-01 8.79e+03 1.94e+07 
4.22e+13   37      0 2.00e-13 2.00e-13 2.00e-13 2.00e-13 2.00e-13 5.59e-11 2.57e-01 1.45e+04 2.00e+07 
4.43e+13   38      0 2.10e-13 2.10e-13 2.10e-13 2.10e-13 2.10e-13 1.79e-10 6.75e-01 2.48e+04 2.10e+07 
4.65e+13   39      0 2.21e-13 2.21e-13 2.21e-13 2.21e-13 2.21e-13 5.24e-10 1.61e+00 3.99e+04 2.21e+07 
4.88e+13   40      0 2.26e-13 2.26e-13 2.26e-13 2.26e-13 2.26e-13 1.62e-09 4.16e+00 6.67e+04 2.25e+07 
5.13e+13   41      0 2.32e-13 2.32e-13 2.32e-13 2.32e-13 2.32e-13 3.77e-09 8.08e+00 9.48e+04 2.31e+07 
5.38e+13   42      0 2.38e-13 2.38e-13 2.38e-13 2.38e-13 2.38e-13 1.00e-08 1.80e+01 1.46e+05 2.36e+07 
5.65e+13   43      0 2.44e-13 2.44e-13 2.44e-13 2.44e-13 2.44e-13 2.93e-08 4.38e+01 2.36e+05 2.42e+07 
5.93e+13   44      0 2.47e-13 2.47e-13 2.47e-13 2.47e-13 2.47e-13 5.85e-06 7.34e+03 2.47e+07 8.69e-09 
6.23e+13   45      0 2.51e-13 2.51e-13 2.51e-13 2.51e-13 2.51e-13 1.06e-05 1.12e+04 2.51e+07 2.94e-09 
6.54e+13   46      0 2.53e-13 2.53e-13 2.53e-13 2.53e-13 2.53e-13 1.91e-05 1.70e+04 2.53e+07 9.82e-10 
6.86e+13   47      0 2.53e-13 2.53e-13 2.53e-13 2.53e-13 2.53e-13 3.05e-05 2.30e+04 2.52e+07 3.35e-10 
7.20e+13   48      0 2.51e-13 2.51e-13 2.51e-13 2.51e-13 3.11e-13 5.22e-05 3.35e+04 2.51e+07 1.11e-10 
7.56e+13   49      0 2.51e-13 2.51e-13 2.51e-13 2.51e-13 6.80e-13 9.81e-05 5.36e+04 2.50e+07 5.12e-11 
7.94e+13   50      0 2.49e-13 2.49e-13 2.49e-13 2.49e-13 4.40e-10 5.40e-02 2.49e+07 3.05e-08 2.49e-13 
8.33e+13   51      0 2.47e-13 2.47e-13 2.47e-13 2.47e-13 5.92e-10 6.26e-02 2.47e+07 1.25e-08 2.47e-13 
8.75e+13   52      0 2.44e-13 2.44e-13 2.44e-13 2.44e-13 7.87e-10 7.20e-02 2.44e+07 5.34e-09 2.44e-13 
9.18e+13   53      0 2.40e-13 2.40e-13 2.40e-13 2.40e-13 1.04e-09 8.21e-02 2.40e+07 2.40e-09 2.40e-13 
9.64e+13   54      0 2.36e-13 2.36e-13 2.36e-13 2.36e-13 1.36e-09 9.38e-02 2.36e+07 1.09e-09 2.36e-13 
1.01e+14   55      0 2.32e-13 2.32e-13 2.32e-13 2.32e-13 1.79e-09 1.07e-01 2.32e+07 5.01e-10 2.32e-13 
1.06e+14   56      0 2.29e-13 2.29e-13 2.29e-13 2.29e-13 2.38e-09 1.23e-01 2.29e+07 2.44e-10 2.29e-13 
1.11e+14   57      0 2.26e-13 2.26e-13 2.26e-13 2.26e-13 3.13e-09 1.41e-01 2.26e+07 1.25e-10 2.26e-13 
1.17e+14   58      0 2.22e-13 2.22e-13 2.22e-13 2.22e-13 4.87e-11 1.91e-03 2.66e+05 2.20e+07 2.22e-13 
1.23e+14   59      0 2.19e-13 2.19e-13 2.19e-13 2.19e-13 5.35e-09 1.82e-01 2.19e+07 3.64e-11 2.19e-13 
1.29e+14   60      0 2.17e-13 2.17e-13 2.17e-13 2.17e-13 7.03e-09 2.08e-01 2.17e+07 2.08e-11 2.17e-13 
1.35e+14   61      0 2.13e-13 2.13e-13 2.13e-13 2.13e-13 9.24e-09 2.37e-01 2.13e+07 1.10e-11 2.13e-13 
1.42e+14   62      0 2.09e-13 2.09e-13 2.09e-13 2.09e-13 1.19e-08 2.67e-01 2.09e+07 6.29e-12 2.09e-13 
1.49e+14   63      0 2.04e-13 2.04e-13 2.04e-13 2.04e-13 1.50e-08 2.98e-01 2.04e+07 3.50e-12 2.04e-13 
1.57e+14   64      0 1.98e-13 1.98e-13 1.98e-13 1.98e-13 1.04e-09 1.82e-02 1.10e+06 1.87e+07 1.98e-13 
1.64e+14   65      0 1.92e-13 1.92e-13 1.92e-13 1.92e-13 2.35e-08 3.62e-01 1.92e+07 1.16e-12 1.92e-13 
1.73e+14   66      0 1.84e-13 1.84e-13 1.84e-13 1.84e-13 2.89e-08 3.95e-01 1.84e+07 6.45e-13 1.84e-13 
1.81e+14   67      0 1.77e-13 1.77e-13 1.77e-13 1.77e-13 3.56e-08 4.31e-01 1.77e+07 3.63e-13 1.77e-13 
1.90e+14   68      0 1.70e-13 1.70e-13 1.70e-13 1.70e-13 4.34e-08 4.66e-01 1.70e+07 1.82e-13 1.70e-13 
2.00e+14   69      0 1.62e-13 1.62e-13 1.62e-13 1.62e-13 5.18e-08 4.97e-01 1.62e+07 1.62e-13 1.62e-13 
2.10e+14   70      0 1.54e-13 1.54e-13 1.54e-13 1.54e-13 6.23e-08 5.33e-01 1.54e+07 1.54e-13 1.54e-13 
2.20e+14   71      0 1.46e-13 1.46e-13 1.46e-13 1.46e-13 7.47e-08 5.70e-01 1.46e+07 1.46e-13 1.46e-13 
2.31e+14   72      0 1.38e-13 1.38e-13 1.38e-13 1.38e-13 8.82e-08 6.04e-01 1.38e+07 1.38e-13 1.38e-13 
2.42e+14   73      0 1.30e-13 1.30e-13 1.30e-13 1.30e-13 1.05e-07 6.41e-01 1.30e+07 1.30e-13 1.30e-13 
2.55e+14   74      0 1.23e-13 1.23e-13 1.23e-13 1.23e-13 1.22e-07 6.75e-01 1.23e+07 1.23e-13 1.23e-13 
2.67e+14   75      0 1.15e-13 1.15e-13 1.15e-13 1.15e-13 1.42e-07 7.07e-01 1.15e+07 1.15e-13 1.15e-13 
2.80e+14   76      0 1.08e-13 1.08e-13 1.08e-13 1.08e-13 1.64e-07 7.37e-01 1.08e+07 1.08e-13 1.08e-13 
2.94e+14   77      0 1.02e-13 1.02e-13 1.02e-13 1.02e-13 1.92e-07 7.74e-01 1.02e+07 1.02e-13 1.02e-13 
3.09e+14   78      0 9.58e-14 9.58e-14 9.58e-14 9.58e-14 2.23e-07 8.11e-01 9.58e+06 9.58e-14 9.58e-14 
3.24e+14   79      0 9.00e-14 9.00e-14 9.00e-14 9.00e-14 2.61e-07 8.53e-01 9.00e+06 9.00e-14 9.00e-14 
3.41e+14   80      0 8.46e-14 8.46e-14 8.46e-14 8.46e-14 3.07e-07 8.99e-01 8.46e+06 8.46e-14 8.46e-14 
3.58e+14   81      0 7.94e-14 7.94e-14 7.94e-14 7.94e-14 3.60e-07 9.47e-01 7.94e+06 7.94e-14 7.94e-14 
3.75e+14   82      0 7.43e-14 7.43e-14 7.43e-14 7.43e-14 4.16e-07 9.86e-01 7.43e+06 7.43e-14 7.43e-14 
3.94e+14   83      0 6.95e-14 6.95e-14 6.95e-14 6.95e-14 4.82e-07 1.03e+00 6.95e+06 6.95e-14 6.95e-14 
4.14e+14   84      0 6.50e-14 6.50e-14 6.50e-14 6.50e-14 5.63e-07 1.08e+00 6.50e+06 6.50e-14 6.50e-14 
4.34e+14   85      0 6.08e-14 6.08e-14 6.08e-14 6.14e-14 6.49e-07 1.12e+00 6.08e+06 6.08e-14 6.08e-14 
4.56e+14   86      0 5.65e-14 5.65e-14 5.65e-14 7.83e-14 7.56e-07 1.17e+00 5.65e+06 5.65e-14 5.65e-14 
4.78e+14   87      0 5.26e-14 5.26e-14 5.26e-14 1.01e-13 8.86e-07 1.23e+00 5.26e+06 5.26e-14 5.26e-14 
5.02e+14   88      0 4.91e-14 4.91e-14 4.91e-14 1.31e-13 1.04e-06 1.28e+00 4.91e+06 4.91e-14 4.91e-14 
5.27e+14   89      0 4.58e-14 4.58e-14 4.58e-14 1.70e-13 1.21e-06 1.34e+00 4.58e+06 4.58e-14 4.58e-14 
5.53e+14   90      0 4.24e-14 4.24e-14 4.24e-14 2.28e-13 1.46e-06 1.42e+00 4.24e+06 4.24e-14 4.24e-14 
5.81e+14   91      0 3.94e-14 3.94e-14 3.94e-14 3.15e-13 1.77e-06 1.51e+00 3.94e+06 3.94e-14 3.94e-14 
6.10e+14   92      0 3.64e-14 3.64e-14 3.64e-14 4.54e-13 2.23e-06 1.63e+00 3.64e+06 3.64e-14 3.64e-14 
6.40e+14   93      0 3.34e-14 3.34e-14 3.34e-14 7.39e-13 3.03e-06 1.83e+00 3.34e+06 3.34e-14 3.34e-14 
6.72e+14   94     -1 0.00e+00 0.00e+00 0.00e+00 0.00e+00 0.00e+00 0.00e+00 0.00e+00 0.00e+00 0.00e+00 
7.06e+14   95     -1 0.00e+00 0.00e+00 0.00e+00 0.00e+00 0.00e+00 0.00e+00 0.00e+00 0.00e+00 0.00e+00 
