        r      rcen    i inwind converge       v_x       v_y       v_z       vol       rho        ne       t_e       t_r        h1       he2        c4        n5        o6  dmo_dt_x  dmo_dt_y  dmo_dt_z        ip      ntot      nrad    nioniz 
7.004e+12 7.179e+12    0     -1        0  2.65e+08  0.00e+00  0.00e+00  0.00e+00  0.00e+00  0.00e+00  0.00e+00  0.00e+00  0.00e+00  0.00e+00  0.00e+00  0.00e+00  0.00e+00  0.00e+00  0.00e+00  0.00e+00  0.00e+00  0.00e+00  0.00e+00  0.00e+00 
7.353e+12 7.536e+12    1      0        0  7.50e+08  0.00e+00  0.00e+00  2.61e+38  1.94e-13  9.96e+10  9.42e+05  9.66e+05  1.20e-12  3.40e-12  0.00e+00  0.00e+00  1.00e-20 -2.16e+34 -4.02e+32 -1.52e+34  9.98e+07  3.86e+06  0.00e+00  3.86e+06 
7.719e+12 7.911e+12    2      0        0  1.26e+09  0.00e+00  0.00e+00  3.02e+38  1.78e-13  9.13e+10  9.22e+05  9.49e+05  1.15e-12  3.52e-12  0.00e+00  0.00e+00  1.00e-20 -1.92e+34  4.68e+32 -1.20e+34  9.05e+07  3.83e+06  0.00e+00  3.83e+06 
8.103e+12 8.304e+12    3      0        0  1.73e+09  0.00e+00  0.00e+00  3.50e+38  1.63e-13  8.38e+10  9.04e+05  9.33e+05  1.11e-12  3.11e-12  0.00e+00  0.00e+00  1.00e-20 -2.06e+34  1.62e+32 -1.31e+34  8.46e+07  3.81e+06  0.00e+00  3.81e+06 
8.506e+12 8.717e+12    4      0        0  2.21e+09  0.00e+00  0.00e+00  4.06e+38  1.51e-13  7.72e+10  8.87e+05  9.17e+05  3.25e-13  2.18e-12  0.00e+00  0.00e+00  1.00e-20 -1.97e+34  3.63e+32 -1.15e+34  7.98e+07  3.80e+06  0.00e+00  3.79e+06 
8.929e+12 9.151e+12    5      0        0  2.68e+09  0.00e+00  0.00e+00  4.70e+38  1.39e-13  7.13e+10  8.70e+05  9.02e+05  1.02e-12  3.84e-12  0.00e+00  0.00e+00  1.00e-20 -1.93e+34 -9.56e+32 -1.22e+34  7.56e+07  3.78e+06  0.00e+00  3.78e+06 
9.373e+12 9.606e+12    6      0        0  3.10e+09  0.00e+00  0.00e+00  5.44e+38  1.29e-13  6.63e+10  8.53e+05  8.87e+05  4.69e-13  2.38e-12  0.00e+00  0.00e+00  1.00e-20 -1.86e+34 -9.76e+32 -1.19e+34  7.15e+07  3.77e+06  0.00e+00  3.77e+06 
9.839e+12 1.008e+13    7      0        0  3.54e+09  0.00e+00  0.00e+00  6.31e+38  1.20e-13  6.17e+10  8.36e+05  8.71e+05  8.26e-13  1.79e-12  0.00e+00  0.00e+00  1.00e-20 -1.67e+34 -3.66e+32 -1.08e+34  6.78e+07  3.76e+06  0.00e+00  3.76e+06 
1.033e+13 1.059e+13    8      0        0  3.99e+09  0.00e+00  0.00e+00  7.31e+38  1.12e-13  5.74e+10  8.19e+05  8.56e+05  5.72e-13  1.71e-12  0.00e+00  0.00e+00  1.00e-20 -1.69e+34 -8.70e+32 -1.07e+34  6.44e+07  3.75e+06  0.00e+00  3.75e+06 
1.084e+13 1.111e+13    9      0        0  4.46e+09  0.00e+00  0.00e+00  8.48e+38  1.05e-13  5.36e+10  8.02e+05  8.40e+05  4.57e-13  2.01e-12  0.00e+00  0.00e+00  1.00e-20 -1.66e+34  2.32e+31 -1.00e+34  6.12e+07  3.75e+06  0.00e+00  3.74e+06 
1.138e+13 1.167e+13   10      0        0  4.90e+09  0.00e+00  0.00e+00  9.83e+38  9.85e-14  5.05e+10  7.85e+05  8.25e+05  2.92e-13  1.29e-12  0.00e+00  0.00e+00  1.00e-20 -1.64e+34  2.78e+32 -1.05e+34  5.79e+07  3.75e+06  0.00e+00  3.74e+06 
1.195e+13 1.225e+13   11      0        0  5.31e+09  0.00e+00  0.00e+00  1.14e+39  9.30e-14  4.77e+10  7.70e+05  8.11e+05  4.96e-13  2.04e-12  0.00e+00  0.00e+00  1.00e-20 -1.62e+34 -3.58e+32 -1.07e+34  5.46e+07  3.74e+06  0.00e+00  3.74e+06 
1.254e+13 1.285e+13   12      0        0  5.70e+09  0.00e+00  0.00e+00  1.32e+39  8.80e-14  4.51e+10  7.53e+05  7.96e+05  6.24e-13  2.32e-12  0.00e+00  0.00e+00  1.00e-20 -1.47e+34  1.25e+32 -1.02e+34  5.15e+07  3.74e+06  0.00e+00  3.73e+06 
1.317e+13 1.349e+13   13      0        0  6.13e+09  0.00e+00  0.00e+00  1.53e+39  8.36e-14  4.29e+10  7.37e+05  7.82e+05  9.12e-13  1.66e-12  0.00e+00  0.00e+00  1.00e-20 -1.54e+34  1.40e+32 -1.01e+34  4.84e+07  3.74e+06  0.00e+00  3.73e+06 
1.382e+13 1.417e+13   14      0        0  6.55e+09  0.00e+00  0.00e+00  1.78e+39  7.94e-14  4.07e+10  7.21e+05  7.67e+05  6.38e-13  2.52e-12  0.00e+00  0.00e+00  1.00e-20 -1.56e+34 -1.24e+32 -1.07e+34  4.57e+07  3.74e+06  0.00e+00  3.73e+06 
1.451e+13 1.487e+13   15      0        0  6.94e+09  0.00e+00  0.00e+00  2.07e+39  7.51e-14  3.85e+10  7.05e+05  7.53e+05  2.20e-13  1.45e-12  0.00e+00  0.00e+00  1.00e-20 -1.61e+34  1.06e+33 -9.63e+33  4.32e+07  3.74e+06  0.00e+00  3.73e+06 
1.523e+13 1.561e+13   16      0        0  7.33e+09  0.00e+00  0.00e+00  2.40e+39  7.09e-14  3.63e+10  6.88e+05  7.38e+05  3.63e-13  1.88e-12  0.00e+00  0.00e+00  1.00e-20 -1.52e+34  2.17e+32 -9.71e+33  4.10e+07  3.74e+06  0.00e+00  3.73e+06 
1.599e+13 1.639e+13   17      0        0  7.81e+09  0.00e+00  0.00e+00  2.79e+39  6.71e-14  3.44e+10  6.71e+05  7.23e+05  4.37e-13  1.65e-12  0.00e+00  0.00e+00  1.00e-20 -1.50e+34  2.30e+32 -9.93e+33  3.88e+07  3.74e+06  0.00e+00  3.73e+06 
1.678e+13 1.720e+13   18      0        0  8.25e+09  0.00e+00  0.00e+00  3.24e+39  6.37e-14  3.26e+10  6.54e+05  7.08e+05  3.61e-13  1.57e-12  0.00e+00  0.00e+00  1.00e-20 -1.58e+34  6.24e+32 -1.00e+34  3.67e+07  3.75e+06  0.00e+00  3.73e+06 
1.762e+13 1.806e+13   19      0        0  8.68e+09  0.00e+00  0.00e+00  3.76e+39  6.06e-14  3.11e+10  6.37e+05  6.93e+05  6.52e-13  2.09e-12  0.00e+00  0.00e+00  1.00e-20 -1.45e+34  1.83e+32 -9.93e+33  3.47e+07  3.75e+06  0.00e+00  3.74e+06 
1.850e+13 1.896e+13   20      0        0  9.11e+09  0.00e+00  0.00e+00  4.37e+39  5.76e-14  2.95e+10  6.19e+05  6.77e+05  5.05e-13  2.35e-12  0.00e+00  0.00e+00  1.00e-20 -1.44e+34  1.95e+32 -9.72e+33  3.29e+07  3.76e+06  0.00e+00  3.74e+06 
1.942e+13 1.990e+13   21      0        0  9.61e+09  0.00e+00  0.00e+00  5.09e+39  5.49e-14  2.82e+10  6.02e+05  6.61e+05  2.72e-13  1.81e-12  0.00e+00  0.00e+00  1.00e-20 -1.50e+34 -5.20e+32 -9.76e+33  3.10e+07  3.77e+06  0.00e+00  3.75e+06 
2.038e+13 2.089e+13   22      0        0  1.01e+10  0.00e+00  0.00e+00  5.92e+39  5.25e-14  2.69e+10  5.85e+05  6.47e+05  2.54e-13  1.76e-12  0.00e+00  0.00e+00  1.00e-20 -1.45e+34 -2.61e+32 -8.84e+33  2.93e+07  3.78e+06  0.00e+00  3.76e+06 
2.140e+13 2.193e+13   23      0        0  1.05e+10  0.00e+00  0.00e+00  6.89e+39  5.07e-14  2.60e+10  5.68e+05  6.31e+05  4.60e-13  1.57e-12  0.00e+00  0.00e+00  1.00e-20 -1.44e+34 -9.00e+30 -8.59e+33  2.74e+07  3.79e+06  0.00e+00  3.77e+06 
2.246e+13 2.302e+13   24      0        0  1.09e+10  0.00e+00  0.00e+00  8.02e+39  4.90e-14  2.51e+10  5.50e+05  6.16e+05  2.86e-13  1.63e-12  0.00e+00  0.00e+00  1.00e-20 -1.57e+34  1.57e+32 -1.01e+34  2.57e+07  3.80e+06  0.00e+00  3.78e+06 
2.358e+13 2.416e+13   25      0        0  1.14e+10  0.00e+00  0.00e+00  9.34e+39  4.76e-14  2.44e+10  5.32e+05  6.00e+05  5.40e-13  2.36e-12  0.00e+00  0.00e+00  1.00e-20 -1.56e+34  6.15e+32 -1.05e+34  2.40e+07  3.82e+06  0.00e+00  3.79e+06 
2.475e+13 2.537e+13   26      0        0  1.19e+10  0.00e+00  0.00e+00  1.09e+40  4.64e-14  2.38e+10  5.15e+05  5.85e+05  4.88e-13  2.30e-12  0.00e+00  0.00e+00  1.00e-20 -1.56e+34 -2.34e+32 -9.21e+33  2.23e+07  3.84e+06  0.00e+00  3.80e+06 
2.598e+13 2.663e+13   27      0        0  1.23e+10  0.00e+00  0.00e+00  1.27e+40  4.55e-14  2.33e+10  4.98e+05  5.70e+05  3.22e-13  2.27e-12  0.00e+00  0.00e+00  1.00e-20 -1.60e+34 -3.69e+32 -1.02e+34  2.08e+07  3.86e+06  0.00e+00  3.82e+06 
2.728e+13 2.795e+13   28      0        0  1.27e+10  0.00e+00  0.00e+00  1.48e+40  4.50e-14  2.31e+10  4.82e+05  5.55e+05  4.97e-13  2.15e-12  0.00e+00  0.00e+00  1.00e-20 -1.70e+34 -1.83e+32 -1.10e+34  1.92e+07  3.88e+06  0.00e+00  3.84e+06 
2.863e+13 2.934e+13   29      0        0  1.32e+10  0.00e+00  0.00e+00  1.72e+40  4.51e-14  2.31e+10  4.65e+05  5.40e+05  3.92e-13  2.25e-12  0.00e+00  0.00e+00  1.00e-20 -1.73e+34  2.04e+30 -1.09e+34  1.75e+07  3.90e+06  0.00e+00  3.86e+06 
3.006e+13 3.080e+13   30      0        0  1.36e+10  0.00e+00  0.00e+00  2.01e+40  4.57e-14  2.34e+10  4.48e+05  5.25e+05  4.16e-13  2.05e-12  0.00e+00  0.00e+00  1.00e-20 -1.75e+34 -5.13e+32 -1.12e+34  1.58e+07  3.93e+06  0.00e+00  3.88e+06 
3.155e+13 3.234e+13   31      0        0  1.41e+10  0.00e+00  0.00e+00  2.35e+40  4.66e-14  2.39e+10  4.31e+05  5.10e+05  7.75e-13  3.21e-12  0.00e+00  0.00e+00  1.00e-20 -1.88e+34 -3.62e+32 -1.17e+34  1.42e+07  3.95e+06  0.00e+00  3.90e+06 
3.312e+13 3.395e+13   32      0        0  1.45e+10  0.00e+00  0.00e+00  2.74e+40  4.67e-14  2.40e+10  4.16e+05  4.96e+05  6.90e-13  2.65e-12  0.00e+00  0.00e+00  1.00e-20 -2.02e+34  4.09e+32 -1.25e+34  1.30e+07  3.98e+06  0.00e+00  3.92e+06 
3.477e+13 3.563e+13   33      0        0  1.50e+10  0.00e+00  0.00e+00  3.20e+40  4.77e-14  2.45e+10  4.00e+05  4.82e+05  6.47e-13  2.90e-12  0.00e+00  0.00e+00  2.87e-20 -2.15e+34 -1.69e+30 -1.34e+34  1.18e+07  4.01e+06  0.00e+00  3.94e+06 
3.650e+13 3.741e+13   34      0        0  1.54e+10  0.00e+00  0.00e+00  3.74e+40  4.98e-14  2.55e+10  3.85e+05  4.68e+05  5.32e-13  3.65e-12  0.00e+00  0.00e+00  9.03e-20 -2.27e+34 -1.73e+32 -1.44e+34  1.04e+07  4.04e+06  0.00e+00  3.96e+06 
3.832e+13 3.927e+13   35      0        0  1.58e+10  0.00e+00  0.00e+00  4.36e+40  5.25e-14  2.69e+10  3.71e+05  4.56e+05  8.76e-13  4.12e-12  0.00e+00  0.00e+00  2.95e-19 -2.35e+34  1.26e+31 -1.56e+34  9.14e+06  4.07e+06  0.00e+00  3.99e+06 
4.022e+13 4.122e+13   36      0        0  1.61e+10  0.00e+00  0.00e+00  5.10e+40  5.34e-14  2.74e+10  3.58e+05  4.43e+05  1.13e-12  3.82e-12  0.00e+00  0.00e+00  9.47e-19 -2.62e+34  1.63e+32 -1.74e+34  8.31e+06  4.10e+06  0.00e+00  4.01e+06 
4.222e+13 4.327e+13   37      0        0  1.65e+10  0.00e+00  0.00e+00  5.95e+40  5.51e-14  2.82e+10  3.45e+05  4.31e+05  9.64e-13  5.63e-12  0.00e+00  0.00e+00  2.79e-18 -2.68e+34 -4.88e+32 -1.65e+34  7.49e+06  4.13e+06  0.00e+00  4.03e+06 
4.432e+13 4.543e+13   38      0        0  1.68e+10  0.00e+00  0.00e+00  6.93e+40  5.79e-14  2.97e+10  3.34e+05  4.20e+05  1.14e-12  5.62e-12  0.00e+00  0.00e+00  8.54e-18 -2.81e+34  2.53e+32 -1.76e+34  6.60e+06  4.16e+06  0.00e+00  4.05e+06 
4.653e+13 4.769e+13   39      0        0  1.71e+10  0.00e+00  0.00e+00  8.08e+40  6.09e-14  3.12e+10  3.23e+05  4.09e+05  1.01e-12  5.66e-12  0.00e+00  0.00e+00  2.37e-17 -3.14e+34 -1.10e+33 -1.95e+34  5.84e+06  4.19e+06  0.00e+00  4.07e+06 
4.884e+13 5.006e+13   40      0        0  1.73e+10  0.00e+00  0.00e+00  9.42e+40  6.22e-14  3.19e+10  3.12e+05  3.98e+05  1.12e-12  6.35e-12  0.00e+00  0.00e+00  7.16e-17 -3.12e+34  4.64e+32 -2.03e+34  5.30e+06  4.22e+06  0.00e+00  4.09e+06 
5.127e+13 5.255e+13   41      0        0  1.76e+10  0.00e+00  0.00e+00  1.10e+41  6.39e-14  3.28e+10  3.02e+05  3.89e+05  1.37e-12  6.62e-12  0.00e+00  0.00e+00  1.62e-16 -3.15e+34 -5.27e+32 -2.13e+34  4.78e+06  4.25e+06  0.00e+00  4.11e+06 
5.382e+13 5.516e+13   42      0        0  1.78e+10  0.00e+00  0.00e+00  1.28e+41  6.55e-14  3.36e+10  2.93e+05  3.79e+05  1.64e-12  7.37e-12  0.00e+00  0.00e+00  4.22e-16 -3.36e+34 -6.79e+32 -2.06e+34  4.31e+06  4.28e+06  0.00e+00  4.13e+06 
5.650e+13 5.791e+13   43      0        0  1.80e+10  0.00e+00  0.00e+00  1.48e+41  6.72e-14  3.45e+10  2.85e+05  3.70e+05  1.53e-12  9.61e-12  0.00e+00  0.00e+00  1.20e-15 -3.27e+34  1.98e+32 -2.04e+34  3.89e+06  4.31e+06  0.00e+00  4.14e+06 
5.931e+13 6.079e+13   44      0        0  1.82e+10  0.00e+00  0.00e+00  1.73e+41  6.81e-14  3.49e+10  2.76e+05  3.61e+05  1.34e-12  1.06e-11  0.00e+00  0.00e+00  2.37e-13 -3.39e+34  3.15e+32 -2.16e+34  3.55e+06  4.34e+06  0.00e+00  4.15e+06 
6.226e+13 6.381e+13   45      0        0  1.83e+10  0.00e+00  0.00e+00  2.01e+41  6.92e-14  3.55e+10  2.68e+05  3.52e+05  2.07e-12  1.08e-11  0.00e+00  0.00e+00  4.23e-13 -3.44e+34  6.59e+32 -2.25e+34  3.22e+06  4.37e+06  0.00e+00  4.17e+06 
6.536e+13 6.699e+13   46      0        0  1.84e+10  0.00e+00  0.00e+00  2.33e+41  6.96e-14  3.57e+10  2.61e+05  3.44e+05  1.75e-12  9.05e-12  0.00e+00  0.00e+00  7.57e-13 -3.30e+34 -1.18e+31 -2.13e+34  2.95e+06  4.40e+06  0.00e+00  4.18e+06 
6.861e+13 7.032e+13   47      0        0  1.85e+10  0.00e+00  0.00e+00  2.70e+41  6.96e-14  3.57e+10  2.54e+05  3.35e+05  2.28e-12  1.12e-11  0.00e+00  0.00e+00  1.21e-12 -3.33e+34 -1.06e+32 -2.02e+34  2.71e+06  4.43e+06  0.00e+00  4.19e+06 
7.203e+13 7.382e+13   48      0        0  1.86e+10  0.00e+00  0.00e+00  3.13e+41  6.91e-14  3.54e+10  2.47e+05  3.27e+05  1.61e-12  1.28e-11  0.00e+00  0.00e+00  2.08e-12 -3.22e+34  1.05e+32 -1.94e+34  2.51e+06  4.47e+06  0.00e+00  4.20e+06 
7.561e+13 7.749e+13   49      0        0  1.86e+10  0.00e+00  0.00e+00  3.63e+41  6.91e-14  3.54e+10  2.43e+05  3.19e+05  2.55e-12  1.42e-11  0.00e+00  0.00e+00  3.91e-12 -3.21e+34  3.01e+32 -1.98e+34  2.30e+06  4.50e+06  0.00e+00  4.21e+06 
7.937e+13 8.134e+13   50      0        0  1.87e+10  0.00e+00  0.00e+00  4.20e+41  6.87e-14  3.52e+10  2.35e+05  3.12e+05  1.68e-12  1.65e-11  0.00e+00  0.00e+00  2.17e-09 -3.11e+34 -3.03e+32 -1.94e+34  2.12e+06  4.54e+06  0.00e+00  4.22e+06 
8.332e+13 8.539e+13   51      0        0  1.87e+10  0.00e+00  0.00e+00  4.85e+41  6.80e-14  3.48e+10  2.30e+05  3.05e+05  2.50e-12  1.49e-11  0.00e+00  0.00e+00  2.54e-09 -3.10e+34  2.91e+32 -1.94e+34  1.96e+06  4.58e+06  0.00e+00  4.23e+06 
8.746e+13 8.964e+13   52      0        0  1.86e+10  0.00e+00  0.00e+00  5.61e+41  6.71e-14  3.43e+10  2.25e+05  2.98e+05  1.85e-12  1.70e-11  0.00e+00  0.00e+00  2.96e-09 -2.84e+34 -4.36e+32 -1.83e+34  1.83e+06  4.62e+06  0.00e+00  4.24e+06 
9.181e+13 9.410e+13   53      0        0  1.86e+10  0.00e+00  0.00e+00  6.47e+41  6.60e-14  3.38e+10  2.20e+05  2.91e+05  1.85e-12  2.05e-11  0.00e+00  0.00e+00  3.43e-09 -2.86e+34 -2.53e+32 -1.76e+34  1.70e+06  4.66e+06  0.00e+00  4.25e+06 
9.638e+13 9.878e+13   54      0        0  1.85e+10  0.00e+00  0.00e+00  7.46e+41  6.50e-14  3.33e+10  2.16e+05  2.85e+05  2.48e-12  2.03e-11  0.00e+00  0.00e+00  3.98e-09 -2.71e+34 -6.58e+32 -1.74e+34  1.58e+06  4.70e+06  0.00e+00  4.27e+06 
1.012e+14 1.037e+14   55      0        0  1.84e+10  0.00e+00  0.00e+00  8.59e+41  6.38e-14  3.27e+10  2.12e+05  2.79e+05  2.85e-12  2.34e-11  0.00e+00  0.00e+00  4.62e-09 -2.67e+34  4.63e+32 -1.74e+34  1.47e+06  4.75e+06  0.00e+00  4.28e+06 
1.062e+14 1.089e+14   56      0        0  1.83e+10  0.00e+00  0.00e+00  9.90e+41  6.30e-14  3.23e+10  2.09e+05  2.73e+05  3.05e-12  2.39e-11  0.00e+00  0.00e+00  5.38e-09 -2.60e+34 -8.43e+31 -1.65e+34  1.36e+06  4.80e+06  0.00e+00  4.29e+06 
1.115e+14 1.143e+14   57      0        0  1.81e+10  0.00e+00  0.00e+00  1.14e+42  6.21e-14  3.18e+10  2.06e+05  2.67e+05  2.98e-12  2.82e-11  0.00e+00  0.00e+00  6.24e-09 -2.53e+34  6.84e+32 -1.55e+34  1.26e+06  4.85e+06  0.00e+00  4.30e+06 
1.170e+14 1.200e+14   58      0        0  1.79e+10  0.00e+00  0.00e+00  1.31e+42  6.12e-14  3.14e+10  2.03e+05  2.62e+05  2.30e-12  2.88e-11  0.00e+00  0.00e+00  8.58e-11 -2.52e+34 -3.08e+32 -1.51e+34  1.17e+06  4.90e+06  0.00e+00  4.31e+06 
1.229e+14 1.259e+14   59      0        0  1.77e+10  0.00e+00  0.00e+00  1.50e+42  6.04e-14  3.10e+10  2.00e+05  2.57e+05  2.87e-12  3.05e-11  0.00e+00  0.00e+00  8.30e-09 -2.36e+34 -9.54e+32 -1.57e+34  1.08e+06  4.96e+06  0.00e+00  4.32e+06 
1.290e+14 1.322e+14   60      0        0  1.75e+10  0.00e+00  0.00e+00  1.73e+42  5.97e-14  3.06e+10  1.98e+05  2.52e+05  3.63e-12  3.43e-11  0.00e+00  0.00e+00  9.59e-09 -2.42e+34 -5.79e+32 -1.45e+34  9.95e+05  5.01e+06  0.00e+00  4.32e+06 
1.354e+14 1.388e+14   61      0        0  1.72e+10  0.00e+00  0.00e+00  1.98e+42  5.87e-14  3.01e+10  1.95e+05  2.46e+05  3.21e-12  4.08e-11  0.00e+00  0.00e+00  1.11e-08 -2.26e+34 -3.99e+32 -1.37e+34  9.20e+05  5.06e+06  0.00e+00  4.32e+06 
1.421e+14 1.457e+14   62      0        0  1.70e+10  0.00e+00  0.00e+00  2.28e+42  5.75e-14  2.95e+10  1.93e+05  2.42e+05  3.65e-12  3.81e-11  0.00e+00  0.00e+00  1.28e-08 -2.33e+34  4.57e+32 -1.45e+34  8.53e+05  5.10e+06  0.00e+00  4.32e+06 
1.492e+14 1.529e+14   63      0        0  1.67e+10  0.00e+00  0.00e+00  2.61e+42  5.61e-14  2.87e+10  1.90e+05  2.37e+05  3.04e-12  4.49e-11  0.00e+00  0.00e+00  1.46e-08 -2.22e+34  3.88e+32 -1.39e+34  7.93e+05  5.14e+06  0.00e+00  4.31e+06 
1.566e+14 1.605e+14   64      0        0  1.64e+10  0.00e+00  0.00e+00  3.00e+42  5.45e-14  2.79e+10  1.88e+05  2.33e+05  2.70e-12  5.00e-11  0.00e+00  0.00e+00  9.20e-10 -2.07e+34  4.12e+32 -1.33e+34  7.39e+05  5.18e+06  0.00e+00  4.31e+06 
1.644e+14 1.685e+14   65      0        0  1.61e+10  0.00e+00  0.00e+00  3.44e+42  5.28e-14  2.70e+10  1.86e+05  2.29e+05  2.88e-12  5.51e-11  0.00e+00  0.00e+00  1.89e-08 -2.08e+34  1.72e+32 -1.31e+34  6.90e+05  5.22e+06  0.00e+00  4.29e+06 
1.726e+14 1.769e+14   66      0        0  1.57e+10  0.00e+00  0.00e+00  3.95e+42  5.08e-14  2.60e+10  1.84e+05  2.24e+05  3.28e-12  5.75e-11  0.00e+00  0.00e+00  2.14e-08 -2.01e+34  6.99e+32 -1.24e+34  6.46e+05  5.25e+06  0.00e+00  4.27e+06 
1.812e+14 1.857e+14   67      0        0  1.54e+10  0.00e+00  0.00e+00  4.54e+42  4.89e-14  2.50e+10  1.82e+05  2.20e+05  3.13e-12  6.43e-11  0.00e+00  0.00e+00  2.43e-08 -1.88e+34  1.23e+31 -1.19e+34  6.04e+05  5.28e+06  0.00e+00  4.25e+06 
1.902e+14 1.949e+14   68      0        0  1.51e+10  0.00e+00  0.00e+00  5.21e+42  4.67e-14  2.39e+10  1.79e+05  2.16e+05  4.26e-12  6.89e-11  0.00e+00  0.00e+00  2.75e-08 -1.92e+34  3.32e+31 -1.15e+34  5.68e+05  5.30e+06  0.00e+00  4.22e+06 
1.997e+14 2.046e+14   69      0        0  1.48e+10  0.00e+00  0.00e+00  5.99e+42  4.45e-14  2.28e+10  1.77e+05  2.13e+05  3.13e-12  7.90e-11  0.00e+00  0.00e+00  3.08e-08 -1.92e+34  1.14e+31 -1.19e+34  5.36e+05  5.32e+06  0.00e+00  4.19e+06 
2.096e+14 2.148e+14   70      0        0  1.45e+10  0.00e+00  0.00e+00  6.89e+42  4.23e-14  2.17e+10  1.75e+05  2.09e+05  3.96e-12  8.77e-11  0.00e+00  0.00e+00  3.47e-08 -1.78e+34 -5.95e+32 -1.17e+34  5.04e+05  5.33e+06  0.00e+00  4.15e+06 
2.200e+14 2.255e+14   71      0        0  1.42e+10  0.00e+00  0.00e+00  7.92e+42  4.02e-14  2.06e+10  1.73e+05  2.05e+05  4.11e-12  9.54e-11  0.00e+00  0.00e+00  3.90e-08 -1.75e+34 -6.75e+31 -1.07e+34  4.75e+05  5.33e+06  0.00e+00  4.11e+06 
2.310e+14 2.367e+14   72      0        0  1.39e+10  0.00e+00  0.00e+00  9.11e+42  3.81e-14  1.95e+10  1.70e+05  2.01e+05  4.75e-12  9.90e-11  0.00e+00  0.00e+00  4.37e-08 -1.69e+34  2.98e+32 -1.08e+34  4.49e+05  5.33e+06  0.00e+00  4.06e+06 
2.425e+14 2.485e+14   73      0        0  1.36e+10  0.00e+00  0.00e+00  1.05e+43  3.59e-14  1.84e+10  1.68e+05  1.98e+05  4.12e-12  1.14e-10  0.00e+00  0.00e+00  4.91e-08 -1.60e+34  7.97e+32 -9.77e+33  4.23e+05  5.33e+06  0.00e+00  4.02e+06 
2.545e+14 2.608e+14   74      0        0  1.34e+10  0.00e+00  0.00e+00  1.21e+43  3.38e-14  1.73e+10  1.66e+05  1.94e+05  4.11e-12  1.25e-10  0.00e+00  0.00e+00  5.50e-08 -1.52e+34 -1.00e+32 -9.86e+33  4.01e+05  5.31e+06  0.00e+00  3.96e+06 
2.672e+14 2.738e+14   75      0        0  1.31e+10  0.00e+00  0.00e+00  1.39e+43  3.17e-14  1.62e+10  1.64e+05  1.91e+05  3.53e-12  1.32e-10  0.00e+00  0.00e+00  6.14e-08 -1.49e+34  1.00e+31 -9.65e+33  3.80e+05  5.30e+06  0.00e+00  3.91e+06 
2.805e+14 2.874e+14   76      0        0  1.29e+10  0.00e+00  0.00e+00  1.60e+43  2.98e-14  1.53e+10  1.61e+05  1.88e+05  3.31e-12  1.51e-10  0.00e+00  0.00e+00  6.81e-08 -1.52e+34  1.28e+32 -9.44e+33  3.60e+05  5.28e+06  0.00e+00  3.86e+06 
2.944e+14 3.017e+14   77      0        0  1.26e+10  0.00e+00  0.00e+00  1.84e+43  2.81e-14  1.44e+10  1.59e+05  1.85e+05  3.99e-12  1.62e-10  0.00e+00  0.00e+00  7.60e-08 -1.35e+34 -2.05e+32 -9.16e+33  3.39e+05  5.25e+06  0.00e+00  3.80e+06 
3.091e+14 3.168e+14   78      0        0  1.24e+10  0.00e+00  0.00e+00  2.12e+43  2.64e-14  1.35e+10  1.57e+05  1.82e+05  5.03e-12  1.75e-10  0.00e+00  0.00e+00  8.47e-08 -1.36e+34  1.02e+32 -8.63e+33  3.20e+05  5.22e+06  0.00e+00  3.73e+06 
3.244e+14 3.325e+14   79      0        0  1.21e+10  0.00e+00  0.00e+00  2.45e+43  2.48e-14  1.27e+10  1.55e+05  1.80e+05  4.82e-12  1.94e-10  0.00e+00  0.00e+00  9.47e-08 -1.34e+34 -1.44e+32 -8.59e+33  3.01e+05  5.18e+06  0.00e+00  3.66e+06 
3.406e+14 3.491e+14   80      0        0  1.19e+10  0.00e+00  0.00e+00  2.82e+43  2.33e-14  1.19e+10  1.53e+05  1.77e+05  5.30e-12  2.18e-10  0.00e+00  0.00e+00  1.06e-07 -1.26e+34  6.29e+31 -8.43e+33  2.83e+05  5.13e+06  0.00e+00  3.59e+06 
3.575e+14 3.664e+14   81      0        0  1.17e+10  0.00e+00  0.00e+00  3.25e+43  2.19e-14  1.12e+10  1.51e+05  1.74e+05  5.66e-12  2.45e-10  0.00e+00  0.00e+00  1.19e-07 -1.24e+34 -2.08e+32 -7.63e+33  2.66e+05  5.08e+06  0.00e+00  3.52e+06 
3.753e+14 3.847e+14   82      0        0  1.15e+10  0.00e+00  0.00e+00  3.75e+43  2.05e-14  1.05e+10  1.49e+05  1.72e+05  5.39e-12  2.64e-10  0.00e+00  0.00e+00  1.33e-07 -1.15e+34 -3.78e+32 -7.70e+33  2.50e+05  5.01e+06  0.00e+00  3.44e+06 
3.940e+14 4.038e+14   83      0        0  1.13e+10  0.00e+00  0.00e+00  4.33e+43  1.91e-14  9.80e+09  1.46e+05  1.69e+05  6.10e-12  2.93e-10  0.00e+00  0.00e+00  1.48e-07 -1.15e+34  2.51e+32 -6.85e+33  2.34e+05  4.94e+06  0.00e+00  3.36e+06 
4.136e+14 4.239e+14   84      0        0  1.12e+10  0.00e+00  0.00e+00  5.00e+43  1.79e-14  9.17e+09  1.45e+05  1.67e+05  6.53e-12  3.30e-10  0.00e+00  0.00e+00  1.66e-07 -1.09e+34 -6.48e+32 -7.44e+33  2.19e+05  4.86e+06  0.00e+00  3.27e+06 
4.342e+14 4.450e+14   85      0        0  1.10e+10  0.00e+00  0.00e+00  5.77e+43  1.67e-14  8.57e+09  1.43e+05  1.65e+05  7.59e-12  3.62e-10  0.00e+00  0.00e+00  1.85e-07 -1.11e+34  6.72e+31 -7.23e+33  2.05e+05  4.77e+06  0.00e+00  3.18e+06 
4.558e+14 4.671e+14   86      0        0  1.09e+10  0.00e+00  0.00e+00  6.66e+43  1.56e-14  7.97e+09  1.41e+05  1.63e+05  7.03e-12  4.03e-10  0.00e+00  0.00e+00  2.07e-07 -1.12e+34 -8.60e+31 -7.08e+33  1.91e+05  4.66e+06  0.00e+00  3.08e+06 
4.784e+14 4.903e+14   87      0        0  1.07e+10  0.00e+00  0.00e+00  7.70e+43  1.45e-14  7.42e+09  1.39e+05  1.61e+05  7.72e-12  4.48e-10  0.00e+00  0.00e+00  2.33e-07 -1.04e+34 -1.86e+32 -6.71e+33  1.78e+05  4.55e+06  0.00e+00  2.98e+06 
5.022e+14 5.147e+14   88      0        0  1.06e+10  0.00e+00  0.00e+00  8.89e+43  1.35e-14  6.92e+09  1.37e+05  1.60e+05  7.92e-12  5.06e-10  0.00e+00  0.00e+00  2.61e-07 -1.07e+34 -1.66e+32 -6.52e+33  1.64e+05  4.42e+06  0.00e+00  2.87e+06 
5.272e+14 5.403e+14   89      0        0  1.05e+10  0.00e+00  0.00e+00  1.03e+44  1.26e-14  6.45e+09  1.35e+05  1.58e+05  9.95e-12  5.64e-10  0.00e+00  0.00e+00  2.94e-07 -9.68e+33 -3.49e+31 -6.08e+33  1.51e+05  4.28e+06  0.00e+00  2.76e+06 
5.535e+14 5.672e+14   90      0        0  1.04e+10  0.00e+00  0.00e+00  1.19e+44  1.17e-14  5.98e+09  1.33e+05  1.57e+05  9.98e-12  6.50e-10  0.00e+00  0.00e+00  3.35e-07 -9.68e+33  2.06e+32 -6.28e+33  1.37e+05  4.11e+06  0.00e+00  2.64e+06 
5.810e+14 5.954e+14   91      0        0  1.03e+10  0.00e+00  0.00e+00  1.37e+44  1.08e-14  5.55e+09  1.31e+05  1.55e+05  1.24e-11  7.51e-10  0.00e+00  0.00e+00  3.84e-07 -9.40e+33 -2.85e+31 -5.78e+33  1.24e+05  3.93e+06  0.00e+00  2.50e+06 
6.099e+14 6.251e+14   92      0        0  1.02e+10  0.00e+00  0.00e+00  1.58e+44  1.00e-14  5.13e+09  1.29e+05  1.54e+05  1.15e-11  8.77e-10  0.00e+00  0.00e+00  4.48e-07 -8.58e+33  1.81e+32 -5.13e+33  1.09e+05  3.72e+06  0.00e+00  2.35e+06 
6.402e+14 6.562e+14   93      0        0  1.01e+10  0.00e+00  0.00e+00  1.83e+44  9.20e-15  4.71e+09  1.27e+05  1.53e+05  1.42e-11  1.08e-09  0.00e+00  0.00e+00  5.47e-07 -8.84e+33 -1.29e+32 -5.64e+33  9.24e+04  3.46e+06  0.00e+00  2.17e+06 
6.721e+14 6.888e+14   94     -1        0  1.01e+10  0.00e+00  0.00e+00  0.00e+00  0.00e+00  0.00e+00  0.00e+00  0.00e+00  0.00e+00  0.00e+00  0.00e+00  0.00e+00  0.00e+00  0.00e+00  0.00e+00  0.00e+00  0.00e+00  0.00e+00  0.00e+00  0.00e+00 
7.055e+14 7.091e+14   95     -1        0  9.97e+09  0.00e+00  0.00e+00  0.00e+00  0.00e+00  0.00e+00  0.00e+00  0.00e+00  0.00e+00  0.00e+00  0.00e+00  0.00e+00  0.00e+00  0.00e+00  0.00e+00  0.00e+00  0.00e+00  0.00e+00  0.00e+00  0.00e+00 
