       r    i inwind      i01      i02 
7.00e+12    0     -1 0.00e+00 0.00e+00 
7.35e+12    1      0 1.20e-12 1.00e+00 
7.72e+12    2      0 1.15e-12 1.00e+00 
8.10e+12    3      0 1.11e-12 1.00e+00 
8.51e+12    4      0 3.25e-13 1.00e+00 
8.93e+12    5      0 1.02e-12 1.00e+00 
9.37e+12    6      0 4.69e-13 1.00e+00 
9.84e+12    7      0 8.26e-13 1.00e+00 
1.03e+13    8      0 5.72e-13 1.00e+00 
1.08e+13    9      0 4.57e-13 1.00e+00 
1.14e+13   10      0 2.92e-13 1.00e+00 
1.19e+13   11      0 4.96e-13 1.00e+00 
1.25e+13   12      0 6.24e-13 1.00e+00 
1.32e+13   13      0 9.12e-13 1.00e+00 
1.38e+13   14      0 6.38e-13 1.00e+00 
1.45e+13   15      0 2.20e-13 1.00e+00 
1.52e+13   16      0 3.63e-13 1.00e+00 
1.60e+13   17      0 4.37e-13 1.00e+00 
1.68e+13   18      0 3.61e-13 1.00e+00 
1.76e+13   19      0 6.52e-13 1.00e+00 
1.85e+13   20      0 5.05e-13 1.00e+00 
1.94e+13   21      0 2.72e-13 1.00e+00 
2.04e+13   22      0 2.54e-13 1.00e+00 
2.14e+13   23      0 4.60e-13 1.00e+00 
2.25e+13   24      0 2.86e-13 1.00e+00 
2.36e+13   25      0 5.40e-13 1.00e+00 
2.48e+13   26      0 4.88e-13 1.00e+00 
2.60e+13   27      0 3.22e-13 1.00e+00 
2.73e+13   28      0 4.97e-13 1.00e+00 
2.86e+13   29      0 3.92e-13 1.00e+00 
3.01e+13   30      0 4.16e-13 1.00e+00 
3.16e+13   31      0 7.75e-13 1.00e+00 
3.31e+13   32      0 6.90e-13 1.00e+00 
3.48e+13   33      0 6.47e-13 1.00e+00 
3.65e+13   34      0 5.32e-13 1.00e+00 
3.83e+13   35      0 8.76e-13 1.00e+00 
4.02e+13   36      0 1.13e-12 1.00e+00 
4.22e+13   37      0 9.64e-13 1.00e+00 
4.43e+13   38      0 1.14e-12 1.00e+00 
4.65e+13   39      0 1.01e-12 1.00e+00 
4.88e+13   40      0 1.12e-12 1.00e+00 
5.13e+13   41      0 1.37e-12 1.00e+00 
5.38e+13   42      0 1.64e-12 1.00e+00 
5.65e+13   43      0 1.53e-12 1.00e+00 
5.93e+13   44      0 1.34e-12 1.00e+00 
6.23e+13   45      0 2.07e-12 1.00e+00 
6.54e+13   46      0 1.75e-12 1.00e+00 
6.86e+13   47      0 2.28e-12 1.00e+00 
7.20e+13   48      0 1.61e-12 1.00e+00 
7.56e+13   49      0 2.55e-12 1.00e+00 
7.94e+13   50      0 1.68e-12 1.00e+00 
8.33e+13   51      0 2.50e-12 1.00e+00 
8.75e+13   52      0 1.85e-12 1.00e+00 
9.18e+13   53      0 1.85e-12 1.00e+00 
9.64e+13   54      0 2.48e-12 1.00e+00 
1.01e+14   55      0 2.85e-12 1.00e+00 
1.06e+14   56      0 3.05e-12 1.00e+00 
1.11e+14   57      0 2.98e-12 1.00e+00 
1.17e+14   58      0 2.30e-12 1.00e+00 
1.23e+14   59      0 2.87e-12 1.00e+00 
1.29e+14   60      0 3.63e-12 1.00e+00 
1.35e+14   61      0 3.21e-12 1.00e+00 
1.42e+14   62      0 3.65e-12 1.00e+00 
1.49e+14   63      0 3.04e-12 1.00e+00 
1.57e+14   64      0 2.70e-12 1.00e+00 
1.64e+14   65      0 2.88e-12 1.00e+00 
1.73e+14   66      0 3.28e-12 1.00e+00 
1.81e+14   67      0 3.13e-12 1.00e+00 
1.90e+14   68      0 4.26e-12 1.00e+00 
2.00e+14   69      0 3.13e-12 1.00e+00 
2.10e+14   70      0 3.96e-12 1.00e+00 
2.20e+14   71      0 4.11e-12 1.00e+00 
2.31e+14   72      0 4.75e-12 1.00e+00 
2.42e+14   73      0 4.12e-12 1.00e+00 
2.55e+14   74      0 4.11e-12 1.00e+00 
2.67e+14   75      0 3.53e-12 1.00e+00 
2.80e+14   76      0 3.31e-12 1.00e+00 
2.94e+14   77      0 3.99e-12 1.00e+00 
3.09e+14   78      0 5.03e-12 1.00e+00 
3.24e+14   79      0 4.82e-12 1.00e+00 
3.41e+14   80      0 5.30e-12 1.00e+00 
3.58e+14   81      0 5.66e-12 1.00e+00 
3.75e+14   82      0 5.39e-12 1.00e+00 
3.94e+14   83      0 6.10e-12 1.00e+00 
4.14e+14   84      0 6.53e-12 1.00e+00 
4.34e+14   85      0 7.59e-12 1.00e+00 
4.56e+14   86      0 7.03e-12 1.00e+00 
4.78e+14   87      0 7.72e-12 1.00e+00 
5.02e+14   88      0 7.92e-12 1.00e+00 
5.27e+14   89      0 9.95e-12 1.00e+00 
5.53e+14   90      0 9.98e-12 1.00e+00 
5.81e+14   91      0 1.24e-11 1.00e+00 
6.10e+14   92      0 1.15e-11 1.00e+00 
6.40e+14   93      0 1.42e-11 1.00e+00 
6.72e+14   94     -1 0.00e+00 0.00e+00 
7.06e+14   95     -1 0.00e+00 0.00e+00 
