       r    i inwind      i01      i02      i03 
7.00e+12    0     -1 0.00e+00 0.00e+00 0.00e+00 
7.35e+12    1      0 1.00e-20 2.76e-02 8.10e+09 
7.72e+12    2      0 1.00e-20 2.61e-02 7.42e+09 
8.10e+12    3      0 1.00e-20 2.12e-02 6.81e+09 
8.51e+12    4      0 1.00e-20 1.37e-02 6.27e+09 
8.93e+12    5      0 1.00e-20 2.23e-02 5.79e+09 
9.37e+12    6      0 1.00e-20 1.28e-02 5.39e+09 
9.84e+12    7      0 1.00e-20 8.95e-03 5.01e+09 
1.03e+13    8      0 1.00e-20 7.98e-03 4.67e+09 
1.08e+13    9      0 1.00e-20 8.74e-03 4.36e+09 
1.14e+13   10      0 1.00e-20 5.29e-03 4.10e+09 
1.19e+13   11      0 1.00e-20 7.90e-03 3.88e+09 
1.25e+13   12      0 1.00e-20 8.53e-03 3.67e+09 
1.32e+13   13      0 1.00e-20 5.77e-03 3.49e+09 
1.38e+13   14      0 1.00e-20 8.34e-03 3.31e+09 
1.45e+13   15      0 1.00e-20 4.53e-03 3.13e+09 
1.52e+13   16      0 1.00e-20 5.55e-03 2.95e+09 
1.60e+13   17      0 1.00e-20 4.61e-03 2.80e+09 
1.68e+13   18      0 1.00e-20 4.17e-03 2.65e+09 
1.76e+13   19      0 1.00e-20 5.27e-03 2.53e+09 
1.85e+13   20      0 1.00e-20 5.64e-03 2.40e+09 
1.94e+13   21      0 1.00e-20 4.15e-03 2.29e+09 
2.04e+13   22      0 1.00e-20 3.85e-03 2.19e+09 
2.14e+13   23      0 1.00e-20 3.32e-03 2.11e+09 
2.25e+13   24      0 1.00e-20 3.33e-03 2.04e+09 
2.36e+13   25      0 1.00e-20 4.68e-03 1.98e+09 
2.48e+13   26      0 1.00e-20 4.46e-03 1.94e+09 
2.60e+13   27      0 1.00e-20 4.29e-03 1.90e+09 
2.73e+13   28      0 1.00e-20 4.03e-03 1.88e+09 
2.86e+13   29      0 1.00e-20 4.24e-03 1.88e+09 
3.01e+13   30      0 1.00e-20 3.90e-03 1.91e+09 
3.16e+13   31      0 1.00e-20 6.24e-03 1.94e+09 
3.31e+13   32      0 1.00e-20 5.17e-03 1.95e+09 
3.48e+13   33      0 1.00e-20 5.77e-03 1.99e+09 
3.65e+13   34      0 1.00e-20 7.58e-03 2.08e+09 
3.83e+13   35      0 1.00e-20 9.02e-03 2.19e+09 
4.02e+13   36      0 1.00e-20 8.50e-03 2.23e+09 
4.22e+13   37      0 1.00e-20 1.29e-02 2.30e+09 
4.43e+13   38      0 1.00e-20 1.36e-02 2.41e+09 
4.65e+13   39      0 1.00e-20 1.44e-02 2.54e+09 
4.88e+13   40      0 1.00e-20 1.65e-02 2.59e+09 
5.13e+13   41      0 1.00e-20 1.77e-02 2.67e+09 
5.38e+13   42      0 1.00e-20 2.01e-02 2.73e+09 
5.65e+13   43      0 1.00e-20 2.69e-02 2.80e+09 
5.93e+13   44      0 1.00e-20 3.00e-02 2.84e+09 
6.23e+13   45      0 1.00e-20 3.13e-02 2.89e+09 
6.54e+13   46      0 1.00e-20 2.63e-02 2.90e+09 
6.86e+13   47      0 1.00e-20 3.26e-02 2.90e+09 
7.20e+13   48      0 1.00e-20 3.68e-02 2.88e+09 
7.56e+13   49      0 1.00e-20 4.09e-02 2.88e+09 
7.94e+13   50      0 1.00e-20 4.73e-02 2.86e+09 
8.33e+13   51      0 1.00e-20 4.23e-02 2.83e+09 
8.75e+13   52      0 1.00e-20 4.75e-02 2.80e+09 
9.18e+13   53      0 1.00e-20 5.65e-02 2.75e+09 
9.64e+13   54      0 1.00e-20 5.49e-02 2.71e+09 
1.01e+14   55      0 1.00e-20 6.23e-02 2.66e+09 
1.06e+14   56      0 1.00e-20 6.27e-02 2.63e+09 
1.11e+14   57      0 1.00e-20 7.30e-02 2.59e+09 
1.17e+14   58      0 1.00e-20 7.34e-02 2.55e+09 
1.23e+14   59      0 1.00e-20 7.68e-02 2.52e+09 
1.29e+14   60      0 1.00e-20 8.53e-02 2.49e+09 
1.35e+14   61      0 1.00e-20 9.98e-02 2.45e+09 
1.42e+14   62      0 1.00e-20 9.14e-02 2.40e+09 
1.49e+14   63      0 1.00e-20 1.05e-01 2.34e+09 
1.57e+14   64      0 1.00e-20 1.14e-01 2.27e+09 
1.64e+14   65      0 1.00e-20 1.21e-01 2.20e+09 
1.73e+14   66      0 1.00e-20 1.22e-01 2.12e+09 
1.81e+14   67      0 1.00e-20 1.31e-01 2.04e+09 
1.90e+14   68      0 1.00e-20 1.34e-01 1.95e+09 
2.00e+14   69      0 1.00e-20 1.47e-01 1.86e+09 
2.10e+14   70      0 1.00e-20 1.55e-01 1.76e+09 
2.20e+14   71      0 1.00e-20 1.60e-01 1.68e+09 
2.31e+14   72      0 1.00e-20 1.57e-01 1.59e+09 
2.42e+14   73      0 1.00e-20 1.71e-01 1.50e+09 
2.55e+14   74      0 1.00e-20 1.76e-01 1.41e+09 
2.67e+14   75      0 1.00e-20 1.75e-01 1.32e+09 
2.80e+14   76      0 1.00e-20 1.87e-01 1.24e+09 
2.94e+14   77      0 1.00e-20 1.89e-01 1.17e+09 
3.09e+14   78      0 1.00e-20 1.93e-01 1.10e+09 
3.24e+14   79      0 1.00e-20 2.01e-01 1.03e+09 
3.41e+14   80      0 1.00e-20 2.12e-01 9.71e+08 
3.58e+14   81      0 1.00e-20 2.24e-01 9.12e+08 
3.75e+14   82      0 1.00e-20 2.25e-01 8.53e+08 
3.94e+14   83      0 1.00e-20 2.34e-01 7.98e+08 
4.14e+14   84      0 1.00e-20 2.46e-01 7.47e+08 
4.34e+14   85      0 1.00e-20 2.53e-01 6.98e+08 
4.56e+14   86      0 1.00e-20 2.62e-01 6.49e+08 
4.78e+14   87      0 1.00e-20 2.71e-01 6.04e+08 
5.02e+14   88      0 1.00e-20 2.85e-01 5.64e+08 
5.27e+14   89      0 1.00e-20 2.96e-01 5.25e+08 
5.53e+14   90      0 1.00e-20 3.17e-01 4.87e+08 
5.81e+14   91      0 1.00e-20 3.39e-01 4.52e+08 
6.10e+14   92      0 1.00e-20 3.66e-01 4.18e+08 
6.40e+14   93      0 5.45e-12 4.15e-01 3.83e+08 
6.72e+14   94     -1 0.00e+00 0.00e+00 0.00e+00 
7.06e+14   95     -1 0.00e+00 0.00e+00 0.00e+00 
