        r    i inwind converge       v_x       v_y       v_z       vol       rho        ne       t_e       t_r         w  ave_freq     j_bar   lum_tot  heat_tot heat_comp heat_lines   heat_ff heat_photo heat_auger  cool_tot cool_comp lum_lines   cool_dr    lum_ff   cool_rr cool_adiab heat_shock heat_lines_macro heat_photo_macro 
7.004e+12    0     -1        0  2.65e+08  0.00e+00  0.00e+00  0.00e+00  0.00e+00  0.00e+00  0.00e+00  0.00e+00  0.00e+00  0.00e+00  0.00e+00  0.00e+00  0.00e+00  0.00e+00  0.00e+00  0.00e+00  0.00e+00  0.00e+00  0.00e+00  0.00e+00  0.00e+00  0.00e+00  0.00e+00  0.00e+00  0.00e+00  0.00e+00  0.00e+00  0.00e+00 
7.353e+12    1      0        0  7.50e+08  0.00e+00  0.00e+00  2.61e+38  1.94e-13  9.96e+10  9.42e+05  9.66e+05  4.52e-01  7.71e+16  7.10e+18  7.76e+36  9.81e+41  9.61e+41  1.81e+30  2.98e+36  9.31e+35  0.00e+00  9.81e+41  9.81e+41  2.54e+30  0.00e+00  6.05e+36  1.71e+36  1.07e+37  0.00e+00  1.81e+30  9.31e+35 
7.719e+12    2      0        0  1.26e+09  0.00e+00  0.00e+00  3.02e+38  1.78e-13  9.13e+10  9.22e+05  9.49e+05  3.95e-01  7.58e+16  5.79e+18  7.50e+36  8.31e+41  8.17e+41  5.92e+29  2.56e+36  9.12e+35  0.00e+00  8.31e+41  8.31e+41  2.42e+30  0.00e+00  5.83e+36  1.67e+36  1.08e+37  0.00e+00  5.91e+29  9.12e+35 
8.103e+12    3      0        0  1.73e+09  0.00e+00  0.00e+00  3.50e+38  1.63e-13  8.38e+10  9.04e+05  9.33e+05  3.57e-01  7.45e+16  4.88e+18  7.27e+36  7.30e+41  7.18e+41  7.11e+29  2.29e+36  8.73e+35  0.00e+00  7.30e+41  7.30e+41  2.28e+30  0.00e+00  5.63e+36  1.64e+36  1.16e+37  0.00e+00  7.11e+29  8.73e+35 
8.506e+12    4      0        0  2.21e+09  0.00e+00  0.00e+00  4.06e+38  1.51e-13  7.72e+10  8.87e+05  9.17e+05  3.25e-01  7.32e+16  4.16e+18  7.10e+36  6.51e+41  6.41e+41  2.97e+29  2.07e+36  8.42e+35  0.00e+00  6.51e+41  6.51e+41  7.49e+29  0.00e+00  5.48e+36  1.62e+36  1.23e+37  0.00e+00  2.97e+29  8.42e+35 
8.929e+12    5      0        0  2.68e+09  0.00e+00  0.00e+00  4.70e+38  1.39e-13  7.13e+10  8.70e+05  9.02e+05  2.99e-01  7.20e+16  3.57e+18  6.97e+36  5.87e+41  5.79e+41  3.16e+29  1.92e+36  8.56e+35  0.00e+00  5.87e+41  5.87e+41  2.21e+30  0.00e+00  5.36e+36  1.61e+36  1.22e+37  0.00e+00  3.16e+29  8.56e+35 
9.373e+12    6      0        0  3.10e+09  0.00e+00  0.00e+00  5.44e+38  1.29e-13  6.63e+10  8.53e+05  8.87e+05  2.76e-01  7.08e+16  3.08e+18  6.94e+36  5.35e+41  5.28e+41  8.90e+29  1.82e+36  8.07e+35  0.00e+00  5.35e+41  5.35e+41  1.09e+30  0.00e+00  5.32e+36  1.62e+36  1.33e+37  0.00e+00  8.90e+29  8.07e+35 
9.839e+12    7      0        0  3.54e+09  0.00e+00  0.00e+00  6.31e+38  1.20e-13  6.17e+10  8.36e+05  8.71e+05  2.57e-01  6.96e+16  2.67e+18  6.93e+36  4.90e+41  4.84e+41  1.81e+30  1.74e+36  8.14e+35  0.00e+00  4.90e+41  4.90e+41  1.55e+30  0.00e+00  5.29e+36  1.64e+36  1.45e+37  0.00e+00  1.80e+30  8.14e+35 
1.033e+13    8      0        0  3.99e+09  0.00e+00  0.00e+00  7.31e+38  1.12e-13  5.74e+10  8.19e+05  8.56e+05  2.39e-01  6.83e+16  2.32e+18  6.92e+36  4.49e+41  4.44e+41  6.06e+29  1.67e+36  8.23e+35  0.00e+00  4.49e+41  4.49e+41  1.13e+30  0.00e+00  5.26e+36  1.66e+36  1.56e+37  0.00e+00  6.06e+29  8.23e+35 
1.084e+13    9      0        0  4.46e+09  0.00e+00  0.00e+00  8.48e+38  1.05e-13  5.36e+10  8.02e+05  8.40e+05  2.24e-01  6.71e+16  2.01e+18  6.95e+36  4.14e+41  4.10e+41  8.25e+29  1.61e+36  8.52e+35  0.00e+00  4.14e+41  4.14e+41  1.01e+30  0.00e+00  5.27e+36  1.69e+36  1.61e+37  0.00e+00  8.25e+29  8.52e+35 
1.138e+13   10      0        0  4.90e+09  0.00e+00  0.00e+00  9.83e+38  9.85e-14  5.05e+10  7.85e+05  8.25e+05  2.10e-01  6.59e+16  1.76e+18  7.10e+36  3.86e+41  3.83e+41  3.53e+29  1.58e+36  8.62e+35  0.00e+00  3.86e+41  3.86e+41  6.18e+29  0.00e+00  5.36e+36  1.75e+36  1.65e+37  0.00e+00  3.52e+29  8.62e+35 
1.195e+13   11      0        0  5.31e+09  0.00e+00  0.00e+00  1.14e+39  9.30e-14  4.77e+10  7.70e+05  8.11e+05  1.97e-01  6.48e+16  1.54e+18  7.31e+36  3.63e+41  3.59e+41  1.44e+30  1.58e+36  1.32e+36  0.00e+00  3.63e+41  3.63e+41  1.16e+30  0.00e+00  5.49e+36  1.82e+36  1.75e+37  0.00e+00  1.44e+30  8.81e+35 
1.254e+13   12      0        0  5.70e+09  0.00e+00  0.00e+00  1.32e+39  8.80e-14  4.51e+10  7.53e+05  7.96e+05  1.85e-01  6.36e+16  1.34e+18  7.54e+36  3.41e+41  3.38e+41  1.32e+30  1.58e+36  1.37e+36  0.00e+00  3.41e+41  3.41e+41  1.55e+30  0.00e+00  5.64e+36  1.90e+36  1.94e+37  0.00e+00  1.32e+30  9.10e+35 
1.317e+13   13      0        0  6.13e+09  0.00e+00  0.00e+00  1.53e+39  8.36e-14  4.29e+10  7.37e+05  7.82e+05  1.75e-01  6.24e+16  1.18e+18  7.85e+36  3.22e+41  3.19e+41  3.82e+29  1.59e+36  1.44e+36  0.00e+00  3.22e+41  3.22e+41  2.14e+30  0.00e+00  5.85e+36  2.00e+36  2.04e+37  0.00e+00  3.82e+29  9.72e+35 
1.382e+13   14      0        0  6.55e+09  0.00e+00  0.00e+00  1.78e+39  7.94e-14  4.07e+10  7.21e+05  7.67e+05  1.65e-01  6.13e+16  1.03e+18  8.15e+36  3.04e+41  3.01e+41  6.18e+29  1.61e+36  1.47e+36  0.00e+00  3.04e+41  3.04e+41  1.83e+30  0.00e+00  6.04e+36  2.10e+36  2.13e+37  0.00e+00  6.18e+29  9.91e+35 
1.451e+13   15      0        0  6.94e+09  0.00e+00  0.00e+00  2.07e+39  7.51e-14  3.85e+10  7.05e+05  7.53e+05  1.56e-01  6.01e+16  9.05e+17  8.41e+36  2.86e+41  2.84e+41  1.28e+30  1.76e+36  1.53e+36  0.00e+00  2.86e+41  2.86e+41  6.45e+29  0.00e+00  6.21e+36  2.20e+36  2.27e+37  0.00e+00  1.28e+30  1.03e+36 
1.523e+13   16      0        0  7.33e+09  0.00e+00  0.00e+00  2.40e+39  7.09e-14  3.63e+10  6.88e+05  7.38e+05  1.48e-01  5.89e+16  7.92e+17  8.63e+36  2.68e+41  2.66e+41  6.57e+29  1.73e+36  1.56e+36  0.00e+00  2.68e+41  2.68e+41  1.14e+30  0.00e+00  6.35e+36  2.29e+36  2.59e+37  0.00e+00  6.56e+29  1.06e+36 
1.599e+13   17      0        0  7.81e+09  0.00e+00  0.00e+00  2.79e+39  6.71e-14  3.44e+10  6.71e+05  7.23e+05  1.41e-01  5.77e+16  6.93e+17  8.92e+36  2.52e+41  2.50e+41  8.85e+29  1.71e+36  1.67e+36  0.00e+00  2.52e+41  2.51e+41  1.34e+30  0.00e+00  6.52e+36  2.40e+36  2.66e+37  0.00e+00  8.84e+29  1.15e+36 
1.678e+13   18      0        0  8.25e+09  0.00e+00  0.00e+00  3.24e+39  6.37e-14  3.26e+10  6.54e+05  7.08e+05  1.34e-01  5.65e+16  6.09e+17  9.27e+36  2.37e+41  2.36e+41  1.39e+30  1.83e+36  1.75e+36  0.00e+00  2.37e+41  2.37e+41  1.18e+30  0.00e+00  6.74e+36  2.53e+36  2.81e+37  0.00e+00  1.39e+30  1.21e+36 
1.762e+13   19      0        0  8.68e+09  0.00e+00  0.00e+00  3.76e+39  6.06e-14  3.11e+10  6.37e+05  6.93e+05  1.29e-01  5.53e+16  5.34e+17  9.68e+36  2.24e+41  2.23e+41  1.02e+30  1.92e+36  1.82e+36  0.00e+00  2.24e+41  2.24e+41  2.29e+30  0.00e+00  7.00e+36  2.68e+36  3.01e+37  0.00e+00  1.02e+30  1.26e+36 
1.850e+13   20      0        0  9.11e+09  0.00e+00  0.00e+00  4.37e+39  5.76e-14  2.95e+10  6.19e+05  6.77e+05  1.24e-01  5.41e+16  4.69e+17  1.01e+37  2.12e+41  2.10e+41  1.28e+30  1.99e+36  1.88e+36  0.00e+00  2.12e+41  2.11e+41  2.03e+30  0.00e+00  7.26e+36  2.83e+36  3.34e+37  0.00e+00  1.28e+30  1.30e+36 
1.942e+13   21      0        0  9.61e+09  0.00e+00  0.00e+00  5.09e+39  5.49e-14  2.82e+10  6.02e+05  6.61e+05  1.19e-01  5.28e+16  4.11e+17  1.06e+37  2.00e+41  1.99e+41  1.18e+30  2.05e+36  1.95e+36  0.00e+00  2.00e+41  2.00e+41  1.21e+30  0.00e+00  7.58e+36  3.02e+36  3.45e+37  0.00e+00  1.17e+30  1.35e+36 
2.038e+13   22      0        0  1.01e+10  0.00e+00  0.00e+00  5.92e+39  5.25e-14  2.69e+10  5.85e+05  6.47e+05  1.15e-01  5.16e+16  3.62e+17  1.12e+37  1.90e+41  1.89e+41  2.08e+30  2.28e+36  2.18e+36  0.00e+00  1.90e+41  1.90e+41  1.18e+30  0.00e+00  7.95e+36  3.23e+36  3.61e+37  0.00e+00  2.08e+30  1.54e+36 
2.140e+13   23      0        0  1.05e+10  0.00e+00  0.00e+00  6.89e+39  5.07e-14  2.60e+10  5.68e+05  6.31e+05  1.11e-01  5.04e+16  3.19e+17  1.20e+37  1.83e+41  1.82e+41  1.35e+30  2.41e+36  2.29e+36  0.00e+00  1.83e+41  1.83e+41  2.00e+30  0.00e+00  8.49e+36  3.52e+36  3.94e+37  0.00e+00  1.35e+30  1.61e+36 
2.246e+13   24      0        0  1.09e+10  0.00e+00  0.00e+00  8.02e+39  4.90e-14  2.51e+10  5.50e+05  6.16e+05  1.08e-01  4.92e+16  2.81e+17  1.29e+37  1.75e+41  1.74e+41  9.40e+29  2.65e+36  2.52e+36  0.00e+00  1.75e+41  1.75e+41  1.50e+30  0.00e+00  9.08e+36  3.86e+36  4.33e+37  0.00e+00  9.38e+29  1.80e+36 
2.358e+13   25      0        0  1.14e+10  0.00e+00  0.00e+00  9.34e+39  4.76e-14  2.44e+10  5.32e+05  6.00e+05  1.06e-01  4.79e+16  2.47e+17  1.41e+37  1.69e+41  1.68e+41  1.66e+30  3.03e+36  2.81e+36  0.00e+00  1.69e+41  1.69e+41  3.40e+30  0.00e+00  9.81e+36  4.27e+36  4.64e+37  0.00e+00  1.66e+30  2.01e+36 
2.475e+13   26      0        0  1.19e+10  0.00e+00  0.00e+00  1.09e+40  4.64e-14  2.38e+10  5.15e+05  5.85e+05  1.03e-01  4.67e+16  2.18e+17  1.55e+37  1.64e+41  1.64e+41  2.32e+30  3.33e+36  3.11e+36  0.00e+00  1.64e+41  1.64e+41  3.53e+30  0.00e+00  1.07e+37  4.77e+36  4.92e+37  0.00e+00  2.32e+30  2.19e+36 
2.598e+13   27      0        0  1.23e+10  0.00e+00  0.00e+00  1.27e+40  4.55e-14  2.33e+10  4.98e+05  5.70e+05  1.02e-01  4.55e+16  1.94e+17  1.71e+37  1.61e+41  1.60e+41  2.18e+30  3.75e+36  3.53e+36  0.00e+00  1.61e+41  1.61e+41  2.63e+30  0.00e+00  1.18e+37  5.36e+36  5.27e+37  0.00e+00  2.18e+30  2.51e+36 
2.728e+13   28      0        0  1.27e+10  0.00e+00  0.00e+00  1.48e+40  4.50e-14  2.31e+10  4.82e+05  5.55e+05  1.00e-01  4.43e+16  1.72e+17  1.94e+37  1.59e+41  1.58e+41  3.21e+30  4.26e+36  4.01e+36  0.00e+00  1.59e+41  1.59e+41  4.30e+30  0.00e+00  1.32e+37  6.16e+36  5.90e+37  0.00e+00  3.20e+30  2.85e+36 
2.863e+13   29      0        0  1.32e+10  0.00e+00  0.00e+00  1.72e+40  4.51e-14  2.31e+10  4.65e+05  5.40e+05  9.94e-02  4.31e+16  1.52e+17  2.25e+37  1.59e+41  1.58e+41  2.51e+30  5.19e+36  4.72e+36  0.00e+00  1.59e+41  1.59e+41  4.28e+30  0.00e+00  1.52e+37  7.28e+36  6.59e+37  0.00e+00  2.51e+30  3.35e+36 
3.006e+13   30      0        0  1.36e+10  0.00e+00  0.00e+00  2.01e+40  4.57e-14  2.34e+10  4.48e+05  5.25e+05  9.89e-02  4.19e+16  1.35e+17  2.66e+37  1.61e+41  1.60e+41  2.11e+30  6.28e+36  5.76e+36  0.00e+00  1.61e+41  1.61e+41  4.87e+30  0.00e+00  1.79e+37  8.77e+36  7.43e+37  0.00e+00  2.10e+30  4.10e+36 
3.155e+13   31      0        0  1.41e+10  0.00e+00  0.00e+00  2.35e+40  4.66e-14  2.39e+10  4.31e+05  5.10e+05  9.87e-02  4.07e+16  1.21e+17  3.20e+37  1.65e+41  1.64e+41  4.76e+30  7.62e+36  6.95e+36  0.00e+00  1.65e+41  1.65e+41  1.29e+31  0.00e+00  2.13e+37  1.07e+37  8.16e+37  0.00e+00  4.75e+30  4.95e+36 
3.312e+13   32      0        0  1.45e+10  0.00e+00  0.00e+00  2.74e+40  4.67e-14  2.40e+10  4.16e+05  4.96e+05  9.85e-02  3.96e+16  1.08e+17  3.71e+37  1.66e+41  1.65e+41  4.58e+30  9.01e+36  8.51e+36  0.00e+00  1.66e+41  1.66e+41  1.18e+31  0.00e+00  2.45e+37  1.26e+37  9.06e+37  0.00e+00  4.56e+30  6.10e+36 
3.477e+13   33      0        0  1.50e+10  0.00e+00  0.00e+00  3.20e+40  4.77e-14  2.45e+10  4.00e+05  4.82e+05  9.90e-02  3.85e+16  9.65e+16  4.47e+37  1.71e+41  1.70e+41  8.57e+30  1.13e+37  1.02e+37  0.00e+00  1.71e+41  1.70e+41  1.45e+31  0.00e+00  2.92e+37  1.54e+37  1.01e+38  0.00e+00  8.55e+30  7.27e+36 
3.650e+13   34      0        0  1.54e+10  0.00e+00  0.00e+00  3.74e+40  4.98e-14  2.55e+10  3.85e+05  4.68e+05  9.96e-02  3.74e+16  8.66e+16  5.62e+37  1.80e+41  1.79e+41  1.79e+31  1.51e+37  1.31e+37  0.00e+00  1.80e+41  1.80e+41  1.74e+31  0.00e+00  3.65e+37  1.98e+37  1.17e+38  0.00e+00  1.79e+31  9.36e+36 
3.832e+13   35      0        0  1.58e+10  0.00e+00  0.00e+00  4.36e+40  5.25e-14  2.69e+10  3.71e+05  4.56e+05  1.00e-01  3.64e+16  7.79e+16  7.24e+37  1.92e+41  1.91e+41  2.24e+31  2.03e+37  1.64e+37  0.00e+00  1.92e+41  1.92e+41  3.48e+31  0.00e+00  4.65e+37  2.58e+37  1.32e+38  0.00e+00  2.23e+31  1.23e+37 
4.022e+13   36      0        0  1.61e+10  0.00e+00  0.00e+00  5.10e+40  5.34e-14  2.74e+10  3.58e+05  4.43e+05  1.01e-01  3.54e+16  7.02e+16  8.65e+37  1.98e+41  1.97e+41  2.40e+31  2.52e+37  2.01e+37  0.00e+00  1.98e+41  1.98e+41  5.21e+31  0.00e+00  5.52e+37  3.14e+37  1.49e+38  0.00e+00  2.39e+31  1.52e+37 
4.222e+13   37      0        0  1.65e+10  0.00e+00  0.00e+00  5.95e+40  5.51e-14  2.82e+10  3.45e+05  4.31e+05  1.02e-01  3.44e+16  6.33e+16  1.06e+38  2.07e+41  2.06e+41  4.34e+31  3.19e+37  2.55e+37  0.00e+00  2.07e+41  2.07e+41  6.48e+31  0.00e+00  6.71e+37  3.90e+37  1.63e+38  0.00e+00  4.33e+31  1.91e+37 
4.432e+13   38      0        0  1.68e+10  0.00e+00  0.00e+00  6.93e+40  5.79e-14  2.97e+10  3.34e+05  4.20e+05  1.02e-01  3.36e+16  5.72e+16  1.35e+38  2.22e+41  2.20e+41  7.55e+31  4.12e+37  3.42e+37  0.00e+00  2.22e+41  2.21e+41  9.45e+31  0.00e+00  8.49e+37  5.05e+37  1.87e+38  0.00e+00  7.53e+31  2.53e+37 
4.653e+13   39      0        0  1.71e+10  0.00e+00  0.00e+00  8.08e+40  6.09e-14  3.12e+10  3.23e+05  4.09e+05  1.02e-01  3.27e+16  5.18e+16  1.73e+38  2.38e+41  2.36e+41  5.13e+31  5.44e+37  4.43e+37  0.00e+00  2.38e+41  2.38e+41  1.03e+32  0.00e+00  1.08e+38  6.53e+37  2.14e+38  0.00e+00  5.09e+31  3.34e+37 
4.884e+13   40      0        0  1.73e+10  0.00e+00  0.00e+00  9.42e+40  6.22e-14  3.19e+10  3.12e+05  3.98e+05  1.03e-01  3.18e+16  4.68e+16  2.08e+38  2.48e+41  2.46e+41  9.10e+31  6.63e+37  5.59e+37  0.00e+00  2.48e+41  2.47e+41  1.41e+32  0.00e+00  1.29e+38  7.97e+37  2.40e+38  0.00e+00  9.05e+31  4.04e+37 
5.127e+13   41      0        0  1.76e+10  0.00e+00  0.00e+00  1.10e+41  6.39e-14  3.28e+10  3.02e+05  3.89e+05  1.03e-01  3.10e+16  4.23e+16  2.54e+38  2.59e+41  2.57e+41  1.64e+32  8.25e+37  6.94e+37  0.00e+00  2.59e+41  2.59e+41  2.15e+32  0.00e+00  1.56e+38  9.84e+37  2.64e+38  0.00e+00  1.63e+32  5.12e+37 
5.382e+13   42      0        0  1.78e+10  0.00e+00  0.00e+00  1.28e+41  6.55e-14  3.36e+10  2.93e+05  3.79e+05  1.02e-01  3.03e+16  3.81e+16  3.07e+38  2.71e+41  2.68e+41  2.01e+32  1.00e+38  8.94e+37  0.00e+00  2.71e+41  2.70e+41  3.19e+32  0.00e+00  1.87e+38  1.20e+38  2.89e+38  0.00e+00  2.00e+32  6.14e+37 
5.650e+13   43      0        0  1.80e+10  0.00e+00  0.00e+00  1.48e+41  6.72e-14  3.45e+10  2.85e+05  3.70e+05  1.02e-01  2.95e+16  3.44e+16  3.74e+38  2.84e+41  2.80e+41  3.87e+32  1.28e+38  1.36e+39  0.00e+00  2.84e+41  2.83e+41  3.99e+32  0.00e+00  2.26e+38  1.48e+38  3.24e+38  0.00e+00  3.28e+32  7.69e+37 
5.931e+13   44      0        0  1.82e+10  0.00e+00  0.00e+00  1.73e+41  6.81e-14  3.49e+10  2.76e+05  3.61e+05  1.02e-01  2.88e+16  3.10e+16  4.33e+38  2.91e+41  2.89e+41  4.00e+32  1.52e+38  1.14e+38  0.00e+00  2.91e+41  2.90e+41  4.44e+32  0.00e+00  2.62e+38  1.71e+38  3.54e+38  0.00e+00  3.41e+32  9.22e+37 
6.226e+13   45      0        0  1.83e+10  0.00e+00  0.00e+00  2.01e+41  6.92e-14  3.55e+10  2.68e+05  3.52e+05  1.01e-01  2.81e+16  2.79e+16  5.16e+38  3.01e+41  2.99e+41  4.20e+32  1.87e+38  1.34e+38  0.00e+00  3.01e+41  3.00e+41  7.74e+32  0.00e+00  3.11e+38  2.06e+38  3.89e+38  0.00e+00  3.76e+32  1.12e+38 
6.536e+13   46      0        0  1.84e+10  0.00e+00  0.00e+00  2.33e+41  6.96e-14  3.57e+10  2.61e+05  3.44e+05  9.99e-02  2.74e+16  2.51e+16  6.01e+38  3.07e+41  3.05e+41  6.26e+32  2.30e+38  1.68e+38  0.00e+00  3.07e+41  3.06e+41  6.82e+32  0.00e+00  3.59e+38  2.42e+38  4.16e+38  0.00e+00  5.78e+32  1.36e+38 
6.861e+13   47      0        0  1.85e+10  0.00e+00  0.00e+00  2.70e+41  6.96e-14  3.57e+10  2.54e+05  3.35e+05  9.88e-02  2.68e+16  2.25e+16  6.91e+38  3.12e+41  3.09e+41  5.61e+32  2.66e+38  2.06e+38  0.00e+00  3.12e+41  3.11e+41  1.12e+33  0.00e+00  4.10e+38  2.81e+38  4.46e+38  0.00e+00  5.19e+32  1.55e+38 
7.203e+13   48      0        0  1.86e+10  0.00e+00  0.00e+00  3.13e+41  6.91e-14  3.54e+10  2.47e+05  3.27e+05  9.78e-02  2.61e+16  2.02e+16  7.85e+38  3.14e+41  3.11e+41  1.06e+33  3.02e+38  2.30e+38  0.00e+00  3.14e+41  3.13e+41  1.01e+33  0.00e+00  4.63e+38  3.22e+38  4.75e+38  0.00e+00  1.01e+33  1.81e+38 
7.561e+13   49      0        0  1.86e+10  0.00e+00  0.00e+00  3.63e+41  6.91e-14  3.54e+10  2.43e+05  3.19e+05  9.67e-02  2.55e+16  1.81e+16  9.04e+38  3.20e+41  3.14e+41  9.74e+32  3.54e+38  2.64e+39  0.00e+00  3.20e+41  3.19e+41  1.74e+33  0.00e+00  5.31e+38  3.73e+38  5.13e+38  0.00e+00  7.82e+32  2.11e+38 
7.937e+13   50      0        0  1.87e+10  0.00e+00  0.00e+00  4.20e+41  6.87e-14  3.52e+10  2.35e+05  3.12e+05  9.53e-02  2.49e+16  1.63e+16  1.02e+39  3.20e+41  3.16e+41  1.40e+33  4.06e+38  2.46e+38  0.00e+00  3.20e+41  3.18e+41  1.71e+33  0.00e+00  5.92e+38  4.24e+38  5.39e+38  0.00e+00  1.20e+33  2.46e+38 
8.332e+13   51      0        0  1.87e+10  0.00e+00  0.00e+00  4.85e+41  6.80e-14  3.48e+10  2.30e+05  3.05e+05  9.38e-02  2.43e+16  1.46e+16  1.14e+39  3.21e+41  3.17e+41  1.39e+33  4.62e+38  2.95e+38  0.00e+00  3.21e+41  3.19e+41  2.47e+33  0.00e+00  6.63e+38  4.82e+38  5.66e+38  0.00e+00  1.18e+33  2.95e+38 
8.746e+13   52      0        0  1.86e+10  0.00e+00  0.00e+00  5.61e+41  6.71e-14  3.43e+10  2.25e+05  2.98e+05  9.22e-02  2.38e+16  1.31e+16  1.28e+39  3.21e+41  3.17e+41  2.08e+33  5.16e+38  3.66e+38  0.00e+00  3.21e+41  3.19e+41  2.29e+33  0.00e+00  7.36e+38  5.43e+38  5.92e+38  0.00e+00  1.89e+33  3.22e+38 
9.181e+13   53      0        0  1.86e+10  0.00e+00  0.00e+00  6.47e+41  6.60e-14  3.38e+10  2.20e+05  2.91e+05  9.03e-02  2.33e+16  1.17e+16  1.42e+39  3.21e+41  3.17e+41  1.62e+33  5.83e+38  4.16e+38  0.00e+00  3.21e+41  3.19e+41  2.95e+33  0.00e+00  8.15e+38  6.07e+38  6.16e+38  0.00e+00  1.38e+33  3.65e+38 
9.638e+13   54      0        0  1.85e+10  0.00e+00  0.00e+00  7.46e+41  6.50e-14  3.33e+10  2.16e+05  2.85e+05  8.85e-02  2.27e+16  1.05e+16  1.58e+39  3.20e+41  3.16e+41  1.41e+33  6.51e+38  4.69e+38  0.00e+00  3.20e+41  3.18e+41  3.88e+33  0.00e+00  9.00e+38  6.79e+38  6.39e+38  0.00e+00  1.14e+33  4.12e+38 
1.012e+14   55      0        0  1.84e+10  0.00e+00  0.00e+00  8.59e+41  6.38e-14  3.27e+10  2.12e+05  2.79e+05  8.67e-02  2.22e+16  9.42e+15  1.75e+39  3.19e+41  3.15e+41  2.19e+33  7.24e+38  5.23e+38  0.00e+00  3.19e+41  3.17e+41  5.27e+33  0.00e+00  9.91e+38  7.56e+38  6.61e+38  0.00e+00  1.85e+33  4.60e+38 
1.062e+14   56      0        0  1.83e+10  0.00e+00  0.00e+00  9.90e+41  6.30e-14  3.23e+10  2.09e+05  2.73e+05  8.47e-02  2.18e+16  8.45e+15  1.95e+39  3.20e+41  3.16e+41  2.77e+33  8.19e+38  5.92e+38  0.00e+00  3.20e+41  3.18e+41  6.21e+33  0.00e+00  1.10e+39  8.50e+38  6.90e+38  0.00e+00  2.38e+33  5.20e+38 
1.115e+14   57      0        0  1.81e+10  0.00e+00  0.00e+00  1.14e+42  6.21e-14  3.18e+10  2.06e+05  2.67e+05  8.25e-02  2.13e+16  7.58e+15  2.17e+39  3.21e+41  3.17e+41  3.39e+33  9.02e+38  6.71e+38  0.00e+00  3.21e+41  3.18e+41  7.53e+33  0.00e+00  1.22e+39  9.51e+38  7.13e+38  0.00e+00  2.88e+33  5.89e+38 
1.170e+14   58      0        0  1.79e+10  0.00e+00  0.00e+00  1.31e+42  6.12e-14  3.14e+10  2.03e+05  2.62e+05  8.07e-02  2.09e+16  6.81e+15  2.44e+39  3.24e+41  3.18e+41  4.48e+33  1.00e+39  2.10e+39  0.00e+00  3.24e+41  3.21e+41  4.49e+33  0.00e+00  1.37e+39  1.07e+39  7.34e+38  0.00e+00  3.90e+33  6.68e+38 
1.229e+14   59      0        0  1.77e+10  0.00e+00  0.00e+00  1.50e+42  6.04e-14  3.10e+10  2.00e+05  2.57e+05  7.83e-02  2.05e+16  6.12e+15  2.70e+39  3.25e+41  3.20e+41  3.00e+33  1.13e+39  8.43e+38  0.00e+00  3.25e+41  3.21e+41  9.34e+33  0.00e+00  1.51e+39  1.19e+39  7.51e+38  0.00e+00  2.24e+33  7.38e+38 
1.290e+14   60      0        0  1.75e+10  0.00e+00  0.00e+00  1.73e+42  5.97e-14  3.06e+10  1.98e+05  2.52e+05  7.58e-02  2.01e+16  5.48e+15  3.01e+39  3.26e+41  3.21e+41  6.44e+33  1.26e+39  9.42e+38  0.00e+00  3.26e+41  3.22e+41  1.33e+34  0.00e+00  1.67e+39  1.33e+39  7.82e+38  0.00e+00  5.49e+33  8.24e+38 
1.354e+14   61      0        0  1.72e+10  0.00e+00  0.00e+00  1.98e+42  5.87e-14  3.01e+10  1.95e+05  2.46e+05  7.37e-02  1.97e+16  4.91e+15  3.33e+39  3.26e+41  3.21e+41  7.06e+33  1.37e+39  1.06e+39  0.00e+00  3.26e+41  3.22e+41  1.55e+34  0.00e+00  1.85e+39  1.48e+39  7.99e+38  0.00e+00  5.95e+33  9.26e+38 
1.421e+14   62      0        0  1.70e+10  0.00e+00  0.00e+00  2.28e+42  5.75e-14  2.95e+10  1.93e+05  2.42e+05  7.12e-02  1.93e+16  4.39e+15  3.66e+39  3.24e+41  3.19e+41  6.88e+33  1.48e+39  1.17e+39  0.00e+00  3.24e+41  3.20e+41  1.73e+34  0.00e+00  2.02e+39  1.64e+39  8.17e+38  0.00e+00  5.49e+33  1.02e+39 
1.492e+14   63      0        0  1.67e+10  0.00e+00  0.00e+00  2.61e+42  5.61e-14  2.87e+10  1.90e+05  2.37e+05  6.89e-02  1.89e+16  3.93e+15  3.98e+39  3.22e+41  3.16e+41  1.02e+34  1.60e+39  1.28e+39  0.00e+00  3.22e+41  3.17e+41  1.86e+34  0.00e+00  2.19e+39  1.79e+39  8.27e+38  0.00e+00  8.60e+33  1.12e+39 
1.566e+14   64      0        0  1.64e+10  0.00e+00  0.00e+00  3.00e+42  5.45e-14  2.79e+10  1.88e+05  2.33e+05  6.61e-02  1.86e+16  3.51e+15  4.33e+39  3.17e+41  3.11e+41  7.43e+33  1.71e+39  1.43e+39  0.00e+00  3.17e+41  3.12e+41  1.02e+34  0.00e+00  2.38e+39  1.95e+39  8.34e+38  0.00e+00  5.45e+33  1.22e+39 
1.644e+14   65      0        0  1.61e+10  0.00e+00  0.00e+00  3.44e+42  5.28e-14  2.70e+10  1.86e+05  2.29e+05  6.36e-02  1.82e+16  3.13e+15  4.61e+39  3.11e+41  3.05e+41  1.10e+34  1.79e+39  1.53e+39  0.00e+00  3.11e+41  3.06e+41  2.48e+34  0.00e+00  2.52e+39  2.08e+39  8.42e+38  0.00e+00  8.66e+33  1.33e+39 
1.726e+14   66      0        0  1.57e+10  0.00e+00  0.00e+00  3.95e+42  5.08e-14  2.60e+10  1.84e+05  2.24e+05  6.11e-02  1.79e+16  2.79e+15  4.89e+39  3.03e+41  2.97e+41  8.76e+33  1.86e+39  1.63e+39  0.00e+00  3.03e+41  2.97e+41  2.82e+34  0.00e+00  2.67e+39  2.22e+39  8.40e+38  0.00e+00  6.02e+33  1.41e+39 
1.812e+14   67      0        0  1.54e+10  0.00e+00  0.00e+00  4.54e+42  4.89e-14  2.50e+10  1.82e+05  2.20e+05  5.83e-02  1.76e+16  2.48e+15  5.18e+39  2.95e+41  2.89e+41  1.23e+34  1.93e+39  1.75e+39  0.00e+00  2.95e+41  2.89e+41  3.23e+34  0.00e+00  2.82e+39  2.36e+39  8.52e+38  0.00e+00  9.28e+33  1.52e+39 
1.902e+14   68      0        0  1.51e+10  0.00e+00  0.00e+00  5.21e+42  4.67e-14  2.39e+10  1.79e+05  2.16e+05  5.60e-02  1.73e+16  2.21e+15  5.42e+39  2.85e+41  2.78e+41  1.31e+34  1.96e+39  1.83e+39  0.00e+00  2.85e+41  2.78e+41  4.25e+34  0.00e+00  2.94e+39  2.48e+39  8.61e+38  0.00e+00  9.60e+33  1.58e+39 
1.997e+14   69      0        0  1.48e+10  0.00e+00  0.00e+00  5.99e+42  4.45e-14  2.28e+10  1.77e+05  2.13e+05  5.32e-02  1.70e+16  1.96e+15  5.63e+39  2.74e+41  2.68e+41  1.71e+34  1.95e+39  1.95e+39  0.00e+00  2.74e+41  2.67e+41  4.26e+34  0.00e+00  3.05e+39  2.58e+39  8.63e+38  0.00e+00  1.31e+34  1.69e+39 
2.096e+14   70      0        0  1.45e+10  0.00e+00  0.00e+00  6.89e+42  4.23e-14  2.17e+10  1.75e+05  2.09e+05  5.08e-02  1.67e+16  1.74e+15  5.83e+39  2.62e+41  2.56e+41  1.77e+34  1.99e+39  2.04e+39  0.00e+00  2.62e+41  2.56e+41  5.36e+34  0.00e+00  3.14e+39  2.69e+39  8.51e+38  0.00e+00  1.33e+34  1.77e+39 
2.200e+14   71      0        0  1.42e+10  0.00e+00  0.00e+00  7.92e+42  4.02e-14  2.06e+10  1.73e+05  2.05e+05  4.84e-02  1.63e+16  1.54e+15  6.02e+39  2.51e+41  2.45e+41  1.90e+34  1.98e+39  2.16e+39  0.00e+00  2.51e+41  2.44e+41  5.98e+34  0.00e+00  3.24e+39  2.79e+39  8.45e+38  0.00e+00  1.42e+34  1.87e+39 
2.310e+14   72      0        0  1.39e+10  0.00e+00  0.00e+00  9.11e+42  3.81e-14  1.95e+10  1.70e+05  2.01e+05  4.59e-02  1.61e+16  1.36e+15  6.19e+39  2.39e+41  2.33e+41  1.71e+34  1.98e+39  2.23e+39  0.00e+00  2.39e+41  2.32e+41  6.91e+34  0.00e+00  3.31e+39  2.87e+39  8.61e+38  0.00e+00  1.17e+34  1.93e+39 
2.425e+14   73      0        0  1.36e+10  0.00e+00  0.00e+00  1.05e+43  3.59e-14  1.84e+10  1.68e+05  1.98e+05  4.35e-02  1.58e+16  1.20e+15  6.32e+39  2.27e+41  2.21e+41  1.46e+34  1.95e+39  2.33e+39  0.00e+00  2.27e+41  2.19e+41  7.48e+34  0.00e+00  3.37e+39  2.95e+39  8.61e+38  0.00e+00  8.68e+33  2.02e+39 
2.545e+14   74      0        0  1.34e+10  0.00e+00  0.00e+00  1.21e+43  3.38e-14  1.73e+10  1.66e+05  1.94e+05  4.12e-02  1.55e+16  1.06e+15  6.40e+39  2.14e+41  2.08e+41  1.73e+34  1.89e+39  2.40e+39  0.00e+00  2.14e+41  2.07e+41  8.23e+34  0.00e+00  3.40e+39  3.00e+39  8.49e+38  0.00e+00  1.10e+34  2.08e+39 
2.672e+14   75      0        0  1.31e+10  0.00e+00  0.00e+00  1.39e+43  3.17e-14  1.62e+10  1.64e+05  1.91e+05  3.89e-02  1.53e+16  9.35e+14  6.49e+39  2.02e+41  1.97e+41  1.50e+34  1.84e+39  2.44e+39  0.00e+00  2.02e+41  1.95e+41  8.46e+34  0.00e+00  3.43e+39  3.05e+39  8.43e+38  0.00e+00  8.37e+33  2.12e+39 
2.805e+14   76      0        0  1.29e+10  0.00e+00  0.00e+00  1.60e+43  2.98e-14  1.53e+10  1.61e+05  1.88e+05  3.66e-02  1.50e+16  8.26e+14  6.56e+39  1.91e+41  1.85e+41  1.75e+34  1.77e+39  2.56e+39  0.00e+00  1.91e+41  1.84e+41  9.43e+34  0.00e+00  3.46e+39  3.10e+39  8.29e+38  0.00e+00  1.05e+34  2.23e+39 
2.944e+14   77      0        0  1.26e+10  0.00e+00  0.00e+00  1.84e+43  2.81e-14  1.44e+10  1.59e+05  1.85e+05  3.43e-02  1.48e+16  7.28e+14  6.68e+39  1.81e+41  1.75e+41  1.83e+34  1.71e+39  2.62e+39  0.00e+00  1.81e+41  1.73e+41  1.09e+35  0.00e+00  3.51e+39  3.17e+39  8.37e+38  0.00e+00  1.07e+34  2.27e+39 
3.091e+14   78      0        0  1.24e+10  0.00e+00  0.00e+00  2.12e+43  2.64e-14  1.35e+10  1.57e+05  1.82e+05  3.22e-02  1.46e+16  6.41e+14  6.77e+39  1.71e+41  1.65e+41  2.37e+34  1.66e+39  2.71e+39  0.00e+00  1.71e+41  1.63e+41  1.27e+35  0.00e+00  3.55e+39  3.23e+39  8.21e+38  0.00e+00  1.57e+34  2.36e+39 
3.244e+14   79      0        0  1.21e+10  0.00e+00  0.00e+00  2.45e+43  2.48e-14  1.27e+10  1.55e+05  1.80e+05  3.00e-02  1.43e+16  5.64e+14  6.87e+39  1.61e+41  1.56e+41  1.85e+34  1.59e+39  2.79e+39  0.00e+00  1.61e+41  1.53e+41  1.38e+35  0.00e+00  3.58e+39  3.29e+39  8.27e+38  0.00e+00  1.01e+34  2.43e+39 
3.406e+14   80      0        0  1.19e+10  0.00e+00  0.00e+00  2.82e+43  2.33e-14  1.19e+10  1.53e+05  1.77e+05  2.81e-02  1.41e+16  4.95e+14  6.97e+39  1.52e+41  1.46e+41  2.26e+34  1.50e+39  2.90e+39  0.00e+00  1.52e+41  1.44e+41  1.60e+35  0.00e+00  3.62e+39  3.35e+39  8.29e+38  0.00e+00  1.37e+34  2.53e+39 
3.575e+14   81      0        0  1.17e+10  0.00e+00  0.00e+00  3.25e+43  2.19e-14  1.12e+10  1.51e+05  1.74e+05  2.61e-02  1.39e+16  4.34e+14  7.05e+39  1.42e+41  1.37e+41  1.93e+34  1.44e+39  3.02e+39  0.00e+00  1.42e+41  1.34e+41  1.80e+35  0.00e+00  3.65e+39  3.40e+39  8.38e+38  0.00e+00  9.83e+33  2.64e+39 
3.753e+14   82      0        0  1.15e+10  0.00e+00  0.00e+00  3.75e+43  2.05e-14  1.05e+10  1.49e+05  1.72e+05  2.42e-02  1.37e+16  3.79e+14  7.09e+39  1.33e+41  1.28e+41  2.79e+34  1.36e+39  3.07e+39  0.00e+00  1.33e+41  1.25e+41  1.96e+35  0.00e+00  3.65e+39  3.43e+39  8.37e+38  0.00e+00  1.82e+34  2.68e+39 
3.940e+14   83      0        0  1.13e+10  0.00e+00  0.00e+00  4.33e+43  1.91e-14  9.80e+09  1.46e+05  1.69e+05  2.23e-02  1.35e+16  3.31e+14  7.12e+39  1.24e+41  1.19e+41  2.43e+34  1.29e+39  3.14e+39  0.00e+00  1.24e+41  1.16e+41  2.21e+35  0.00e+00  3.66e+39  3.47e+39  8.54e+38  0.00e+00  1.42e+34  2.74e+39 
4.136e+14   84      0        0  1.12e+10  0.00e+00  0.00e+00  5.00e+43  1.79e-14  9.17e+09  1.45e+05  1.67e+05  2.04e-02  1.34e+16  2.88e+14  7.18e+39  1.16e+41  1.11e+41  2.38e+34  1.20e+39  3.23e+39  0.00e+00  1.16e+41  1.08e+41  2.49e+35  0.00e+00  3.67e+39  3.50e+39  8.52e+38  0.00e+00  1.33e+34  2.83e+39 
4.342e+14   85      0        0  1.10e+10  0.00e+00  0.00e+00  5.77e+43  1.67e-14  8.57e+09  1.43e+05  1.65e+05  1.86e-02  1.32e+16  2.51e+14  7.20e+39  1.08e+41  1.03e+41  3.52e+34  1.11e+39  3.37e+39  0.00e+00  1.08e+41  9.98e+40  2.80e+35  0.00e+00  3.67e+39  3.53e+39  8.65e+38  0.00e+00  2.43e+34  2.96e+39 
4.558e+14   86      0        0  1.09e+10  0.00e+00  0.00e+00  6.66e+43  1.56e-14  7.97e+09  1.41e+05  1.63e+05  1.70e-02  1.30e+16  2.17e+14  7.16e+39  9.95e+40  9.48e+40  2.81e+34  1.00e+39  3.40e+39  0.00e+00  9.95e+40  9.14e+40  3.00e+35  0.00e+00  3.63e+39  3.53e+39  8.65e+38  0.00e+00  1.72e+34  2.98e+39 
4.784e+14   87      0        0  1.07e+10  0.00e+00  0.00e+00  7.70e+43  1.45e-14  7.42e+09  1.39e+05  1.61e+05  1.54e-02  1.29e+16  1.87e+14  7.14e+39  9.16e+40  8.69e+40  3.62e+34  9.23e+38  3.48e+39  0.00e+00  9.16e+40  8.35e+40  3.39e+35  0.00e+00  3.61e+39  3.53e+39  8.54e+38  0.00e+00  2.52e+34  3.07e+39 
5.022e+14   88      0        0  1.06e+10  0.00e+00  0.00e+00  8.89e+43  1.35e-14  6.92e+09  1.37e+05  1.60e+05  1.37e-02  1.27e+16  1.61e+14  7.15e+39  8.45e+40  7.98e+40  3.79e+34  8.44e+38  3.60e+39  0.00e+00  8.45e+40  7.63e+40  3.75e+35  0.00e+00  3.60e+39  3.55e+39  8.54e+38  0.00e+00  2.69e+34  3.18e+39 
5.272e+14   89      0        0  1.05e+10  0.00e+00  0.00e+00  1.03e+44  1.26e-14  6.45e+09  1.35e+05  1.58e+05  1.21e-02  1.26e+16  1.37e+14  7.15e+39  7.74e+40  7.28e+40  3.26e+34  7.50e+38  3.67e+39  0.00e+00  7.74e+40  6.93e+40  4.30e+35  0.00e+00  3.59e+39  3.56e+39  8.81e+38  0.00e+00  2.12e+34  3.23e+39 
5.535e+14   90      0        0  1.04e+10  0.00e+00  0.00e+00  1.19e+44  1.17e-14  5.98e+09  1.33e+05  1.57e+05  1.06e-02  1.25e+16  1.16e+14  7.08e+39  6.97e+40  6.51e+40  3.37e+34  6.62e+38  3.75e+39  0.00e+00  6.97e+40  6.16e+40  4.70e+35  0.00e+00  3.54e+39  3.54e+39  8.97e+38  0.00e+00  2.22e+34  3.31e+39 
5.810e+14   91      0        0  1.03e+10  0.00e+00  0.00e+00  1.37e+44  1.08e-14  5.55e+09  1.31e+05  1.55e+05  9.20e-03  1.24e+16  9.61e+13  7.01e+39  6.21e+40  5.76e+40  4.42e+34  5.62e+38  3.82e+39  0.00e+00  6.21e+40  5.41e+40  5.41e+35  0.00e+00  3.49e+39  3.52e+39  8.77e+38  0.00e+00  3.29e+34  3.39e+39 
6.099e+14   92      0        0  1.02e+10  0.00e+00  0.00e+00  1.58e+44  1.00e-14  5.13e+09  1.29e+05  1.54e+05  7.73e-03  1.23e+16  7.83e+13  6.88e+39  5.42e+40  4.98e+40  4.21e+34  4.72e+38  3.90e+39  0.00e+00  5.42e+40  4.63e+40  5.92e+35  0.00e+00  3.41e+39  3.47e+39  8.76e+38  0.00e+00  3.11e+34  3.46e+39 
6.402e+14   93      0        0  1.01e+10  0.00e+00  0.00e+00  1.83e+44  9.20e-15  4.71e+09  1.27e+05  1.53e+05  6.15e-03  1.22e+16  6.07e+13  6.66e+39  4.50e+40  4.07e+40  4.87e+34  3.76e+38  3.89e+39  0.00e+00  4.50e+40  3.73e+40  6.97e+35  0.00e+00  3.28e+39  3.38e+39  9.12e+38  0.00e+00  3.77e+34  3.46e+39 
6.721e+14   94     -1        0  1.01e+10  0.00e+00  0.00e+00  0.00e+00  0.00e+00  0.00e+00  0.00e+00  0.00e+00  0.00e+00  0.00e+00  0.00e+00  0.00e+00  0.00e+00  0.00e+00  0.00e+00  0.00e+00  0.00e+00  0.00e+00  0.00e+00  0.00e+00  0.00e+00  0.00e+00  0.00e+00  0.00e+00  0.00e+00  0.00e+00  0.00e+00  0.00e+00 
7.055e+14   95     -1        0  9.97e+09  0.00e+00  0.00e+00  0.00e+00  0.00e+00  0.00e+00  0.00e+00  0.00e+00  0.00e+00  0.00e+00  0.00e+00  0.00e+00  0.00e+00  0.00e+00  0.00e+00  0.00e+00  0.00e+00  0.00e+00  0.00e+00  0.00e+00  0.00e+00  0.00e+00  0.00e+00  0.00e+00  0.00e+00  0.00e+00  0.00e+00  0.00e+00 
